burgdiff.160
1.1
0
161
-12
-11.85
-11.7
-11.55
-11.4
-11.25
-11.1
-10.95
-10.8
-10.65
-10.5
-10.35
-10.2
-10.05
-9.9
-9.75
-9.6
-9.45
-9.3
-9.15
-9
-8.85
-8.7
-8.55
-8.4
-8.25
-8.1
-7.95
-7.8
-7.65
-7.5
-7.35
-7.2
-7.05
-6.9
-6.75
-6.6
-6.45
-6.3
-6.15
-6
-5.85
-5.7
-5.55
-5.4
-5.25
-5.1
-4.95
-4.8
-4.65
-4.5
-4.35
-4.2
-4.05
-3.9
-3.75
-3.6
-3.45
-3.3
-3.15
-3
-2.85
-2.7
-2.55
-2.4
-2.25
-2.1
-1.95
-1.8
-1.65
-1.5
-1.35
-1.2
-1.05
-0.9
-0.75
-0.6
-0.45
-0.3
-0.15
-4.44089209850063e-16
0.15
0.3
0.45
0.6
0.75
0.899999999999999
1.05
1.2
1.35
1.5
1.65
1.8
1.95
2.1
2.25
2.4
2.55
2.7
2.85
3
3.15
3.3
3.45
3.6
3.75
3.9
4.05
4.2
4.35
4.5
4.65
4.8
4.95
5.1
5.25
5.4
5.55
5.7
5.85
6
6.15
6.3
6.45
6.6
6.75
6.9
7.05
7.2
7.35
7.5
7.65
7.8
7.95
8.1
8.25
8.4
8.55
8.7
8.85
9
9.15
9.3
9.45
9.6
9.75
9.9
10.05
10.2
10.35
10.5
10.65
10.8
10.95
11.1
11.25
11.4
11.55
11.7
11.85
12
160
1	2
2	3
3	4
4	5
5	6
6	7
7	8
8	9
9	10
10	11
11	12
12	13
13	14
14	15
15	16
16	17
17	18
18	19
19	20
20	21
21	22
22	23
23	24
24	25
25	26
26	27
27	28
28	29
29	30
30	31
31	32
32	33
33	34
34	35
35	36
36	37
37	38
38	39
39	40
40	41
41	42
42	43
43	44
44	45
45	46
46	47
47	48
48	49
49	50
50	51
51	52
52	53
53	54
54	55
55	56
56	57
57	58
58	59
59	60
60	61
61	62
62	63
63	64
64	65
65	66
66	67
67	68
68	69
69	70
70	71
71	72
72	73
73	74
74	75
75	76
76	77
77	78
78	79
79	80
80	81
81	82
82	83
83	84
84	85
85	86
86	87
87	88
88	89
89	90
90	91
91	92
92	93
93	94
94	95
95	96
96	97
97	98
98	99
99	100
100	101
101	102
102	103
103	104
104	105
105	106
106	107
107	108
108	109
109	110
110	111
111	112
112	113
113	114
114	115
115	116
116	117
117	118
118	119
119	120
120	121
121	122
122	123
123	124
124	125
125	126
126	127
127	128
128	129
129	130
130	131
131	132
132	133
133	134
134	135
135	136
136	137
137	138
138	139
139	140
140	141
141	142
142	143
143	144
144	145
145	146
146	147
147	148
148	149
149	150
150	151
151	152
152	153
153	154
154	155
155	156
156	157
157	158
158	159
159	160
160	161
2
1	4
161	4
