1	2
40
-12	1.99997991392347
-10.8	1.99992509566445
-10.8	1.9999333116899
-9.6	1.99975131868789
-9.6	1.99977858494894
-8.4	1.99917445741682
-8.4	1.99926485348484
-7.2	1.99726029690539
-7.2	1.99755898137595
-6	1.99091701213538
-6	1.99189294595563
-4.8	1.96998747097054
-4.8	1.97305964972257
-3.6	1.90191176331302
-3.6	1.91044115245527
-2.4	1.69043480321486
-2.4	1.70546163316081
-1.2	1.11807093537304
-1.2	1.11192180965589
-4.44089209850063e-16	0.021888366881494
-4.44089209850063e-16	-0.0218883668814932
1.2	-1.11192180965589
1.2	-1.11807093537304
2.4	-1.70546163316081
2.4	-1.69043480321486
3.6	-1.91044115245527
3.6	-1.90191176331302
4.8	-1.97305964972257
4.8	-1.96998747097054
6	-1.99189294595563
6	-1.99091701213538
7.2	-1.99755898137595
7.2	-1.99726029690539
8.4	-1.99926485348484
8.4	-1.99917445741682
9.6	-1.99977858494894
9.6	-1.99975131868789
10.8	-1.9999333116899
10.8	-1.99992509566445
12	-1.99997991392347
-12	0
-10.8	0
-10.8	0
-9.6	0
-9.6	0
-8.4	0
-8.4	0
-7.2	0
-7.2	0
-6	0
-6	0
-4.8	0
-4.8	0
-3.6	0
-3.6	0
-2.4	0
-2.4	0
-1.2	0
-1.2	0
-4.44089209850063e-16	0
-4.44089209850063e-16	0
1.2	0
1.2	0
2.4	0
2.4	0
3.6	0
3.6	0
4.8	0
4.8	0
6	0
6	0
7.2	0
7.2	0
8.4	0
8.4	0
9.6	0
9.6	0
10.8	0
10.8	0
12	0
-12	1
-10.8	1
-10.8	1
-9.6	1
-9.6	1
-8.4	1
-8.4	1
-7.2	1
-7.2	1
-6	1
-6	1
-4.8	1
-4.8	1
-3.6	1
-3.6	1
-2.4	1
-2.4	1
-1.2	1
-1.2	1
-4.44089209850063e-16	1
-4.44089209850063e-16	1
1.2	1
1.2	1
2.4	1
2.4	1
3.6	1
3.6	1
4.8	1
4.8	1
6	1
6	1
7.2	1
7.2	1
8.4	1
8.4	1
9.6	1
9.6	1
10.8	1
10.8	1
12	1
