1	2
20
-12	2.00000396180461
-9.6	1.99979209022679
-9.6	2.00004346555287
-7.2	1.99770916082836
-7.2	2.00045423342085
-4.8	1.97486700397157
-4.8	2.00217271051557
-2.4	1.73669984134712
-2.4	1.83491193188708
-4.44089209850063e-16	0.137975509035269
-4.44089209850063e-16	-0.137975509035268
2.4	-1.83491193188708
2.4	-1.73669984134712
4.8	-2.00217271051557
4.8	-1.97486700397157
7.2	-2.00045423342085
7.2	-1.99770916082836
9.6	-2.00004346555287
9.6	-1.99979209022679
12	-2.00000396180461
-12	0
-9.6	0
-9.6	0
-7.2	0
-7.2	0
-4.8	0
-4.8	0
-2.4	0
-2.4	0
-4.44089209850063e-16	0
-4.44089209850063e-16	0
2.4	0
2.4	0
4.8	0
4.8	0
7.2	0
7.2	0
9.6	0
9.6	0
12	0
-12	1
-9.6	1
-9.6	1
-7.2	1
-7.2	1
-4.8	1
-4.8	1
-2.4	1
-2.4	1
-4.44089209850063e-16	1
-4.44089209850063e-16	1
2.4	1
2.4	1
4.8	1
4.8	1
7.2	1
7.2	1
9.6	1
9.6	1
12	1
