1	2
1280
-12	1.99999999873341
-11.9625	1.99999999867902
-11.9625	1.99999999867903
-11.925	1.99999999862209
-11.925	1.99999999862209
-11.8875	1.99999999856248
-11.8875	1.99999999856249
-11.85	1.99999999850005
-11.85	1.99999999850006
-11.8125	1.99999999843465
-11.8125	1.99999999843466
-11.775	1.99999999836612
-11.775	1.99999999836613
-11.7375	1.9999999982943
-11.7375	1.99999999829431
-11.7	1.999999998219
-11.7	1.99999999821901
-11.6625	1.99999999814003
-11.6625	1.99999999814004
-11.625	1.99999999805719
-11.625	1.99999999805721
-11.5875	1.99999999797028
-11.5875	1.99999999797029
-11.55	1.99999999787906
-11.55	1.99999999787907
-11.5125	1.99999999778328
-11.5125	1.9999999977833
-11.475	1.9999999976827
-11.475	1.99999999768272
-11.4375	1.99999999757704
-11.4375	1.99999999757706
-11.4	1.99999999746601
-11.4	1.99999999746603
-11.3625	1.9999999973493
-11.3625	1.99999999734932
-11.325	1.99999999722659
-11.325	1.99999999722661
-11.2875	1.99999999709751
-11.2875	1.99999999709753
-11.25	1.9999999969617
-11.25	1.99999999696172
-11.2125	1.99999999681877
-11.2125	1.99999999681879
-11.175	1.99999999666828
-11.175	1.99999999666831
-11.1375	1.99999999650979
-11.1375	1.99999999650982
-11.1	1.99999999634281
-11.1	1.99999999634284
-11.0625	1.99999999616684
-11.0625	1.99999999616687
-11.025	1.99999999598132
-11.025	1.99999999598135
-10.9875	1.99999999578567
-10.9875	1.99999999578571
-10.95	1.99999999557927
-10.95	1.99999999557931
-10.9125	1.99999999536144
-10.9125	1.99999999536148
-10.875	1.99999999513149
-10.875	1.99999999513153
-10.8375	1.99999999488864
-10.8375	1.99999999488869
-10.8	1.99999999463209
-10.8	1.99999999463214
-10.7625	1.99999999436096
-10.7625	1.99999999436102
-10.725	1.99999999407434
-10.725	1.99999999407439
-10.6875	1.99999999377122
-10.6875	1.99999999377128
-10.65	1.99999999345054
-10.65	1.9999999934506
-10.6125	1.99999999311117
-10.6125	1.99999999311124
-10.575	1.9999999927519
-10.575	1.99999999275197
-10.5375	1.99999999237141
-10.5375	1.99999999237149
-10.5	1.99999999196833
-10.5	1.99999999196842
-10.4625	1.99999999154115
-10.4625	1.99999999154124
-10.425	1.99999999108828
-10.425	1.99999999108838
-10.3875	1.99999999060801
-10.3875	1.99999999060812
-10.35	1.99999999009851
-10.35	1.99999999009862
-10.3125	1.9999999895578
-10.3125	1.99999998955792
-10.275	1.99999998898379
-10.275	1.99999998898392
-10.2375	1.99999998837422
-10.2375	1.99999998837436
-10.2	1.99999998772666
-10.2	1.99999998772681
-10.1625	1.99999998703852
-10.1625	1.99999998703868
-10.125	1.99999998630702
-10.125	1.99999998630719
-10.0875	1.99999998552917
-10.0875	1.99999998552935
-10.05	1.99999998470176
-10.05	1.99999998470196
-10.0125	1.99999998382137
-10.0125	1.99999998382158
-9.975	1.99999998288429
-9.975	1.99999998288452
-9.9375	1.99999998188657
-9.9375	1.99999998188681
-9.9	1.99999998082396
-9.9	1.99999998082422
-9.8625	1.99999997969189
-9.8625	1.99999997969217
-9.825	1.99999997848546
-9.825	1.99999997848576
-9.7875	1.9999999771994
-9.7875	1.99999997719973
-9.75	1.99999997582807
-9.75	1.99999997582842
-9.7125	1.9999999743654
-9.7125	1.99999997436577
-9.675	1.99999997280485
-9.675	1.99999997280525
-9.6375	1.99999997113941
-9.6375	1.99999997113985
-9.6	1.99999996936157
-9.6	1.99999996936203
-9.5625	1.99999996746321
-9.5625	1.99999996746371
-9.525	1.99999996543564
-9.525	1.99999996543618
-9.4875	1.99999996326952
-9.4875	1.9999999632701
-9.45	1.99999996095479
-9.45	1.99999996095541
-9.4125	1.99999995848063
-9.4125	1.9999999584813
-9.375	1.99999995583544
-9.375	1.99999995583616
-9.3375	1.99999995300672
-9.3375	1.99999995300749
-9.3	1.99999994998103
-9.3	1.99999994998187
-9.2625	1.99999994674393
-9.2625	1.99999994674483
-9.225	1.99999994327988
-9.225	1.99999994328084
-9.1875	1.99999993957216
-9.1875	1.9999999395732
-9.15	1.9999999356028
-9.15	1.99999993560391
-9.1125	1.99999993135244
-9.1125	1.99999993135364
-9.075	1.99999992680029
-9.075	1.99999992680158
-9.0375	1.99999992192395
-9.0375	1.99999992192534
-9	1.99999991669934
-9	1.99999991670084
-8.9625	1.99999991110054
-8.9625	1.99999991110215
-8.925	1.99999990509965
-8.925	1.99999990510138
-8.8875	1.99999989866665
-8.8875	1.99999989866851
-8.85	1.99999989176924
-8.85	1.99999989177125
-8.8125	1.99999988437265
-8.8125	1.99999988437481
-8.775	1.99999987643945
-8.775	1.99999987644177
-8.7375	1.99999986792935
-8.7375	1.99999986793185
-8.7	1.99999985879899
-8.7	1.99999985880168
-8.6625	1.99999984900169
-8.6625	1.99999984900459
-8.625	1.9999998384872
-8.625	1.99999983849031
-8.5875	1.99999982720139
-8.5875	1.99999982720475
-8.55	1.99999981508603
-8.55	1.99999981508964
-8.5125	1.99999980207839
-8.5125	1.99999980208228
-8.475	1.99999978811093
-8.475	1.99999978811512
-8.4375	1.99999977311094
-8.4375	1.99999977311546
-8.4	1.99999975700012
-8.4	1.99999975700498
-8.3625	1.99999973969414
-8.3625	1.99999973969938
-8.325	1.9999997211022
-8.325	1.99999972110784
-8.2875	1.9999997011265
-8.2875	1.99999970113257
-8.25	1.99999967966173
-8.25	1.99999967966827
-8.2125	1.99999965659447
-8.2125	1.99999965660151
-8.175	1.99999963180255
-8.175	1.99999963181013
-8.1375	1.99999960515439
-8.1375	1.99999960516256
-8.1	1.99999957650828
-8.1	1.99999957651708
-8.0625	1.99999954571157
-8.0625	1.99999954572105
-8.025	1.99999951259984
-8.025	1.99999951261005
-7.9875	1.99999947699597
-7.9875	1.99999947700697
-7.95	1.9999994387092
-7.95	1.99999943872104
-7.9125	1.99999939753399
-7.9125	1.99999939754675
-7.875	1.99999935324896
-7.875	1.99999935326271
-7.8375	1.99999930561562
-7.8375	1.99999930563043
-7.8	1.99999925437703
-7.8	1.99999925439299
-7.7625	1.9999991992564
-7.7625	1.99999919927359
-7.725	1.99999913995554
-7.725	1.99999913997406
-7.6875	1.99999907615318
-7.6875	1.99999907617313
-7.65	1.99999900750319
-7.65	1.99999900752469
-7.6125	1.99999893363268
-7.6125	1.99999893365585
-7.575	1.99999885413987
-7.575	1.99999885416483
-7.5375	1.99999876859187
-7.5375	1.99999876861877
-7.5	1.9999986765223
-7.5	1.99999867655127
-7.4625	1.9999985774286
-7.4625	1.99999857745983
-7.425	1.99999847076933
-7.425	1.99999847080297
-7.3875	1.99999835596106
-7.3875	1.99999835599731
-7.35	1.99999823237516
-7.35	1.99999823241422
-7.3125	1.99999809933425
-7.3125	1.99999809937634
-7.275	1.99999795610846
-7.275	1.99999795615381
-7.2375	1.9999978019113
-7.2375	1.99999780196017
-7.2	1.9999976358953
-7.2	1.99999763594796
-7.1625	1.99999745714725
-7.1625	1.99999745720399
-7.125	1.99999726468308
-7.125	1.99999726474423
-7.0875	1.99999705744238
-7.0875	1.99999705750828
-7.05	1.99999683428246
-7.05	1.99999683435347
-7.0125	1.99999659397193
-7.0125	1.99999659404845
-6.975	1.99999633518381
-6.975	1.99999633526627
-6.9375	1.99999605648813
-6.9375	1.99999605657699
-6.9	1.99999575634387
-6.9	1.99999575643964
-6.8625	1.99999543309039
-6.8625	1.9999954331936
-6.825	1.99999508493805
-6.825	1.99999508504927
-6.7875	1.99999470995824
-6.7875	1.9999947100781
-6.75	1.99999430607253
-6.75	1.9999943062017
-6.7125	1.99999387104106
-6.7125	1.99999387118027
-6.675	1.99999340244994
-6.675	1.99999340259997
-6.6375	1.99999289769774
-6.6375	1.99999289785942
-6.6	1.99999235398089
-6.6	1.99999235415514
-6.5625	1.99999176827796
-6.5625	1.99999176846575
-6.525	1.99999113733271
-6.525	1.9999911375351
-6.4875	1.99999045763582
-6.4875	1.99999045785394
-6.45	1.9999897254052
-6.45	1.99998972564027
-6.4125	1.99998893656476
-6.4125	1.99998893681811
-6.375	1.99998808672157
-6.375	1.99998808699461
-6.3375	1.99998717114116
-6.3375	1.99998717143543
-6.3	1.99998618472096
-6.3	1.99998618503811
-6.2625	1.99998512196167
-6.2625	1.99998512230349
-6.225	1.99998397693638
-6.225	1.99998397730478
-6.1875	1.99998274325729
-6.1875	1.99998274365433
-6.15	1.99998141403984
-6.15	1.99998141446776
-6.1125	1.99997998186406
-6.1125	1.99997998232527
-6.075	1.99997843873291
-6.075	1.99997843922999
-6.0375	1.99997677602735
-6.0375	1.9999767765631
-6	1.99997498445794
-6	1.99997498503536
-5.9625	1.99997305401267
-5.9625	1.99997305463501
-5.925	1.99997097390071
-5.925	1.99997097457146
-5.8875	1.9999687324918
-5.8875	1.99996873321473
-5.85	1.99996631725094
-5.85	1.99996631803011
-5.8125	1.99996371466792
-5.8125	1.99996371550771
-5.775	1.99996091018145
-5.775	1.99996091108658
-5.7375	1.99995788809738
-5.7375	1.99995788907293
-5.7	1.99995463150044
-5.7	1.9999546325519
-5.6625	1.99995112215929
-5.6625	1.99995112329256
-5.625	1.999947340424
-5.625	1.99994734164545
-5.5875	1.9999432651157
-5.5875	1.9999432664322
-5.55	1.99993887340754
-5.55	1.99993887482648
-5.5125	1.99993414069642
-5.5125	1.99993414222578
-5.475	1.99992904046473
-5.475	1.9999290421131
-5.4375	1.99992354413137
-5.4375	1.99992354590801
-5.4	1.99991762089109
-5.4	1.99991762280599
-5.3625	1.99991123754142
-5.3625	1.99991123960534
-5.325	1.99990435829605
-5.325	1.99990436052058
-5.2875	1.99989694458376
-5.2875	1.99989694698141
-5.25	1.99988895483164
-5.25	1.99988895741589
-5.2125	1.99988034423151
-5.2125	1.99988034701686
-5.175	1.99987106448806
-5.175	1.99987106749018
-5.1375	1.99986106354755
-5.1375	1.9998610667833
-5.1	1.99985028530523
-5.1	1.9998502887928
-5.0625	1.99983866929016
-5.0625	1.99983867304914
-5.025	1.99982615032538
-5.025	1.99982615437689
-4.9875	1.99981265816175
-4.9875	1.99981266252855
-4.95	1.99979811708325
-4.95	1.99979812178987
-4.9125	1.99978244548162
-4.9125	1.9997824505545
-4.875	1.99976555539791
-4.875	1.99976556086555
-4.8375	1.99974735202838
-4.8375	1.99974735792149
-4.8	1.99972773319206
-4.8	1.99972773954373
-4.7625	1.99970658875676
-4.7625	1.99970659560267
-4.725	1.99968380002072
-4.725	1.99968380739929
-4.6875	1.99965923904594
-4.6875	1.99965924699861
-4.65	1.99963276793997
-4.65	1.99963277651138
-4.6125	1.99960423808172
-4.6125	1.99960424731998
-4.575	1.99957348928728
-4.575	1.99957349924423
-4.5375	1.99954034891087
-4.5375	1.99954035964238
-4.5	1.99950463087611
-4.5	1.99950464244237
-4.4625	1.999466134632
-4.4625	1.9994661470979
-4.425	1.99942464402803
-4.425	1.99942465746347
-4.3875	1.99937992610193
-4.3875	1.99937994058222
-4.35	1.99933172977349
-4.35	1.9993317453798
-4.3125	1.99927978443715
-4.3125	1.99927980125691
-4.275	1.9992237984455
-4.275	1.99922381657294
-4.2375	1.9991634574754
-4.2375	1.99916347701203
-4.2	1.99909842276756
-4.2	1.99909844382273
-4.1625	1.99902832922992
-4.1625	1.99902835192145
-4.125	1.99895278339438
-4.125	1.99895280784919
-4.0875	1.99887136121555
-4.0875	1.99887138757037
-4.05	1.99878360569951
-4.05	1.9987836341016
-4.0125	1.99868902434945
-4.0125	1.99868905495744
-3.975	1.99858708641429
-3.975	1.99858711939904
-3.9375	1.99847721992522
-3.9375	1.99847725547073
-3.9	1.99835880850388
-3.9	1.99835884680832
-3.8625	1.99823118792502
-3.8625	1.99823122920178
-3.825	1.99809364241477
-3.825	1.99809368689362
-3.7875	1.99794540066462
-3.7875	1.99794544859295
-3.75	1.99778563153953
-3.75	1.9977856831837
-3.7125	1.9976134394572
-3.7125	1.99761349510391
-3.675	1.99742785941356
-3.675	1.99742791937142
-3.6375	1.99722785162812
-3.6375	1.99722791622929
-3.6	1.99701229578066
-3.6	1.99701236538257
-3.5625	1.99677998480869
-3.5625	1.99678005979593
-3.525	1.99652961823318
-3.525	1.99652969901952
-3.4875	1.99625979497756
-3.4875	1.9962598820081
-3.45	1.99596900564264
-3.45	1.99596909939606
-3.4125	1.99565562419745
-3.4125	1.9956557251885
-3.375	1.99531789904346
-3.375	1.99531800782557
-3.3375	1.99495394340662
-3.3375	1.99495406057466
-3.3	1.99456172500857
-3.3	1.99456185120184
-3.2625	1.9941390549655
-3.2625	1.99413919087086
-3.225	1.99368357585939
-3.225	1.99368372221463
-3.1875	1.99319274892331
-3.1875	1.9931929065207
-3.15	1.9926638402786
-3.15	1.99266400996863
-3.1125	1.99209390615792
-3.1125	1.99209408885332
-3.075	1.99147977704469
-3.075	1.99147997372464
-3.0375	1.99081804065502
-3.0375	1.99081825236954
-3	1.99010502368438
-3	1.99010525155902
-2.9625	1.98933677223731
-2.9625	1.98933701747804
-2.925	1.98850903085405
-2.925	1.98850929475237
-2.8875	1.98761722004409
-2.8875	1.98761750398239
-2.85	1.98665641223266
-2.85	1.9866567176897
-2.8125	1.98562130602208
-2.8125	1.98562163457879
-2.775	1.98450619866671
-2.775	1.98450655201205
-2.7375	1.98330495665647
-2.7375	1.98330533659349
-2.7	1.98201098430143
-2.7	1.98201139275343
-2.6625	1.98061719020755
-2.6625	1.9806176292243
-2.625	1.97911595153221
-2.625	1.97911642329615
-2.5875	1.97749907590747
-2.5875	1.97749958273983
-2.55	1.9757577609197
-2.55	1.97575830528655
-2.5125	1.97388255103629
-2.5125	1.97388313555424
-2.475	1.97186329187359
-2.475	1.9718639193151
-2.4375	1.96968908170613
-2.4375	1.96968975500438
-2.4	1.96734822012557
-2.4	1.96734894237854
-2.3625	1.9648281537685
-2.3625	1.96482892824215
-2.325	1.96211541904716
-2.325	1.96211624917748
-2.2875	1.95919558183529
-2.2875	1.95919647122892
-2.25	1.95605317408493
-2.25	1.956054126518
-2.2125	1.95267162737799
-2.2125	1.95267264679285
-2.175	1.94903320345171
-2.175	1.94903429395115
-2.1375	1.94511892177874
-2.1375	1.94512008761709
-2.1	1.94090848433258
-2.1	1.94090972990336
-2.0625	1.93638019772864
-2.0625	1.93638152754794
-2.025	1.93151089300052
-2.025	1.93151231168551
-1.9875	1.92627584335271
-1.9875	1.92627735559455
-1.95	1.92064868032516
-1.95	1.92065029085544
-1.9125	1.91460130891417
-1.9125	1.91460302246392
-1.875	1.90810382231834
-1.875	1.90810564356866
-1.8375	1.90112441712068
-1.8375	1.90112635064395
-1.8	1.89362930987828
-1.8	1.89363136006868
-1.7625	1.88558265627128
-1.7625	1.88558482726363
-1.725	1.87694647416449
-1.725	1.87694876974001
-1.6875	1.86768057215756
-1.6875	1.86768299563549
-1.65	1.85774248544495
-1.65	1.85774503955872
-1.6125	1.84708742107298
-1.6125	1.84709010782993
-1.575	1.83566821496894
-1.575	1.83567103549254
-1.5375	1.82343530342264
-1.5375	1.82343825777658
-1.5	1.81033671202233
-1.5	1.81033979901592
-1.4625	1.79631806537877
-1.4625	1.79632128235378
-1.425	1.7813226213076
-1.425	1.7813259639069
-1.3875	1.76529133347218
-1.3875	1.76529479539152
-1.35	1.74816294680605
-1.35	1.74816651953091
-1.3125	1.72987413032197
-1.3125	1.72987780285263
-1.275	1.71035965215749
-1.275	1.7103634107265
-1.2375	1.68955260188385
-1.2375	1.68955642967151
-1.2	1.66738466519413
-1.2	1.66738854204926
-1.1625	1.6437864560604
-1.1625	1.64379035823515
-1.125	1.61868791127938
-1.125	1.61869181118894
-1.0875	1.59201875197944
-1.0875	1.5920226179991
-1.05	1.56370901610565
-1.05	1.56371281241981
-1.0125	1.53368966509936
-1.0125	1.53369335161859
-0.975	1.50189326691264
-0.975	1.50189679927653
-0.9375	1.46825475611628
-0.9375	1.46825808580066
-0.9	1.43271227015024
-0.9	1.4327153446979
-0.8625	1.39520805871495
-0.8625	1.39521082210848
-0.825	1.35568946091014
-0.825	1.35569185410391
-0.7875	1.31410994201224
-0.7875	1.31411190363794
-0.75	1.27043017878073
-0.75	1.27043164603648
-0.7125	1.2246191789602
-0.7125	1.22462008868742
-0.675	1.17665541728907
-0.675	1.17665570723407
-0.6375	1.12652796695763
-0.6375	1.12652757720553
-0.6	1.07423760222469
-0.6	1.07423647678331
-0.5625	1.01979784497916
-0.5625	1.01979593347892
-0.525	0.963235925615266
-0.525	0.963233185079625
-0.4875	0.904593626886002
-0.4875	0.904590023515633
-0.45	0.843927978618066
-0.45	0.843923489521677
-0.4125	0.781311771507829
-0.4125	0.781306386304711
-0.375	0.716833859837062
-0.375	0.716827582051634
-0.3375	0.650599225965869
-0.3375	0.650592074133775
-0.3	0.582728783929377
-0.3	0.582720792338872
-0.2625	0.51335890535473
-0.2625	0.513350124356503
-0.225	0.442640658104137
-0.225	0.442631153937464
-0.1875	0.370738756320652
-0.1875	0.370728610423436
-0.15	0.297830229595128
-0.15	0.29781953738903
-0.1125	0.22410282839342
-0.1125	0.224091697561599
-0.0750000000000004	0.149753192229727
-0.0750000000000004	0.149741740531856
-0.0375000000000004	0.0749848158598789
-0.0375000000000004	0.0749731685552106
-4.44089209850063e-16	5.85651390703351e-06
-4.44089209850063e-16	-5.85651390525022e-06
0.0374999999999996	-0.0749731685552089
0.0374999999999996	-0.0749848158598773
0.0749999999999996	-0.149741740531854
0.0749999999999996	-0.149753192229725
0.1125	-0.224091697561599
0.1125	-0.22410282839342
0.15	-0.29781953738903
0.15	-0.297830229595128
0.1875	-0.370728610423436
0.1875	-0.370738756320652
0.225	-0.442631153937464
0.225	-0.442640658104137
0.2625	-0.513350124356503
0.2625	-0.51335890535473
0.3	-0.582720792338872
0.3	-0.582728783929377
0.3375	-0.650592074133775
0.3375	-0.650599225965869
0.375	-0.716827582051634
0.375	-0.716833859837062
0.4125	-0.781306386304711
0.4125	-0.781311771507829
0.45	-0.843923489521677
0.45	-0.843927978618066
0.4875	-0.904590023515633
0.4875	-0.904593626886002
0.525	-0.963233185079625
0.525	-0.963235925615266
0.5625	-1.01979593347892
0.5625	-1.01979784497916
0.6	-1.07423647678331
0.6	-1.07423760222469
0.6375	-1.12652757720553
0.6375	-1.12652796695763
0.674999999999999	-1.17665570723406
0.674999999999999	-1.17665541728907
0.7125	-1.22462008868742
0.7125	-1.2246191789602
0.75	-1.27043164603648
0.75	-1.27043017878073
0.7875	-1.31411190363794
0.7875	-1.31410994201224
0.825	-1.35569185410391
0.825	-1.35568946091014
0.862499999999999	-1.39521082210848
0.862499999999999	-1.39520805871495
0.899999999999999	-1.4327153446979
0.899999999999999	-1.43271227015024
0.9375	-1.46825808580066
0.9375	-1.46825475611628
0.975	-1.50189679927653
0.975	-1.50189326691264
1.0125	-1.53369335161859
1.0125	-1.53368966509936
1.05	-1.56371281241981
1.05	-1.56370901610565
1.0875	-1.5920226179991
1.0875	-1.59201875197944
1.125	-1.61869181118894
1.125	-1.61868791127938
1.1625	-1.64379035823515
1.1625	-1.6437864560604
1.2	-1.66738854204926
1.2	-1.66738466519413
1.2375	-1.68955642967151
1.2375	-1.68955260188385
1.275	-1.7103634107265
1.275	-1.71035965215749
1.3125	-1.72987780285263
1.3125	-1.72987413032197
1.35	-1.74816651953091
1.35	-1.74816294680605
1.3875	-1.76529479539152
1.3875	-1.76529133347218
1.425	-1.7813259639069
1.425	-1.7813226213076
1.4625	-1.79632128235378
1.4625	-1.79631806537877
1.5	-1.81033979901592
1.5	-1.81033671202233
1.5375	-1.82343825777658
1.5375	-1.82343530342264
1.575	-1.83567103549254
1.575	-1.83566821496894
1.6125	-1.84709010782993
1.6125	-1.84708742107298
1.65	-1.85774503955872
1.65	-1.85774248544495
1.6875	-1.86768299563549
1.6875	-1.86768057215756
1.725	-1.87694876974001
1.725	-1.87694647416449
1.7625	-1.88558482726363
1.7625	-1.88558265627128
1.8	-1.89363136006868
1.8	-1.89362930987828
1.8375	-1.90112635064395
1.8375	-1.90112441712068
1.875	-1.90810564356866
1.875	-1.90810382231834
1.9125	-1.91460302246392
1.9125	-1.91460130891417
1.95	-1.92065029085544
1.95	-1.92064868032516
1.9875	-1.92627735559455
1.9875	-1.92627584335271
2.025	-1.93151231168551
2.025	-1.93151089300052
2.0625	-1.93638152754794
2.0625	-1.93638019772864
2.1	-1.94090972990336
2.1	-1.94090848433258
2.1375	-1.94512008761709
2.1375	-1.94511892177874
2.175	-1.94903429395115
2.175	-1.94903320345171
2.2125	-1.95267264679285
2.2125	-1.95267162737799
2.25	-1.956054126518
2.25	-1.95605317408493
2.2875	-1.95919647122892
2.2875	-1.95919558183529
2.325	-1.96211624917748
2.325	-1.96211541904716
2.3625	-1.96482892824215
2.3625	-1.9648281537685
2.4	-1.96734894237854
2.4	-1.96734822012557
2.4375	-1.96968975500438
2.4375	-1.96968908170613
2.475	-1.9718639193151
2.475	-1.97186329187359
2.5125	-1.97388313555424
2.5125	-1.97388255103629
2.55	-1.97575830528655
2.55	-1.9757577609197
2.5875	-1.97749958273983
2.5875	-1.97749907590747
2.625	-1.97911642329615
2.625	-1.97911595153221
2.6625	-1.9806176292243
2.6625	-1.98061719020755
2.7	-1.98201139275343
2.7	-1.98201098430143
2.7375	-1.98330533659349
2.7375	-1.98330495665647
2.775	-1.98450655201205
2.775	-1.98450619866671
2.8125	-1.98562163457879
2.8125	-1.98562130602208
2.85	-1.9866567176897
2.85	-1.98665641223266
2.8875	-1.98761750398239
2.8875	-1.98761722004409
2.925	-1.98850929475237
2.925	-1.98850903085405
2.9625	-1.98933701747804
2.9625	-1.98933677223731
3	-1.99010525155902
3	-1.99010502368438
3.0375	-1.99081825236954
3.0375	-1.99081804065502
3.075	-1.99147997372464
3.075	-1.99147977704469
3.1125	-1.99209408885332
3.1125	-1.99209390615792
3.15	-1.99266400996863
3.15	-1.9926638402786
3.1875	-1.9931929065207
3.1875	-1.99319274892331
3.225	-1.99368372221463
3.225	-1.99368357585939
3.2625	-1.99413919087086
3.2625	-1.9941390549655
3.3	-1.99456185120184
3.3	-1.99456172500857
3.3375	-1.99495406057466
3.3375	-1.99495394340662
3.375	-1.99531800782557
3.375	-1.99531789904346
3.4125	-1.9956557251885
3.4125	-1.99565562419745
3.45	-1.99596909939606
3.45	-1.99596900564264
3.4875	-1.9962598820081
3.4875	-1.99625979497756
3.525	-1.99652969901952
3.525	-1.99652961823318
3.5625	-1.99678005979593
3.5625	-1.99677998480869
3.6	-1.99701236538257
3.6	-1.99701229578066
3.6375	-1.99722791622929
3.6375	-1.99722785162812
3.675	-1.99742791937142
3.675	-1.99742785941356
3.7125	-1.99761349510391
3.7125	-1.9976134394572
3.75	-1.9977856831837
3.75	-1.99778563153953
3.7875	-1.99794544859295
3.7875	-1.99794540066462
3.825	-1.99809368689362
3.825	-1.99809364241477
3.8625	-1.99823122920178
3.8625	-1.99823118792502
3.9	-1.99835884680832
3.9	-1.99835880850388
3.9375	-1.99847725547073
3.9375	-1.99847721992522
3.975	-1.99858711939904
3.975	-1.99858708641429
4.0125	-1.99868905495744
4.0125	-1.99868902434945
4.05	-1.9987836341016
4.05	-1.99878360569951
4.0875	-1.99887138757037
4.0875	-1.99887136121555
4.125	-1.99895280784919
4.125	-1.99895278339438
4.1625	-1.99902835192145
4.1625	-1.99902832922992
4.2	-1.99909844382273
4.2	-1.99909842276756
4.2375	-1.99916347701203
4.2375	-1.9991634574754
4.275	-1.99922381657294
4.275	-1.9992237984455
4.3125	-1.99927980125691
4.3125	-1.99927978443715
4.35	-1.9993317453798
4.35	-1.99933172977349
4.3875	-1.99937994058222
4.3875	-1.99937992610193
4.425	-1.99942465746347
4.425	-1.99942464402803
4.4625	-1.9994661470979
4.4625	-1.999466134632
4.5	-1.99950464244237
4.5	-1.99950463087611
4.5375	-1.99954035964238
4.5375	-1.99954034891087
4.575	-1.99957349924423
4.575	-1.99957348928728
4.6125	-1.99960424731998
4.6125	-1.99960423808172
4.65	-1.99963277651138
4.65	-1.99963276793997
4.6875	-1.99965924699861
4.6875	-1.99965923904594
4.725	-1.99968380739929
4.725	-1.99968380002072
4.7625	-1.99970659560267
4.7625	-1.99970658875676
4.8	-1.99972773954373
4.8	-1.99972773319206
4.8375	-1.99974735792149
4.8375	-1.99974735202838
4.875	-1.99976556086555
4.875	-1.99976555539791
4.9125	-1.9997824505545
4.9125	-1.99978244548162
4.95	-1.99979812178987
4.95	-1.99979811708325
4.9875	-1.99981266252855
4.9875	-1.99981265816175
5.025	-1.99982615437689
5.025	-1.99982615032538
5.0625	-1.99983867304914
5.0625	-1.99983866929016
5.1	-1.9998502887928
5.1	-1.99985028530523
5.1375	-1.9998610667833
5.1375	-1.99986106354755
5.175	-1.99987106749018
5.175	-1.99987106448806
5.2125	-1.99988034701686
5.2125	-1.99988034423151
5.25	-1.99988895741589
5.25	-1.99988895483164
5.2875	-1.99989694698141
5.2875	-1.99989694458376
5.325	-1.99990436052058
5.325	-1.99990435829605
5.3625	-1.99991123960534
5.3625	-1.99991123754142
5.4	-1.99991762280599
5.4	-1.99991762089109
5.4375	-1.99992354590801
5.4375	-1.99992354413137
5.475	-1.9999290421131
5.475	-1.99992904046473
5.5125	-1.99993414222578
5.5125	-1.99993414069642
5.55	-1.99993887482648
5.55	-1.99993887340754
5.5875	-1.9999432664322
5.5875	-1.9999432651157
5.625	-1.99994734164545
5.625	-1.999947340424
5.6625	-1.99995112329256
5.6625	-1.99995112215929
5.7	-1.9999546325519
5.7	-1.99995463150044
5.7375	-1.99995788907293
5.7375	-1.99995788809738
5.775	-1.99996091108658
5.775	-1.99996091018145
5.8125	-1.99996371550771
5.8125	-1.99996371466792
5.85	-1.99996631803011
5.85	-1.99996631725094
5.8875	-1.99996873321473
5.8875	-1.9999687324918
5.925	-1.99997097457146
5.925	-1.99997097390071
5.9625	-1.99997305463501
5.9625	-1.99997305401267
6	-1.99997498503536
6	-1.99997498445794
6.0375	-1.9999767765631
6.0375	-1.99997677602735
6.075	-1.99997843922999
6.075	-1.99997843873291
6.1125	-1.99997998232527
6.1125	-1.99997998186406
6.15	-1.99998141446776
6.15	-1.99998141403984
6.1875	-1.99998274365433
6.1875	-1.99998274325729
6.225	-1.99998397730478
6.225	-1.99998397693638
6.2625	-1.99998512230349
6.2625	-1.99998512196167
6.3	-1.99998618503811
6.3	-1.99998618472096
6.3375	-1.99998717143543
6.3375	-1.99998717114116
6.375	-1.99998808699461
6.375	-1.99998808672157
6.4125	-1.99998893681811
6.4125	-1.99998893656476
6.45	-1.99998972564027
6.45	-1.9999897254052
6.4875	-1.99999045785394
6.4875	-1.99999045763582
6.525	-1.9999911375351
6.525	-1.99999113733271
6.5625	-1.99999176846575
6.5625	-1.99999176827796
6.6	-1.99999235415514
6.6	-1.99999235398089
6.6375	-1.99999289785942
6.6375	-1.99999289769774
6.675	-1.99999340259997
6.675	-1.99999340244994
6.7125	-1.99999387118027
6.7125	-1.99999387104106
6.75	-1.9999943062017
6.75	-1.99999430607253
6.7875	-1.9999947100781
6.7875	-1.99999470995824
6.825	-1.99999508504927
6.825	-1.99999508493805
6.8625	-1.9999954331936
6.8625	-1.99999543309039
6.9	-1.99999575643964
6.9	-1.99999575634387
6.9375	-1.99999605657699
6.9375	-1.99999605648813
6.975	-1.99999633526627
6.975	-1.99999633518381
7.0125	-1.99999659404845
7.0125	-1.99999659397193
7.05	-1.99999683435347
7.05	-1.99999683428246
7.0875	-1.99999705750828
7.0875	-1.99999705744238
7.125	-1.99999726474423
7.125	-1.99999726468308
7.1625	-1.99999745720399
7.1625	-1.99999745714725
7.2	-1.99999763594796
7.2	-1.9999976358953
7.2375	-1.99999780196017
7.2375	-1.9999978019113
7.275	-1.99999795615381
7.275	-1.99999795610846
7.3125	-1.99999809937634
7.3125	-1.99999809933425
7.35	-1.99999823241422
7.35	-1.99999823237516
7.3875	-1.99999835599731
7.3875	-1.99999835596106
7.425	-1.99999847080297
7.425	-1.99999847076933
7.4625	-1.99999857745983
7.4625	-1.9999985774286
7.5	-1.99999867655127
7.5	-1.9999986765223
7.5375	-1.99999876861877
7.5375	-1.99999876859187
7.575	-1.99999885416483
7.575	-1.99999885413987
7.6125	-1.99999893365585
7.6125	-1.99999893363268
7.65	-1.99999900752469
7.65	-1.99999900750319
7.6875	-1.99999907617313
7.6875	-1.99999907615318
7.725	-1.99999913997406
7.725	-1.99999913995554
7.7625	-1.99999919927359
7.7625	-1.9999991992564
7.8	-1.99999925439299
7.8	-1.99999925437703
7.8375	-1.99999930563043
7.8375	-1.99999930561562
7.875	-1.99999935326271
7.875	-1.99999935324896
7.9125	-1.99999939754675
7.9125	-1.99999939753399
7.95	-1.99999943872104
7.95	-1.9999994387092
7.9875	-1.99999947700697
7.9875	-1.99999947699597
8.025	-1.99999951261005
8.025	-1.99999951259984
8.0625	-1.99999954572105
8.0625	-1.99999954571157
8.1	-1.99999957651708
8.1	-1.99999957650828
8.1375	-1.99999960516256
8.1375	-1.99999960515439
8.175	-1.99999963181013
8.175	-1.99999963180255
8.2125	-1.99999965660151
8.2125	-1.99999965659447
8.25	-1.99999967966827
8.25	-1.99999967966173
8.2875	-1.99999970113257
8.2875	-1.9999997011265
8.325	-1.99999972110784
8.325	-1.9999997211022
8.3625	-1.99999973969938
8.3625	-1.99999973969414
8.4	-1.99999975700498
8.4	-1.99999975700012
8.4375	-1.99999977311546
8.4375	-1.99999977311094
8.475	-1.99999978811512
8.475	-1.99999978811093
8.5125	-1.99999980208228
8.5125	-1.99999980207839
8.55	-1.99999981508964
8.55	-1.99999981508603
8.5875	-1.99999982720475
8.5875	-1.99999982720139
8.625	-1.99999983849031
8.625	-1.9999998384872
8.6625	-1.99999984900459
8.6625	-1.99999984900169
8.7	-1.99999985880168
8.7	-1.99999985879899
8.7375	-1.99999986793185
8.7375	-1.99999986792935
8.775	-1.99999987644177
8.775	-1.99999987643945
8.8125	-1.99999988437481
8.8125	-1.99999988437265
8.85	-1.99999989177125
8.85	-1.99999989176924
8.8875	-1.99999989866851
8.8875	-1.99999989866665
8.925	-1.99999990510138
8.925	-1.99999990509965
8.9625	-1.99999991110215
8.9625	-1.99999991110054
9	-1.99999991670084
9	-1.99999991669934
9.0375	-1.99999992192534
9.0375	-1.99999992192395
9.075	-1.99999992680158
9.075	-1.99999992680029
9.1125	-1.99999993135364
9.1125	-1.99999993135244
9.15	-1.99999993560391
9.15	-1.9999999356028
9.1875	-1.9999999395732
9.1875	-1.99999993957216
9.225	-1.99999994328084
9.225	-1.99999994327988
9.2625	-1.99999994674483
9.2625	-1.99999994674393
9.3	-1.99999994998187
9.3	-1.99999994998103
9.3375	-1.99999995300749
9.3375	-1.99999995300672
9.375	-1.99999995583616
9.375	-1.99999995583544
9.4125	-1.9999999584813
9.4125	-1.99999995848063
9.45	-1.99999996095541
9.45	-1.99999996095479
9.4875	-1.9999999632701
9.4875	-1.99999996326952
9.525	-1.99999996543618
9.525	-1.99999996543564
9.5625	-1.99999996746371
9.5625	-1.99999996746321
9.6	-1.99999996936203
9.6	-1.99999996936157
9.6375	-1.99999997113985
9.6375	-1.99999997113941
9.675	-1.99999997280525
9.675	-1.99999997280485
9.7125	-1.99999997436577
9.7125	-1.9999999743654
9.75	-1.99999997582842
9.75	-1.99999997582807
9.7875	-1.99999997719973
9.7875	-1.9999999771994
9.825	-1.99999997848576
9.825	-1.99999997848546
9.8625	-1.99999997969217
9.8625	-1.99999997969189
9.9	-1.99999998082422
9.9	-1.99999998082396
9.9375	-1.99999998188681
9.9375	-1.99999998188657
9.975	-1.99999998288452
9.975	-1.99999998288429
10.0125	-1.99999998382158
10.0125	-1.99999998382137
10.05	-1.99999998470196
10.05	-1.99999998470176
10.0875	-1.99999998552935
10.0875	-1.99999998552917
10.125	-1.99999998630719
10.125	-1.99999998630702
10.1625	-1.99999998703868
10.1625	-1.99999998703852
10.2	-1.99999998772681
10.2	-1.99999998772666
10.2375	-1.99999998837436
10.2375	-1.99999998837422
10.275	-1.99999998898392
10.275	-1.99999998898379
10.3125	-1.99999998955792
10.3125	-1.9999999895578
10.35	-1.99999999009862
10.35	-1.99999999009851
10.3875	-1.99999999060812
10.3875	-1.99999999060801
10.425	-1.99999999108838
10.425	-1.99999999108828
10.4625	-1.99999999154124
10.4625	-1.99999999154115
10.5	-1.99999999196842
10.5	-1.99999999196833
10.5375	-1.99999999237149
10.5375	-1.99999999237141
10.575	-1.99999999275197
10.575	-1.9999999927519
10.6125	-1.99999999311124
10.6125	-1.99999999311117
10.65	-1.9999999934506
10.65	-1.99999999345054
10.6875	-1.99999999377128
10.6875	-1.99999999377122
10.725	-1.99999999407439
10.725	-1.99999999407434
10.7625	-1.99999999436102
10.7625	-1.99999999436096
10.8	-1.99999999463214
10.8	-1.99999999463209
10.8375	-1.99999999488869
10.8375	-1.99999999488864
10.875	-1.99999999513153
10.875	-1.99999999513149
10.9125	-1.99999999536148
10.9125	-1.99999999536144
10.95	-1.99999999557931
10.95	-1.99999999557927
10.9875	-1.99999999578571
10.9875	-1.99999999578567
11.025	-1.99999999598135
11.025	-1.99999999598132
11.0625	-1.99999999616687
11.0625	-1.99999999616684
11.1	-1.99999999634284
11.1	-1.99999999634281
11.1375	-1.99999999650982
11.1375	-1.99999999650979
11.175	-1.99999999666831
11.175	-1.99999999666828
11.2125	-1.99999999681879
11.2125	-1.99999999681877
11.25	-1.99999999696172
11.25	-1.9999999969617
11.2875	-1.99999999709753
11.2875	-1.99999999709751
11.325	-1.99999999722661
11.325	-1.99999999722659
11.3625	-1.99999999734932
11.3625	-1.9999999973493
11.4	-1.99999999746603
11.4	-1.99999999746601
11.4375	-1.99999999757706
11.4375	-1.99999999757704
11.475	-1.99999999768272
11.475	-1.9999999976827
11.5125	-1.9999999977833
11.5125	-1.99999999778328
11.55	-1.99999999787907
11.55	-1.99999999787906
11.5875	-1.99999999797029
11.5875	-1.99999999797028
11.625	-1.99999999805721
11.625	-1.99999999805719
11.6625	-1.99999999814004
11.6625	-1.99999999814003
11.7	-1.99999999821901
11.7	-1.999999998219
11.7375	-1.99999999829431
11.7375	-1.9999999982943
11.775	-1.99999999836613
11.775	-1.99999999836612
11.8125	-1.99999999843466
11.8125	-1.99999999843465
11.85	-1.99999999850006
11.85	-1.99999999850005
11.8875	-1.99999999856249
11.8875	-1.99999999856248
11.925	-1.99999999862209
11.925	-1.99999999862209
11.9625	-1.99999999867903
11.9625	-1.99999999867902
12	-1.99999999873341
-12	0
-11.9625	0
-11.9625	0
-11.925	0
-11.925	0
-11.8875	0
-11.8875	0
-11.85	0
-11.85	0
-11.8125	0
-11.8125	0
-11.775	0
-11.775	0
-11.7375	0
-11.7375	0
-11.7	0
-11.7	0
-11.6625	0
-11.6625	0
-11.625	0
-11.625	0
-11.5875	0
-11.5875	0
-11.55	0
-11.55	0
-11.5125	0
-11.5125	0
-11.475	0
-11.475	0
-11.4375	0
-11.4375	0
-11.4	0
-11.4	0
-11.3625	0
-11.3625	0
-11.325	0
-11.325	0
-11.2875	0
-11.2875	0
-11.25	0
-11.25	0
-11.2125	0
-11.2125	0
-11.175	0
-11.175	0
-11.1375	0
-11.1375	0
-11.1	0
-11.1	0
-11.0625	0
-11.0625	0
-11.025	0
-11.025	0
-10.9875	0
-10.9875	0
-10.95	0
-10.95	0
-10.9125	0
-10.9125	0
-10.875	0
-10.875	0
-10.8375	0
-10.8375	0
-10.8	0
-10.8	0
-10.7625	0
-10.7625	0
-10.725	0
-10.725	0
-10.6875	0
-10.6875	0
-10.65	0
-10.65	0
-10.6125	0
-10.6125	0
-10.575	0
-10.575	0
-10.5375	0
-10.5375	0
-10.5	0
-10.5	0
-10.4625	0
-10.4625	0
-10.425	0
-10.425	0
-10.3875	0
-10.3875	0
-10.35	0
-10.35	0
-10.3125	0
-10.3125	0
-10.275	0
-10.275	0
-10.2375	0
-10.2375	0
-10.2	0
-10.2	0
-10.1625	0
-10.1625	0
-10.125	0
-10.125	0
-10.0875	0
-10.0875	0
-10.05	0
-10.05	0
-10.0125	0
-10.0125	0
-9.975	0
-9.975	0
-9.9375	0
-9.9375	0
-9.9	0
-9.9	0
-9.8625	0
-9.8625	0
-9.825	0
-9.825	0
-9.7875	0
-9.7875	0
-9.75	0
-9.75	0
-9.7125	0
-9.7125	0
-9.675	0
-9.675	0
-9.6375	0
-9.6375	0
-9.6	0
-9.6	0
-9.5625	0
-9.5625	0
-9.525	0
-9.525	0
-9.4875	0
-9.4875	0
-9.45	0
-9.45	0
-9.4125	0
-9.4125	0
-9.375	0
-9.375	0
-9.3375	0
-9.3375	0
-9.3	0
-9.3	0
-9.2625	0
-9.2625	0
-9.225	0
-9.225	0
-9.1875	0
-9.1875	0
-9.15	0
-9.15	0
-9.1125	0
-9.1125	0
-9.075	0
-9.075	0
-9.0375	0
-9.0375	0
-9	0
-9	0
-8.9625	0
-8.9625	0
-8.925	0
-8.925	0
-8.8875	0
-8.8875	0
-8.85	0
-8.85	0
-8.8125	0
-8.8125	0
-8.775	0
-8.775	0
-8.7375	0
-8.7375	0
-8.7	0
-8.7	0
-8.6625	0
-8.6625	0
-8.625	0
-8.625	0
-8.5875	0
-8.5875	0
-8.55	0
-8.55	0
-8.5125	0
-8.5125	0
-8.475	0
-8.475	0
-8.4375	0
-8.4375	0
-8.4	0
-8.4	0
-8.3625	0
-8.3625	0
-8.325	0
-8.325	0
-8.2875	0
-8.2875	0
-8.25	0
-8.25	0
-8.2125	0
-8.2125	0
-8.175	0
-8.175	0
-8.1375	0
-8.1375	0
-8.1	0
-8.1	0
-8.0625	0
-8.0625	0
-8.025	0
-8.025	0
-7.9875	0
-7.9875	0
-7.95	0
-7.95	0
-7.9125	0
-7.9125	0
-7.875	0
-7.875	0
-7.8375	0
-7.8375	0
-7.8	0
-7.8	0
-7.7625	0
-7.7625	0
-7.725	0
-7.725	0
-7.6875	0
-7.6875	0
-7.65	0
-7.65	0
-7.6125	0
-7.6125	0
-7.575	0
-7.575	0
-7.5375	0
-7.5375	0
-7.5	0
-7.5	0
-7.4625	0
-7.4625	0
-7.425	0
-7.425	0
-7.3875	0
-7.3875	0
-7.35	0
-7.35	0
-7.3125	0
-7.3125	0
-7.275	0
-7.275	0
-7.2375	0
-7.2375	0
-7.2	0
-7.2	0
-7.1625	0
-7.1625	0
-7.125	0
-7.125	0
-7.0875	0
-7.0875	0
-7.05	0
-7.05	0
-7.0125	0
-7.0125	0
-6.975	0
-6.975	0
-6.9375	0
-6.9375	0
-6.9	0
-6.9	0
-6.8625	0
-6.8625	0
-6.825	0
-6.825	0
-6.7875	0
-6.7875	0
-6.75	0
-6.75	0
-6.7125	0
-6.7125	0
-6.675	0
-6.675	0
-6.6375	0
-6.6375	0
-6.6	0
-6.6	0
-6.5625	0
-6.5625	0
-6.525	0
-6.525	0
-6.4875	0
-6.4875	0
-6.45	0
-6.45	0
-6.4125	0
-6.4125	0
-6.375	0
-6.375	0
-6.3375	0
-6.3375	0
-6.3	0
-6.3	0
-6.2625	0
-6.2625	0
-6.225	0
-6.225	0
-6.1875	0
-6.1875	0
-6.15	0
-6.15	0
-6.1125	0
-6.1125	0
-6.075	0
-6.075	0
-6.0375	0
-6.0375	0
-6	0
-6	0
-5.9625	0
-5.9625	0
-5.925	0
-5.925	0
-5.8875	0
-5.8875	0
-5.85	0
-5.85	0
-5.8125	0
-5.8125	0
-5.775	0
-5.775	0
-5.7375	0
-5.7375	0
-5.7	0
-5.7	0
-5.6625	0
-5.6625	0
-5.625	0
-5.625	0
-5.5875	0
-5.5875	0
-5.55	0
-5.55	0
-5.5125	0
-5.5125	0
-5.475	0
-5.475	0
-5.4375	0
-5.4375	0
-5.4	0
-5.4	0
-5.3625	0
-5.3625	0
-5.325	0
-5.325	0
-5.2875	0
-5.2875	0
-5.25	0
-5.25	0
-5.2125	0
-5.2125	0
-5.175	0
-5.175	0
-5.1375	0
-5.1375	0
-5.1	0
-5.1	0
-5.0625	0
-5.0625	0
-5.025	0
-5.025	0
-4.9875	0
-4.9875	0
-4.95	0
-4.95	0
-4.9125	0
-4.9125	0
-4.875	0
-4.875	0
-4.8375	0
-4.8375	0
-4.8	0
-4.8	0
-4.7625	0
-4.7625	0
-4.725	0
-4.725	0
-4.6875	0
-4.6875	0
-4.65	0
-4.65	0
-4.6125	0
-4.6125	0
-4.575	0
-4.575	0
-4.5375	0
-4.5375	0
-4.5	0
-4.5	0
-4.4625	0
-4.4625	0
-4.425	0
-4.425	0
-4.3875	0
-4.3875	0
-4.35	0
-4.35	0
-4.3125	0
-4.3125	0
-4.275	0
-4.275	0
-4.2375	0
-4.2375	0
-4.2	0
-4.2	0
-4.1625	0
-4.1625	0
-4.125	0
-4.125	0
-4.0875	0
-4.0875	0
-4.05	0
-4.05	0
-4.0125	0
-4.0125	0
-3.975	0
-3.975	0
-3.9375	0
-3.9375	0
-3.9	0
-3.9	0
-3.8625	0
-3.8625	0
-3.825	0
-3.825	0
-3.7875	0
-3.7875	0
-3.75	0
-3.75	0
-3.7125	0
-3.7125	0
-3.675	0
-3.675	0
-3.6375	0
-3.6375	0
-3.6	0
-3.6	0
-3.5625	0
-3.5625	0
-3.525	0
-3.525	0
-3.4875	0
-3.4875	0
-3.45	0
-3.45	0
-3.4125	0
-3.4125	0
-3.375	0
-3.375	0
-3.3375	0
-3.3375	0
-3.3	0
-3.3	0
-3.2625	0
-3.2625	0
-3.225	0
-3.225	0
-3.1875	0
-3.1875	0
-3.15	0
-3.15	0
-3.1125	0
-3.1125	0
-3.075	0
-3.075	0
-3.0375	0
-3.0375	0
-3	0
-3	0
-2.9625	0
-2.9625	0
-2.925	0
-2.925	0
-2.8875	0
-2.8875	0
-2.85	0
-2.85	0
-2.8125	0
-2.8125	0
-2.775	0
-2.775	0
-2.7375	0
-2.7375	0
-2.7	0
-2.7	0
-2.6625	0
-2.6625	0
-2.625	0
-2.625	0
-2.5875	0
-2.5875	0
-2.55	0
-2.55	0
-2.5125	0
-2.5125	0
-2.475	0
-2.475	0
-2.4375	0
-2.4375	0
-2.4	0
-2.4	0
-2.3625	0
-2.3625	0
-2.325	0
-2.325	0
-2.2875	0
-2.2875	0
-2.25	0
-2.25	0
-2.2125	0
-2.2125	0
-2.175	0
-2.175	0
-2.1375	0
-2.1375	0
-2.1	0
-2.1	0
-2.0625	0
-2.0625	0
-2.025	0
-2.025	0
-1.9875	0
-1.9875	0
-1.95	0
-1.95	0
-1.9125	0
-1.9125	0
-1.875	0
-1.875	0
-1.8375	0
-1.8375	0
-1.8	0
-1.8	0
-1.7625	0
-1.7625	0
-1.725	0
-1.725	0
-1.6875	0
-1.6875	0
-1.65	0
-1.65	0
-1.6125	0
-1.6125	0
-1.575	0
-1.575	0
-1.5375	0
-1.5375	0
-1.5	0
-1.5	0
-1.4625	0
-1.4625	0
-1.425	0
-1.425	0
-1.3875	0
-1.3875	0
-1.35	0
-1.35	0
-1.3125	0
-1.3125	0
-1.275	0
-1.275	0
-1.2375	0
-1.2375	0
-1.2	0
-1.2	0
-1.1625	0
-1.1625	0
-1.125	0
-1.125	0
-1.0875	0
-1.0875	0
-1.05	0
-1.05	0
-1.0125	0
-1.0125	0
-0.975	0
-0.975	0
-0.9375	0
-0.9375	0
-0.9	0
-0.9	0
-0.8625	0
-0.8625	0
-0.825	0
-0.825	0
-0.7875	0
-0.7875	0
-0.75	0
-0.75	0
-0.7125	0
-0.7125	0
-0.675	0
-0.675	0
-0.6375	0
-0.6375	0
-0.6	0
-0.6	0
-0.5625	0
-0.5625	0
-0.525	0
-0.525	0
-0.4875	0
-0.4875	0
-0.45	0
-0.45	0
-0.4125	0
-0.4125	0
-0.375	0
-0.375	0
-0.3375	0
-0.3375	0
-0.3	0
-0.3	0
-0.2625	0
-0.2625	0
-0.225	0
-0.225	0
-0.1875	0
-0.1875	0
-0.15	0
-0.15	0
-0.1125	0
-0.1125	0
-0.0750000000000004	0
-0.0750000000000004	0
-0.0375000000000004	0
-0.0375000000000004	0
-4.44089209850063e-16	0
-4.44089209850063e-16	0
0.0374999999999996	0
0.0374999999999996	0
0.0749999999999996	0
0.0749999999999996	0
0.1125	0
0.1125	0
0.15	0
0.15	0
0.1875	0
0.1875	0
0.225	0
0.225	0
0.2625	0
0.2625	0
0.3	0
0.3	0
0.3375	0
0.3375	0
0.375	0
0.375	0
0.4125	0
0.4125	0
0.45	0
0.45	0
0.4875	0
0.4875	0
0.525	0
0.525	0
0.5625	0
0.5625	0
0.6	0
0.6	0
0.6375	0
0.6375	0
0.674999999999999	0
0.674999999999999	0
0.7125	0
0.7125	0
0.75	0
0.75	0
0.7875	0
0.7875	0
0.825	0
0.825	0
0.862499999999999	0
0.862499999999999	0
0.899999999999999	0
0.899999999999999	0
0.9375	0
0.9375	0
0.975	0
0.975	0
1.0125	0
1.0125	0
1.05	0
1.05	0
1.0875	0
1.0875	0
1.125	0
1.125	0
1.1625	0
1.1625	0
1.2	0
1.2	0
1.2375	0
1.2375	0
1.275	0
1.275	0
1.3125	0
1.3125	0
1.35	0
1.35	0
1.3875	0
1.3875	0
1.425	0
1.425	0
1.4625	0
1.4625	0
1.5	0
1.5	0
1.5375	0
1.5375	0
1.575	0
1.575	0
1.6125	0
1.6125	0
1.65	0
1.65	0
1.6875	0
1.6875	0
1.725	0
1.725	0
1.7625	0
1.7625	0
1.8	0
1.8	0
1.8375	0
1.8375	0
1.875	0
1.875	0
1.9125	0
1.9125	0
1.95	0
1.95	0
1.9875	0
1.9875	0
2.025	0
2.025	0
2.0625	0
2.0625	0
2.1	0
2.1	0
2.1375	0
2.1375	0
2.175	0
2.175	0
2.2125	0
2.2125	0
2.25	0
2.25	0
2.2875	0
2.2875	0
2.325	0
2.325	0
2.3625	0
2.3625	0
2.4	0
2.4	0
2.4375	0
2.4375	0
2.475	0
2.475	0
2.5125	0
2.5125	0
2.55	0
2.55	0
2.5875	0
2.5875	0
2.625	0
2.625	0
2.6625	0
2.6625	0
2.7	0
2.7	0
2.7375	0
2.7375	0
2.775	0
2.775	0
2.8125	0
2.8125	0
2.85	0
2.85	0
2.8875	0
2.8875	0
2.925	0
2.925	0
2.9625	0
2.9625	0
3	0
3	0
3.0375	0
3.0375	0
3.075	0
3.075	0
3.1125	0
3.1125	0
3.15	0
3.15	0
3.1875	0
3.1875	0
3.225	0
3.225	0
3.2625	0
3.2625	0
3.3	0
3.3	0
3.3375	0
3.3375	0
3.375	0
3.375	0
3.4125	0
3.4125	0
3.45	0
3.45	0
3.4875	0
3.4875	0
3.525	0
3.525	0
3.5625	0
3.5625	0
3.6	0
3.6	0
3.6375	0
3.6375	0
3.675	0
3.675	0
3.7125	0
3.7125	0
3.75	0
3.75	0
3.7875	0
3.7875	0
3.825	0
3.825	0
3.8625	0
3.8625	0
3.9	0
3.9	0
3.9375	0
3.9375	0
3.975	0
3.975	0
4.0125	0
4.0125	0
4.05	0
4.05	0
4.0875	0
4.0875	0
4.125	0
4.125	0
4.1625	0
4.1625	0
4.2	0
4.2	0
4.2375	0
4.2375	0
4.275	0
4.275	0
4.3125	0
4.3125	0
4.35	0
4.35	0
4.3875	0
4.3875	0
4.425	0
4.425	0
4.4625	0
4.4625	0
4.5	0
4.5	0
4.5375	0
4.5375	0
4.575	0
4.575	0
4.6125	0
4.6125	0
4.65	0
4.65	0
4.6875	0
4.6875	0
4.725	0
4.725	0
4.7625	0
4.7625	0
4.8	0
4.8	0
4.8375	0
4.8375	0
4.875	0
4.875	0
4.9125	0
4.9125	0
4.95	0
4.95	0
4.9875	0
4.9875	0
5.025	0
5.025	0
5.0625	0
5.0625	0
5.1	0
5.1	0
5.1375	0
5.1375	0
5.175	0
5.175	0
5.2125	0
5.2125	0
5.25	0
5.25	0
5.2875	0
5.2875	0
5.325	0
5.325	0
5.3625	0
5.3625	0
5.4	0
5.4	0
5.4375	0
5.4375	0
5.475	0
5.475	0
5.5125	0
5.5125	0
5.55	0
5.55	0
5.5875	0
5.5875	0
5.625	0
5.625	0
5.6625	0
5.6625	0
5.7	0
5.7	0
5.7375	0
5.7375	0
5.775	0
5.775	0
5.8125	0
5.8125	0
5.85	0
5.85	0
5.8875	0
5.8875	0
5.925	0
5.925	0
5.9625	0
5.9625	0
6	0
6	0
6.0375	0
6.0375	0
6.075	0
6.075	0
6.1125	0
6.1125	0
6.15	0
6.15	0
6.1875	0
6.1875	0
6.225	0
6.225	0
6.2625	0
6.2625	0
6.3	0
6.3	0
6.3375	0
6.3375	0
6.375	0
6.375	0
6.4125	0
6.4125	0
6.45	0
6.45	0
6.4875	0
6.4875	0
6.525	0
6.525	0
6.5625	0
6.5625	0
6.6	0
6.6	0
6.6375	0
6.6375	0
6.675	0
6.675	0
6.7125	0
6.7125	0
6.75	0
6.75	0
6.7875	0
6.7875	0
6.825	0
6.825	0
6.8625	0
6.8625	0
6.9	0
6.9	0
6.9375	0
6.9375	0
6.975	0
6.975	0
7.0125	0
7.0125	0
7.05	0
7.05	0
7.0875	0
7.0875	0
7.125	0
7.125	0
7.1625	0
7.1625	0
7.2	0
7.2	0
7.2375	0
7.2375	0
7.275	0
7.275	0
7.3125	0
7.3125	0
7.35	0
7.35	0
7.3875	0
7.3875	0
7.425	0
7.425	0
7.4625	0
7.4625	0
7.5	0
7.5	0
7.5375	0
7.5375	0
7.575	0
7.575	0
7.6125	0
7.6125	0
7.65	0
7.65	0
7.6875	0
7.6875	0
7.725	0
7.725	0
7.7625	0
7.7625	0
7.8	0
7.8	0
7.8375	0
7.8375	0
7.875	0
7.875	0
7.9125	0
7.9125	0
7.95	0
7.95	0
7.9875	0
7.9875	0
8.025	0
8.025	0
8.0625	0
8.0625	0
8.1	0
8.1	0
8.1375	0
8.1375	0
8.175	0
8.175	0
8.2125	0
8.2125	0
8.25	0
8.25	0
8.2875	0
8.2875	0
8.325	0
8.325	0
8.3625	0
8.3625	0
8.4	0
8.4	0
8.4375	0
8.4375	0
8.475	0
8.475	0
8.5125	0
8.5125	0
8.55	0
8.55	0
8.5875	0
8.5875	0
8.625	0
8.625	0
8.6625	0
8.6625	0
8.7	0
8.7	0
8.7375	0
8.7375	0
8.775	0
8.775	0
8.8125	0
8.8125	0
8.85	0
8.85	0
8.8875	0
8.8875	0
8.925	0
8.925	0
8.9625	0
8.9625	0
9	0
9	0
9.0375	0
9.0375	0
9.075	0
9.075	0
9.1125	0
9.1125	0
9.15	0
9.15	0
9.1875	0
9.1875	0
9.225	0
9.225	0
9.2625	0
9.2625	0
9.3	0
9.3	0
9.3375	0
9.3375	0
9.375	0
9.375	0
9.4125	0
9.4125	0
9.45	0
9.45	0
9.4875	0
9.4875	0
9.525	0
9.525	0
9.5625	0
9.5625	0
9.6	0
9.6	0
9.6375	0
9.6375	0
9.675	0
9.675	0
9.7125	0
9.7125	0
9.75	0
9.75	0
9.7875	0
9.7875	0
9.825	0
9.825	0
9.8625	0
9.8625	0
9.9	0
9.9	0
9.9375	0
9.9375	0
9.975	0
9.975	0
10.0125	0
10.0125	0
10.05	0
10.05	0
10.0875	0
10.0875	0
10.125	0
10.125	0
10.1625	0
10.1625	0
10.2	0
10.2	0
10.2375	0
10.2375	0
10.275	0
10.275	0
10.3125	0
10.3125	0
10.35	0
10.35	0
10.3875	0
10.3875	0
10.425	0
10.425	0
10.4625	0
10.4625	0
10.5	0
10.5	0
10.5375	0
10.5375	0
10.575	0
10.575	0
10.6125	0
10.6125	0
10.65	0
10.65	0
10.6875	0
10.6875	0
10.725	0
10.725	0
10.7625	0
10.7625	0
10.8	0
10.8	0
10.8375	0
10.8375	0
10.875	0
10.875	0
10.9125	0
10.9125	0
10.95	0
10.95	0
10.9875	0
10.9875	0
11.025	0
11.025	0
11.0625	0
11.0625	0
11.1	0
11.1	0
11.1375	0
11.1375	0
11.175	0
11.175	0
11.2125	0
11.2125	0
11.25	0
11.25	0
11.2875	0
11.2875	0
11.325	0
11.325	0
11.3625	0
11.3625	0
11.4	0
11.4	0
11.4375	0
11.4375	0
11.475	0
11.475	0
11.5125	0
11.5125	0
11.55	0
11.55	0
11.5875	0
11.5875	0
11.625	0
11.625	0
11.6625	0
11.6625	0
11.7	0
11.7	0
11.7375	0
11.7375	0
11.775	0
11.775	0
11.8125	0
11.8125	0
11.85	0
11.85	0
11.8875	0
11.8875	0
11.925	0
11.925	0
11.9625	0
11.9625	0
12	0
-12	1
-11.9625	1
-11.9625	1
-11.925	1
-11.925	1
-11.8875	1
-11.8875	1
-11.85	1
-11.85	1
-11.8125	1
-11.8125	1
-11.775	1
-11.775	1
-11.7375	1
-11.7375	1
-11.7	1
-11.7	1
-11.6625	1
-11.6625	1
-11.625	1
-11.625	1
-11.5875	1
-11.5875	1
-11.55	1
-11.55	1
-11.5125	1
-11.5125	1
-11.475	1
-11.475	1
-11.4375	1
-11.4375	1
-11.4	1
-11.4	1
-11.3625	1
-11.3625	1
-11.325	1
-11.325	1
-11.2875	1
-11.2875	1
-11.25	1
-11.25	1
-11.2125	1
-11.2125	1
-11.175	1
-11.175	1
-11.1375	1
-11.1375	1
-11.1	1
-11.1	1
-11.0625	1
-11.0625	1
-11.025	1
-11.025	1
-10.9875	1
-10.9875	1
-10.95	1
-10.95	1
-10.9125	1
-10.9125	1
-10.875	1
-10.875	1
-10.8375	1
-10.8375	1
-10.8	1
-10.8	1
-10.7625	1
-10.7625	1
-10.725	1
-10.725	1
-10.6875	1
-10.6875	1
-10.65	1
-10.65	1
-10.6125	1
-10.6125	1
-10.575	1
-10.575	1
-10.5375	1
-10.5375	1
-10.5	1
-10.5	1
-10.4625	1
-10.4625	1
-10.425	1
-10.425	1
-10.3875	1
-10.3875	1
-10.35	1
-10.35	1
-10.3125	1
-10.3125	1
-10.275	1
-10.275	1
-10.2375	1
-10.2375	1
-10.2	1
-10.2	1
-10.1625	1
-10.1625	1
-10.125	1
-10.125	1
-10.0875	1
-10.0875	1
-10.05	1
-10.05	1
-10.0125	1
-10.0125	1
-9.975	1
-9.975	1
-9.9375	1
-9.9375	1
-9.9	1
-9.9	1
-9.8625	1
-9.8625	1
-9.825	1
-9.825	1
-9.7875	1
-9.7875	1
-9.75	1
-9.75	1
-9.7125	1
-9.7125	1
-9.675	1
-9.675	1
-9.6375	1
-9.6375	1
-9.6	1
-9.6	1
-9.5625	1
-9.5625	1
-9.525	1
-9.525	1
-9.4875	1
-9.4875	1
-9.45	1
-9.45	1
-9.4125	1
-9.4125	1
-9.375	1
-9.375	1
-9.3375	1
-9.3375	1
-9.3	1
-9.3	1
-9.2625	1
-9.2625	1
-9.225	1
-9.225	1
-9.1875	1
-9.1875	1
-9.15	1
-9.15	1
-9.1125	1
-9.1125	1
-9.075	1
-9.075	1
-9.0375	1
-9.0375	1
-9	1
-9	1
-8.9625	1
-8.9625	1
-8.925	1
-8.925	1
-8.8875	1
-8.8875	1
-8.85	1
-8.85	1
-8.8125	1
-8.8125	1
-8.775	1
-8.775	1
-8.7375	1
-8.7375	1
-8.7	1
-8.7	1
-8.6625	1
-8.6625	1
-8.625	1
-8.625	1
-8.5875	1
-8.5875	1
-8.55	1
-8.55	1
-8.5125	1
-8.5125	1
-8.475	1
-8.475	1
-8.4375	1
-8.4375	1
-8.4	1
-8.4	1
-8.3625	1
-8.3625	1
-8.325	1
-8.325	1
-8.2875	1
-8.2875	1
-8.25	1
-8.25	1
-8.2125	1
-8.2125	1
-8.175	1
-8.175	1
-8.1375	1
-8.1375	1
-8.1	1
-8.1	1
-8.0625	1
-8.0625	1
-8.025	1
-8.025	1
-7.9875	1
-7.9875	1
-7.95	1
-7.95	1
-7.9125	1
-7.9125	1
-7.875	1
-7.875	1
-7.8375	1
-7.8375	1
-7.8	1
-7.8	1
-7.7625	1
-7.7625	1
-7.725	1
-7.725	1
-7.6875	1
-7.6875	1
-7.65	1
-7.65	1
-7.6125	1
-7.6125	1
-7.575	1
-7.575	1
-7.5375	1
-7.5375	1
-7.5	1
-7.5	1
-7.4625	1
-7.4625	1
-7.425	1
-7.425	1
-7.3875	1
-7.3875	1
-7.35	1
-7.35	1
-7.3125	1
-7.3125	1
-7.275	1
-7.275	1
-7.2375	1
-7.2375	1
-7.2	1
-7.2	1
-7.1625	1
-7.1625	1
-7.125	1
-7.125	1
-7.0875	1
-7.0875	1
-7.05	1
-7.05	1
-7.0125	1
-7.0125	1
-6.975	1
-6.975	1
-6.9375	1
-6.9375	1
-6.9	1
-6.9	1
-6.8625	1
-6.8625	1
-6.825	1
-6.825	1
-6.7875	1
-6.7875	1
-6.75	1
-6.75	1
-6.7125	1
-6.7125	1
-6.675	1
-6.675	1
-6.6375	1
-6.6375	1
-6.6	1
-6.6	1
-6.5625	1
-6.5625	1
-6.525	1
-6.525	1
-6.4875	1
-6.4875	1
-6.45	1
-6.45	1
-6.4125	1
-6.4125	1
-6.375	1
-6.375	1
-6.3375	1
-6.3375	1
-6.3	1
-6.3	1
-6.2625	1
-6.2625	1
-6.225	1
-6.225	1
-6.1875	1
-6.1875	1
-6.15	1
-6.15	1
-6.1125	1
-6.1125	1
-6.075	1
-6.075	1
-6.0375	1
-6.0375	1
-6	1
-6	1
-5.9625	1
-5.9625	1
-5.925	1
-5.925	1
-5.8875	1
-5.8875	1
-5.85	1
-5.85	1
-5.8125	1
-5.8125	1
-5.775	1
-5.775	1
-5.7375	1
-5.7375	1
-5.7	1
-5.7	1
-5.6625	1
-5.6625	1
-5.625	1
-5.625	1
-5.5875	1
-5.5875	1
-5.55	1
-5.55	1
-5.5125	1
-5.5125	1
-5.475	1
-5.475	1
-5.4375	1
-5.4375	1
-5.4	1
-5.4	1
-5.3625	1
-5.3625	1
-5.325	1
-5.325	1
-5.2875	1
-5.2875	1
-5.25	1
-5.25	1
-5.2125	1
-5.2125	1
-5.175	1
-5.175	1
-5.1375	1
-5.1375	1
-5.1	1
-5.1	1
-5.0625	1
-5.0625	1
-5.025	1
-5.025	1
-4.9875	1
-4.9875	1
-4.95	1
-4.95	1
-4.9125	1
-4.9125	1
-4.875	1
-4.875	1
-4.8375	1
-4.8375	1
-4.8	1
-4.8	1
-4.7625	1
-4.7625	1
-4.725	1
-4.725	1
-4.6875	1
-4.6875	1
-4.65	1
-4.65	1
-4.6125	1
-4.6125	1
-4.575	1
-4.575	1
-4.5375	1
-4.5375	1
-4.5	1
-4.5	1
-4.4625	1
-4.4625	1
-4.425	1
-4.425	1
-4.3875	1
-4.3875	1
-4.35	1
-4.35	1
-4.3125	1
-4.3125	1
-4.275	1
-4.275	1
-4.2375	1
-4.2375	1
-4.2	1
-4.2	1
-4.1625	1
-4.1625	1
-4.125	1
-4.125	1
-4.0875	1
-4.0875	1
-4.05	1
-4.05	1
-4.0125	1
-4.0125	1
-3.975	1
-3.975	1
-3.9375	1
-3.9375	1
-3.9	1
-3.9	1
-3.8625	1
-3.8625	1
-3.825	1
-3.825	1
-3.7875	1
-3.7875	1
-3.75	1
-3.75	1
-3.7125	1
-3.7125	1
-3.675	1
-3.675	1
-3.6375	1
-3.6375	1
-3.6	1
-3.6	1
-3.5625	1
-3.5625	1
-3.525	1
-3.525	1
-3.4875	1
-3.4875	1
-3.45	1
-3.45	1
-3.4125	1
-3.4125	1
-3.375	1
-3.375	1
-3.3375	1
-3.3375	1
-3.3	1
-3.3	1
-3.2625	1
-3.2625	1
-3.225	1
-3.225	1
-3.1875	1
-3.1875	1
-3.15	1
-3.15	1
-3.1125	1
-3.1125	1
-3.075	1
-3.075	1
-3.0375	1
-3.0375	1
-3	1
-3	1
-2.9625	1
-2.9625	1
-2.925	1
-2.925	1
-2.8875	1
-2.8875	1
-2.85	1
-2.85	1
-2.8125	1
-2.8125	1
-2.775	1
-2.775	1
-2.7375	1
-2.7375	1
-2.7	1
-2.7	1
-2.6625	1
-2.6625	1
-2.625	1
-2.625	1
-2.5875	1
-2.5875	1
-2.55	1
-2.55	1
-2.5125	1
-2.5125	1
-2.475	1
-2.475	1
-2.4375	1
-2.4375	1
-2.4	1
-2.4	1
-2.3625	1
-2.3625	1
-2.325	1
-2.325	1
-2.2875	1
-2.2875	1
-2.25	1
-2.25	1
-2.2125	1
-2.2125	1
-2.175	1
-2.175	1
-2.1375	1
-2.1375	1
-2.1	1
-2.1	1
-2.0625	1
-2.0625	1
-2.025	1
-2.025	1
-1.9875	1
-1.9875	1
-1.95	1
-1.95	1
-1.9125	1
-1.9125	1
-1.875	1
-1.875	1
-1.8375	1
-1.8375	1
-1.8	1
-1.8	1
-1.7625	1
-1.7625	1
-1.725	1
-1.725	1
-1.6875	1
-1.6875	1
-1.65	1
-1.65	1
-1.6125	1
-1.6125	1
-1.575	1
-1.575	1
-1.5375	1
-1.5375	1
-1.5	1
-1.5	1
-1.4625	1
-1.4625	1
-1.425	1
-1.425	1
-1.3875	1
-1.3875	1
-1.35	1
-1.35	1
-1.3125	1
-1.3125	1
-1.275	1
-1.275	1
-1.2375	1
-1.2375	1
-1.2	1
-1.2	1
-1.1625	1
-1.1625	1
-1.125	1
-1.125	1
-1.0875	1
-1.0875	1
-1.05	1
-1.05	1
-1.0125	1
-1.0125	1
-0.975	1
-0.975	1
-0.9375	1
-0.9375	1
-0.9	1
-0.9	1
-0.8625	1
-0.8625	1
-0.825	1
-0.825	1
-0.7875	1
-0.7875	1
-0.75	1
-0.75	1
-0.7125	1
-0.7125	1
-0.675	1
-0.675	1
-0.6375	1
-0.6375	1
-0.6	1
-0.6	1
-0.5625	1
-0.5625	1
-0.525	1
-0.525	1
-0.4875	1
-0.4875	1
-0.45	1
-0.45	1
-0.4125	1
-0.4125	1
-0.375	1
-0.375	1
-0.3375	1
-0.3375	1
-0.3	1
-0.3	1
-0.2625	1
-0.2625	1
-0.225	1
-0.225	1
-0.1875	1
-0.1875	1
-0.15	1
-0.15	1
-0.1125	1
-0.1125	1
-0.0750000000000004	1
-0.0750000000000004	1
-0.0375000000000004	1
-0.0375000000000004	1
-4.44089209850063e-16	1
-4.44089209850063e-16	1
0.0374999999999996	1
0.0374999999999996	1
0.0749999999999996	1
0.0749999999999996	1
0.1125	1
0.1125	1
0.15	1
0.15	1
0.1875	1
0.1875	1
0.225	1
0.225	1
0.2625	1
0.2625	1
0.3	1
0.3	1
0.3375	1
0.3375	1
0.375	1
0.375	1
0.4125	1
0.4125	1
0.45	1
0.45	1
0.4875	1
0.4875	1
0.525	1
0.525	1
0.5625	1
0.5625	1
0.6	1
0.6	1
0.6375	1
0.6375	1
0.674999999999999	1
0.674999999999999	1
0.7125	1
0.7125	1
0.75	1
0.75	1
0.7875	1
0.7875	1
0.825	1
0.825	1
0.862499999999999	1
0.862499999999999	1
0.899999999999999	1
0.899999999999999	1
0.9375	1
0.9375	1
0.975	1
0.975	1
1.0125	1
1.0125	1
1.05	1
1.05	1
1.0875	1
1.0875	1
1.125	1
1.125	1
1.1625	1
1.1625	1
1.2	1
1.2	1
1.2375	1
1.2375	1
1.275	1
1.275	1
1.3125	1
1.3125	1
1.35	1
1.35	1
1.3875	1
1.3875	1
1.425	1
1.425	1
1.4625	1
1.4625	1
1.5	1
1.5	1
1.5375	1
1.5375	1
1.575	1
1.575	1
1.6125	1
1.6125	1
1.65	1
1.65	1
1.6875	1
1.6875	1
1.725	1
1.725	1
1.7625	1
1.7625	1
1.8	1
1.8	1
1.8375	1
1.8375	1
1.875	1
1.875	1
1.9125	1
1.9125	1
1.95	1
1.95	1
1.9875	1
1.9875	1
2.025	1
2.025	1
2.0625	1
2.0625	1
2.1	1
2.1	1
2.1375	1
2.1375	1
2.175	1
2.175	1
2.2125	1
2.2125	1
2.25	1
2.25	1
2.2875	1
2.2875	1
2.325	1
2.325	1
2.3625	1
2.3625	1
2.4	1
2.4	1
2.4375	1
2.4375	1
2.475	1
2.475	1
2.5125	1
2.5125	1
2.55	1
2.55	1
2.5875	1
2.5875	1
2.625	1
2.625	1
2.6625	1
2.6625	1
2.7	1
2.7	1
2.7375	1
2.7375	1
2.775	1
2.775	1
2.8125	1
2.8125	1
2.85	1
2.85	1
2.8875	1
2.8875	1
2.925	1
2.925	1
2.9625	1
2.9625	1
3	1
3	1
3.0375	1
3.0375	1
3.075	1
3.075	1
3.1125	1
3.1125	1
3.15	1
3.15	1
3.1875	1
3.1875	1
3.225	1
3.225	1
3.2625	1
3.2625	1
3.3	1
3.3	1
3.3375	1
3.3375	1
3.375	1
3.375	1
3.4125	1
3.4125	1
3.45	1
3.45	1
3.4875	1
3.4875	1
3.525	1
3.525	1
3.5625	1
3.5625	1
3.6	1
3.6	1
3.6375	1
3.6375	1
3.675	1
3.675	1
3.7125	1
3.7125	1
3.75	1
3.75	1
3.7875	1
3.7875	1
3.825	1
3.825	1
3.8625	1
3.8625	1
3.9	1
3.9	1
3.9375	1
3.9375	1
3.975	1
3.975	1
4.0125	1
4.0125	1
4.05	1
4.05	1
4.0875	1
4.0875	1
4.125	1
4.125	1
4.1625	1
4.1625	1
4.2	1
4.2	1
4.2375	1
4.2375	1
4.275	1
4.275	1
4.3125	1
4.3125	1
4.35	1
4.35	1
4.3875	1
4.3875	1
4.425	1
4.425	1
4.4625	1
4.4625	1
4.5	1
4.5	1
4.5375	1
4.5375	1
4.575	1
4.575	1
4.6125	1
4.6125	1
4.65	1
4.65	1
4.6875	1
4.6875	1
4.725	1
4.725	1
4.7625	1
4.7625	1
4.8	1
4.8	1
4.8375	1
4.8375	1
4.875	1
4.875	1
4.9125	1
4.9125	1
4.95	1
4.95	1
4.9875	1
4.9875	1
5.025	1
5.025	1
5.0625	1
5.0625	1
5.1	1
5.1	1
5.1375	1
5.1375	1
5.175	1
5.175	1
5.2125	1
5.2125	1
5.25	1
5.25	1
5.2875	1
5.2875	1
5.325	1
5.325	1
5.3625	1
5.3625	1
5.4	1
5.4	1
5.4375	1
5.4375	1
5.475	1
5.475	1
5.5125	1
5.5125	1
5.55	1
5.55	1
5.5875	1
5.5875	1
5.625	1
5.625	1
5.6625	1
5.6625	1
5.7	1
5.7	1
5.7375	1
5.7375	1
5.775	1
5.775	1
5.8125	1
5.8125	1
5.85	1
5.85	1
5.8875	1
5.8875	1
5.925	1
5.925	1
5.9625	1
5.9625	1
6	1
6	1
6.0375	1
6.0375	1
6.075	1
6.075	1
6.1125	1
6.1125	1
6.15	1
6.15	1
6.1875	1
6.1875	1
6.225	1
6.225	1
6.2625	1
6.2625	1
6.3	1
6.3	1
6.3375	1
6.3375	1
6.375	1
6.375	1
6.4125	1
6.4125	1
6.45	1
6.45	1
6.4875	1
6.4875	1
6.525	1
6.525	1
6.5625	1
6.5625	1
6.6	1
6.6	1
6.6375	1
6.6375	1
6.675	1
6.675	1
6.7125	1
6.7125	1
6.75	1
6.75	1
6.7875	1
6.7875	1
6.825	1
6.825	1
6.8625	1
6.8625	1
6.9	1
6.9	1
6.9375	1
6.9375	1
6.975	1
6.975	1
7.0125	1
7.0125	1
7.05	1
7.05	1
7.0875	1
7.0875	1
7.125	1
7.125	1
7.1625	1
7.1625	1
7.2	1
7.2	1
7.2375	1
7.2375	1
7.275	1
7.275	1
7.3125	1
7.3125	1
7.35	1
7.35	1
7.3875	1
7.3875	1
7.425	1
7.425	1
7.4625	1
7.4625	1
7.5	1
7.5	1
7.5375	1
7.5375	1
7.575	1
7.575	1
7.6125	1
7.6125	1
7.65	1
7.65	1
7.6875	1
7.6875	1
7.725	1
7.725	1
7.7625	1
7.7625	1
7.8	1
7.8	1
7.8375	1
7.8375	1
7.875	1
7.875	1
7.9125	1
7.9125	1
7.95	1
7.95	1
7.9875	1
7.9875	1
8.025	1
8.025	1
8.0625	1
8.0625	1
8.1	1
8.1	1
8.1375	1
8.1375	1
8.175	1
8.175	1
8.2125	1
8.2125	1
8.25	1
8.25	1
8.2875	1
8.2875	1
8.325	1
8.325	1
8.3625	1
8.3625	1
8.4	1
8.4	1
8.4375	1
8.4375	1
8.475	1
8.475	1
8.5125	1
8.5125	1
8.55	1
8.55	1
8.5875	1
8.5875	1
8.625	1
8.625	1
8.6625	1
8.6625	1
8.7	1
8.7	1
8.7375	1
8.7375	1
8.775	1
8.775	1
8.8125	1
8.8125	1
8.85	1
8.85	1
8.8875	1
8.8875	1
8.925	1
8.925	1
8.9625	1
8.9625	1
9	1
9	1
9.0375	1
9.0375	1
9.075	1
9.075	1
9.1125	1
9.1125	1
9.15	1
9.15	1
9.1875	1
9.1875	1
9.225	1
9.225	1
9.2625	1
9.2625	1
9.3	1
9.3	1
9.3375	1
9.3375	1
9.375	1
9.375	1
9.4125	1
9.4125	1
9.45	1
9.45	1
9.4875	1
9.4875	1
9.525	1
9.525	1
9.5625	1
9.5625	1
9.6	1
9.6	1
9.6375	1
9.6375	1
9.675	1
9.675	1
9.7125	1
9.7125	1
9.75	1
9.75	1
9.7875	1
9.7875	1
9.825	1
9.825	1
9.8625	1
9.8625	1
9.9	1
9.9	1
9.9375	1
9.9375	1
9.975	1
9.975	1
10.0125	1
10.0125	1
10.05	1
10.05	1
10.0875	1
10.0875	1
10.125	1
10.125	1
10.1625	1
10.1625	1
10.2	1
10.2	1
10.2375	1
10.2375	1
10.275	1
10.275	1
10.3125	1
10.3125	1
10.35	1
10.35	1
10.3875	1
10.3875	1
10.425	1
10.425	1
10.4625	1
10.4625	1
10.5	1
10.5	1
10.5375	1
10.5375	1
10.575	1
10.575	1
10.6125	1
10.6125	1
10.65	1
10.65	1
10.6875	1
10.6875	1
10.725	1
10.725	1
10.7625	1
10.7625	1
10.8	1
10.8	1
10.8375	1
10.8375	1
10.875	1
10.875	1
10.9125	1
10.9125	1
10.95	1
10.95	1
10.9875	1
10.9875	1
11.025	1
11.025	1
11.0625	1
11.0625	1
11.1	1
11.1	1
11.1375	1
11.1375	1
11.175	1
11.175	1
11.2125	1
11.2125	1
11.25	1
11.25	1
11.2875	1
11.2875	1
11.325	1
11.325	1
11.3625	1
11.3625	1
11.4	1
11.4	1
11.4375	1
11.4375	1
11.475	1
11.475	1
11.5125	1
11.5125	1
11.55	1
11.55	1
11.5875	1
11.5875	1
11.625	1
11.625	1
11.6625	1
11.6625	1
11.7	1
11.7	1
11.7375	1
11.7375	1
11.775	1
11.775	1
11.8125	1
11.8125	1
11.85	1
11.85	1
11.8875	1
11.8875	1
11.925	1
11.925	1
11.9625	1
11.9625	1
12	1
