1	2
160
-12	1.99997562726464
-11.7	1.99996705040813
-11.7	1.9999671003172
-11.4	1.99995552282995
-11.4	1.99995559019856
-11.1	1.99993996233119
-11.1	1.99994005326642
-10.8	1.99991895804473
-10.8	1.99991908078922
-10.5	1.99989060556956
-10.5	1.99989077124774
-10.2	1.9998523343615
-10.2	1.99985255798626
-9.9	1.99980067478261
-9.9	1.99980097661278
-9.6	1.99973094373748
-9.6	1.99973135110786
-9.3	1.99963682048447
-9.3	1.99963737027178
-9	1.99950977432861
-9	1.99951051627224
-8.7	1.99933829261175
-8.7	1.99933929378184
-8.4	1.99910683956293
-8.4	1.99910819036539
-8.1	1.99879445263169
-8.1	1.99879627486631
-7.8	1.99837285090163
-7.8	1.99837530855246
-7.5	1.99780388747785
-7.5	1.99780720112059
-7.2	1.99703612105532
-7.2	1.99704058701834
-6.9	1.99600020709313
-6.9	1.99600622280163
-6.6	1.99460271122166
-6.6	1.9946108084664
-6.3	1.99271782119029
-6.3	1.99272870933326
-6	1.99017627342261
-6	1.99019089465228
-5.7	1.98675061241249
-5.7	1.98677021083097
-5.4	1.98213566719393
-5.4	1.98216187226539
-5.1	1.97592287199191
-5.1	1.97595779382492
-4.8	1.96756681455542
-4.8	1.96761314211803
-4.5	1.95634224684398
-4.5	1.9564033280802
-4.2	1.941289899478
-4.2	1.94136976079207
-3.9	1.92115009810736
-3.9	1.92125332520221
-3.6	1.89428488952788
-3.6	1.89441623811496
-3.3	1.85859294161419
-3.3	1.85875647664113
-3	1.81142800352412
-3	1.81162549833524
-2.7	1.74954249109958
-2.7	1.74977081201026
-2.4	1.66909361054293
-2.4	1.66934099523037
-2.1	1.56576907260061
-2.1	1.56601078715489
-1.8	1.43510650336912
-1.8	1.43530152014049
-1.5	1.27307982592538
-1.5	1.27317174576489
-1.2	1.07698181824388
-1.2	1.07690820098678
-0.9	0.846519129394091
-0.9	0.846231488918018
-0.6	0.584857938265986
-0.6	0.584348041559865
-0.3	0.299189328144137
-0.3	0.298508389957134
-4.44089209850063e-16	0.000372762734673626
-4.44089209850063e-16	-0.000372762734672766
0.3	-0.298508389957134
0.3	-0.299189328144137
0.6	-0.584348041559865
0.6	-0.584857938265986
0.899999999999999	-0.846231488918017
0.899999999999999	-0.84651912939409
1.2	-1.07690820098678
1.2	-1.07698181824388
1.5	-1.27317174576489
1.5	-1.27307982592538
1.8	-1.43530152014049
1.8	-1.43510650336912
2.1	-1.56601078715489
2.1	-1.56576907260061
2.4	-1.66934099523037
2.4	-1.66909361054293
2.7	-1.74977081201026
2.7	-1.74954249109958
3	-1.81162549833524
3	-1.81142800352412
3.3	-1.85875647664113
3.3	-1.85859294161419
3.6	-1.89441623811496
3.6	-1.89428488952788
3.9	-1.92125332520221
3.9	-1.92115009810736
4.2	-1.94136976079207
4.2	-1.941289899478
4.5	-1.9564033280802
4.5	-1.95634224684398
4.8	-1.96761314211803
4.8	-1.96756681455542
5.1	-1.97595779382492
5.1	-1.97592287199191
5.4	-1.98216187226539
5.4	-1.98213566719393
5.7	-1.98677021083097
5.7	-1.98675061241249
6	-1.99019089465228
6	-1.99017627342261
6.3	-1.99272870933326
6.3	-1.99271782119029
6.6	-1.9946108084664
6.6	-1.99460271122166
6.9	-1.99600622280163
6.9	-1.99600020709313
7.2	-1.99704058701834
7.2	-1.99703612105532
7.5	-1.99780720112059
7.5	-1.99780388747785
7.8	-1.99837530855246
7.8	-1.99837285090163
8.1	-1.99879627486631
8.1	-1.99879445263169
8.4	-1.99910819036539
8.4	-1.99910683956293
8.7	-1.99933929378184
8.7	-1.99933829261175
9	-1.99951051627224
9	-1.99950977432861
9.3	-1.99963737027178
9.3	-1.99963682048447
9.6	-1.99973135110786
9.6	-1.99973094373748
9.9	-1.99980097661278
9.9	-1.99980067478261
10.2	-1.99985255798626
10.2	-1.9998523343615
10.5	-1.99989077124774
10.5	-1.99989060556956
10.8	-1.99991908078922
10.8	-1.99991895804473
11.1	-1.99994005326642
11.1	-1.99993996233119
11.4	-1.99995559019856
11.4	-1.99995552282995
11.7	-1.9999671003172
11.7	-1.99996705040813
12	-1.99997562726464
-12	0
-11.7	0
-11.7	0
-11.4	0
-11.4	0
-11.1	0
-11.1	0
-10.8	0
-10.8	0
-10.5	0
-10.5	0
-10.2	0
-10.2	0
-9.9	0
-9.9	0
-9.6	0
-9.6	0
-9.3	0
-9.3	0
-9	0
-9	0
-8.7	0
-8.7	0
-8.4	0
-8.4	0
-8.1	0
-8.1	0
-7.8	0
-7.8	0
-7.5	0
-7.5	0
-7.2	0
-7.2	0
-6.9	0
-6.9	0
-6.6	0
-6.6	0
-6.3	0
-6.3	0
-6	0
-6	0
-5.7	0
-5.7	0
-5.4	0
-5.4	0
-5.1	0
-5.1	0
-4.8	0
-4.8	0
-4.5	0
-4.5	0
-4.2	0
-4.2	0
-3.9	0
-3.9	0
-3.6	0
-3.6	0
-3.3	0
-3.3	0
-3	0
-3	0
-2.7	0
-2.7	0
-2.4	0
-2.4	0
-2.1	0
-2.1	0
-1.8	0
-1.8	0
-1.5	0
-1.5	0
-1.2	0
-1.2	0
-0.9	0
-0.9	0
-0.6	0
-0.6	0
-0.3	0
-0.3	0
-4.44089209850063e-16	0
-4.44089209850063e-16	0
0.3	0
0.3	0
0.6	0
0.6	0
0.899999999999999	0
0.899999999999999	0
1.2	0
1.2	0
1.5	0
1.5	0
1.8	0
1.8	0
2.1	0
2.1	0
2.4	0
2.4	0
2.7	0
2.7	0
3	0
3	0
3.3	0
3.3	0
3.6	0
3.6	0
3.9	0
3.9	0
4.2	0
4.2	0
4.5	0
4.5	0
4.8	0
4.8	0
5.1	0
5.1	0
5.4	0
5.4	0
5.7	0
5.7	0
6	0
6	0
6.3	0
6.3	0
6.6	0
6.6	0
6.9	0
6.9	0
7.2	0
7.2	0
7.5	0
7.5	0
7.8	0
7.8	0
8.1	0
8.1	0
8.4	0
8.4	0
8.7	0
8.7	0
9	0
9	0
9.3	0
9.3	0
9.6	0
9.6	0
9.9	0
9.9	0
10.2	0
10.2	0
10.5	0
10.5	0
10.8	0
10.8	0
11.1	0
11.1	0
11.4	0
11.4	0
11.7	0
11.7	0
12	0
-12	1
-11.7	1
-11.7	1
-11.4	1
-11.4	1
-11.1	1
-11.1	1
-10.8	1
-10.8	1
-10.5	1
-10.5	1
-10.2	1
-10.2	1
-9.9	1
-9.9	1
-9.6	1
-9.6	1
-9.3	1
-9.3	1
-9	1
-9	1
-8.7	1
-8.7	1
-8.4	1
-8.4	1
-8.1	1
-8.1	1
-7.8	1
-7.8	1
-7.5	1
-7.5	1
-7.2	1
-7.2	1
-6.9	1
-6.9	1
-6.6	1
-6.6	1
-6.3	1
-6.3	1
-6	1
-6	1
-5.7	1
-5.7	1
-5.4	1
-5.4	1
-5.1	1
-5.1	1
-4.8	1
-4.8	1
-4.5	1
-4.5	1
-4.2	1
-4.2	1
-3.9	1
-3.9	1
-3.6	1
-3.6	1
-3.3	1
-3.3	1
-3	1
-3	1
-2.7	1
-2.7	1
-2.4	1
-2.4	1
-2.1	1
-2.1	1
-1.8	1
-1.8	1
-1.5	1
-1.5	1
-1.2	1
-1.2	1
-0.9	1
-0.9	1
-0.6	1
-0.6	1
-0.3	1
-0.3	1
-4.44089209850063e-16	1
-4.44089209850063e-16	1
0.3	1
0.3	1
0.6	1
0.6	1
0.899999999999999	1
0.899999999999999	1
1.2	1
1.2	1
1.5	1
1.5	1
1.8	1
1.8	1
2.1	1
2.1	1
2.4	1
2.4	1
2.7	1
2.7	1
3	1
3	1
3.3	1
3.3	1
3.6	1
3.6	1
3.9	1
3.9	1
4.2	1
4.2	1
4.5	1
4.5	1
4.8	1
4.8	1
5.1	1
5.1	1
5.4	1
5.4	1
5.7	1
5.7	1
6	1
6	1
6.3	1
6.3	1
6.6	1
6.6	1
6.9	1
6.9	1
7.2	1
7.2	1
7.5	1
7.5	1
7.8	1
7.8	1
8.1	1
8.1	1
8.4	1
8.4	1
8.7	1
8.7	1
9	1
9	1
9.3	1
9.3	1
9.6	1
9.6	1
9.9	1
9.9	1
10.2	1
10.2	1
10.5	1
10.5	1
10.8	1
10.8	1
11.1	1
11.1	1
11.4	1
11.4	1
11.7	1
11.7	1
12	1
