1	2
320
-12	1.99997547175978
-11.85	1.99997149692112
-11.85	1.99997150227875
-11.7	1.999966884185
-11.7	1.99996689040962
-11.55	1.99996152496354
-11.55	1.99996153219544
-11.4	1.99995529845451
-11.4	1.99995530685667
-11.25	1.99994806430737
-11.25	1.99994807406915
-11.1	1.99993965946027
-11.1	1.99993967080164
-10.95	1.99992989446531
-10.95	1.99992990764184
-10.8	1.99991854921946
-10.8	1.99991856452807
-10.65	1.99990536800491
-10.65	1.9999053857905
-10.5	1.99989005372723
-10.5	1.9998900743905
-10.35	1.99987226122182
-10.35	1.99987228522825
-10.2	1.9998515894779
-10.2	1.99985161736824
-10.05	1.99982757260542
-10.05	1.99982760500781
-9.9	1.99979966934161
-9.9	1.9997997069857
-9.75	1.99976725086155
-9.75	1.9997672945949
-9.6	1.99972958661913
-9.6	1.99972963742619
-9.45	1.99968582790049
-9.45	1.99968588692468
-9.3	1.99963498872128
-9.3	1.99963505729061
-9.15	1.99957592363979
-9.15	1.99957600329654
-9	1.99950730198926
-9	1.99950739452444
-8.85	1.9994275779534
-8.85	1.99942768544672
-8.7	1.99933495581706
-8.7	1.99933508068325
-8.55	1.99922734961747
-8.55	1.99922749465992
-8.4	1.99910233629826
-8.4	1.99910250477121
-8.25	1.99895710132633
-8.25	1.99895729700685
-8.1	1.99878837556711
-8.1	1.99878860283836
-7.95	1.99859236202425
-7.95	1.99859262597174
-7.8	1.99836465083151
-7.8	1.99836495735438
-7.65	1.99810012063349
-7.65	1.99810047657286
-7.5	1.99779282420315
-7.5	1.99779323749016
-7.35	1.99743585581401
-7.35	1.99743633564027
-7.2	1.99702119750669
-7.2	1.99702175452022
-7.05	1.99653954095889
-7.05	1.99654018748902
-6.9	1.99598008117874
-6.9	1.9959808314936
-6.75	1.99533027768767
-6.75	1.9953311482884
-6.6	1.99457557823634
-6.6	1.99457658819202
-6.45	1.9936990994
-6.45	1.99370027072783
-6.3	1.9926812576265
-6.3	1.99268261572117
-6.15	1.9914993434597
-6.15	1.99150091757598
-6	1.990127030738
-6	1.99012885452955
-5.85	1.98853381158168
-5.85	1.98853592369776
-5.7	1.98668434695176
-5.7	1.98668679169154
-5.55	1.984537721519
-5.55	1.98454054953973
-5.4	1.98204659057064
-5.4	1.98204985964142
-5.25	1.97915620577683
-5.25	1.97915998156277
-5.1	1.97580330593906
-5.1	1.97580766279144
-4.95	1.97191485849402
-4.95	1.97191988020914
-4.8	1.96740663774506
-4.8	1.96741241823725
-4.65	1.96218162680896
-4.65	1.96218827062048
-4.5	1.95612823245456
-4.5	1.95613585499557
-4.35	1.94911830584128
-4.35	1.94912703321529
-4.2	1.94100496824125
-4.2	1.9410149364645
-4.05	1.93162024991009
-4.05	1.93163160327609
-3.9	1.92077256329369
-3.9	1.92078545156703
-3.75	1.90824404984234
-3.75	1.9082586238905
-3.6	1.89378786413648
-3.6	1.89380426952931
-3.45	1.87712549121198
-3.45	1.87714385924465
-3.3	1.85794423430467
-3.3	1.8579646698465
-3.15	1.83589506189559
-3.15	1.83591762745808
-3	1.81059106554909
-3	1.81061576103639
-2.85	1.78160685312658
-2.85	1.78163359092883
-2.7	1.74847928323415
-2.7	1.74850785870804
-2.55	1.71071003112355
-2.55	1.71074008914341
-2.4	1.66777055465175
-2.4	1.66780155387209
-2.25	1.61911008707034
-2.25	1.61914126485455
-2.1	1.56416730097259
-2.1	1.56419764358752
-1.95	1.50238623794263
-1.95	1.50241446245852
-1.8	1.43323694959751
-1.8	1.4332615056653
-1.65	1.35624101489539
-1.65	1.35626011568849
-1.5	1.27100165898144
-1.5	1.27101335037377
-1.35	1.17723759077162
-1.35	1.17723986545696
-1.2	1.0748189214508
-1.2	1.07480987948874
-1.05	0.963802691068814
-1.05	0.963780740052001
-0.9	0.844464737006909
-0.9	0.844428814378714
-0.75	0.717324058964237
-0.75	0.717273847906421
-0.6	0.583155671027658
-0.6	0.583091772901976
-0.45	0.442988365291743
-0.45	0.442912389511686
-0.3	0.298084945865957
-0.3	0.29799948521631
-0.15	0.149904286832624
-0.15	0.149812763298869
-4.44089209850063e-16	4.68047874127991e-05
-4.44089209850063e-16	-4.6804787411911e-05
0.15	-0.149812763298869
0.15	-0.149904286832624
0.3	-0.29799948521631
0.3	-0.298084945865957
0.45	-0.442912389511686
0.45	-0.442988365291743
0.6	-0.583091772901976
0.6	-0.583155671027658
0.75	-0.717273847906421
0.75	-0.717324058964237
0.899999999999999	-0.844428814378713
0.899999999999999	-0.844464737006908
1.05	-0.963780740052
1.05	-0.963802691068814
1.2	-1.07480987948874
1.2	-1.0748189214508
1.35	-1.17723986545696
1.35	-1.17723759077162
1.5	-1.27101335037377
1.5	-1.27100165898144
1.65	-1.35626011568849
1.65	-1.35624101489539
1.8	-1.4332615056653
1.8	-1.43323694959751
1.95	-1.50241446245852
1.95	-1.50238623794263
2.1	-1.56419764358752
2.1	-1.56416730097259
2.25	-1.61914126485455
2.25	-1.61911008707034
2.4	-1.66780155387209
2.4	-1.66777055465175
2.55	-1.71074008914341
2.55	-1.71071003112355
2.7	-1.74850785870804
2.7	-1.74847928323415
2.85	-1.78163359092883
2.85	-1.78160685312658
3	-1.81061576103639
3	-1.81059106554909
3.15	-1.83591762745808
3.15	-1.83589506189559
3.3	-1.8579646698465
3.3	-1.85794423430467
3.45	-1.87714385924465
3.45	-1.87712549121198
3.6	-1.89380426952931
3.6	-1.89378786413648
3.75	-1.9082586238905
3.75	-1.90824404984234
3.9	-1.92078545156703
3.9	-1.92077256329369
4.05	-1.93163160327609
4.05	-1.93162024991009
4.2	-1.9410149364645
4.2	-1.94100496824125
4.35	-1.94912703321529
4.35	-1.94911830584128
4.5	-1.95613585499557
4.5	-1.95612823245456
4.65	-1.96218827062048
4.65	-1.96218162680896
4.8	-1.96741241823725
4.8	-1.96740663774506
4.95	-1.97191988020914
4.95	-1.97191485849402
5.1	-1.97580766279144
5.1	-1.97580330593906
5.25	-1.97915998156277
5.25	-1.97915620577683
5.4	-1.98204985964142
5.4	-1.98204659057064
5.55	-1.98454054953973
5.55	-1.984537721519
5.7	-1.98668679169154
5.7	-1.98668434695176
5.85	-1.98853592369776
5.85	-1.98853381158168
6	-1.99012885452955
6	-1.990127030738
6.15	-1.99150091757598
6.15	-1.9914993434597
6.3	-1.99268261572117
6.3	-1.9926812576265
6.45	-1.99370027072783
6.45	-1.9936990994
6.6	-1.99457658819202
6.6	-1.99457557823634
6.75	-1.9953311482884
6.75	-1.99533027768767
6.9	-1.9959808314936
6.9	-1.99598008117874
7.05	-1.99654018748902
7.05	-1.99653954095889
7.2	-1.99702175452022
7.2	-1.99702119750669
7.35	-1.99743633564027
7.35	-1.99743585581401
7.5	-1.99779323749016
7.5	-1.99779282420315
7.65	-1.99810047657286
7.65	-1.99810012063349
7.8	-1.99836495735438
7.8	-1.99836465083151
7.95	-1.99859262597174
7.95	-1.99859236202425
8.1	-1.99878860283836
8.1	-1.99878837556711
8.25	-1.99895729700685
8.25	-1.99895710132633
8.4	-1.99910250477121
8.4	-1.99910233629826
8.55	-1.99922749465992
8.55	-1.99922734961747
8.7	-1.99933508068325
8.7	-1.99933495581706
8.85	-1.99942768544672
8.85	-1.9994275779534
9	-1.99950739452444
9	-1.99950730198926
9.15	-1.99957600329654
9.15	-1.99957592363979
9.3	-1.99963505729061
9.3	-1.99963498872128
9.45	-1.99968588692468
9.45	-1.99968582790049
9.6	-1.99972963742619
9.6	-1.99972958661913
9.75	-1.9997672945949
9.75	-1.99976725086155
9.9	-1.9997997069857
9.9	-1.99979966934161
10.05	-1.99982760500781
10.05	-1.99982757260542
10.2	-1.99985161736824
10.2	-1.9998515894779
10.35	-1.99987228522825
10.35	-1.99987226122182
10.5	-1.9998900743905
10.5	-1.99989005372723
10.65	-1.9999053857905
10.65	-1.99990536800491
10.8	-1.99991856452807
10.8	-1.99991854921946
10.95	-1.99992990764184
10.95	-1.99992989446531
11.1	-1.99993967080164
11.1	-1.99993965946027
11.25	-1.99994807406915
11.25	-1.99994806430737
11.4	-1.99995530685667
11.4	-1.99995529845451
11.55	-1.99996153219544
11.55	-1.99996152496354
11.7	-1.99996689040962
11.7	-1.999966884185
11.85	-1.99997150227875
11.85	-1.99997149692112
12	-1.99997547175978
-12	0
-11.85	0
-11.85	0
-11.7	0
-11.7	0
-11.55	0
-11.55	0
-11.4	0
-11.4	0
-11.25	0
-11.25	0
-11.1	0
-11.1	0
-10.95	0
-10.95	0
-10.8	0
-10.8	0
-10.65	0
-10.65	0
-10.5	0
-10.5	0
-10.35	0
-10.35	0
-10.2	0
-10.2	0
-10.05	0
-10.05	0
-9.9	0
-9.9	0
-9.75	0
-9.75	0
-9.6	0
-9.6	0
-9.45	0
-9.45	0
-9.3	0
-9.3	0
-9.15	0
-9.15	0
-9	0
-9	0
-8.85	0
-8.85	0
-8.7	0
-8.7	0
-8.55	0
-8.55	0
-8.4	0
-8.4	0
-8.25	0
-8.25	0
-8.1	0
-8.1	0
-7.95	0
-7.95	0
-7.8	0
-7.8	0
-7.65	0
-7.65	0
-7.5	0
-7.5	0
-7.35	0
-7.35	0
-7.2	0
-7.2	0
-7.05	0
-7.05	0
-6.9	0
-6.9	0
-6.75	0
-6.75	0
-6.6	0
-6.6	0
-6.45	0
-6.45	0
-6.3	0
-6.3	0
-6.15	0
-6.15	0
-6	0
-6	0
-5.85	0
-5.85	0
-5.7	0
-5.7	0
-5.55	0
-5.55	0
-5.4	0
-5.4	0
-5.25	0
-5.25	0
-5.1	0
-5.1	0
-4.95	0
-4.95	0
-4.8	0
-4.8	0
-4.65	0
-4.65	0
-4.5	0
-4.5	0
-4.35	0
-4.35	0
-4.2	0
-4.2	0
-4.05	0
-4.05	0
-3.9	0
-3.9	0
-3.75	0
-3.75	0
-3.6	0
-3.6	0
-3.45	0
-3.45	0
-3.3	0
-3.3	0
-3.15	0
-3.15	0
-3	0
-3	0
-2.85	0
-2.85	0
-2.7	0
-2.7	0
-2.55	0
-2.55	0
-2.4	0
-2.4	0
-2.25	0
-2.25	0
-2.1	0
-2.1	0
-1.95	0
-1.95	0
-1.8	0
-1.8	0
-1.65	0
-1.65	0
-1.5	0
-1.5	0
-1.35	0
-1.35	0
-1.2	0
-1.2	0
-1.05	0
-1.05	0
-0.9	0
-0.9	0
-0.75	0
-0.75	0
-0.6	0
-0.6	0
-0.45	0
-0.45	0
-0.3	0
-0.3	0
-0.15	0
-0.15	0
-4.44089209850063e-16	0
-4.44089209850063e-16	0
0.15	0
0.15	0
0.3	0
0.3	0
0.45	0
0.45	0
0.6	0
0.6	0
0.75	0
0.75	0
0.899999999999999	0
0.899999999999999	0
1.05	0
1.05	0
1.2	0
1.2	0
1.35	0
1.35	0
1.5	0
1.5	0
1.65	0
1.65	0
1.8	0
1.8	0
1.95	0
1.95	0
2.1	0
2.1	0
2.25	0
2.25	0
2.4	0
2.4	0
2.55	0
2.55	0
2.7	0
2.7	0
2.85	0
2.85	0
3	0
3	0
3.15	0
3.15	0
3.3	0
3.3	0
3.45	0
3.45	0
3.6	0
3.6	0
3.75	0
3.75	0
3.9	0
3.9	0
4.05	0
4.05	0
4.2	0
4.2	0
4.35	0
4.35	0
4.5	0
4.5	0
4.65	0
4.65	0
4.8	0
4.8	0
4.95	0
4.95	0
5.1	0
5.1	0
5.25	0
5.25	0
5.4	0
5.4	0
5.55	0
5.55	0
5.7	0
5.7	0
5.85	0
5.85	0
6	0
6	0
6.15	0
6.15	0
6.3	0
6.3	0
6.45	0
6.45	0
6.6	0
6.6	0
6.75	0
6.75	0
6.9	0
6.9	0
7.05	0
7.05	0
7.2	0
7.2	0
7.35	0
7.35	0
7.5	0
7.5	0
7.65	0
7.65	0
7.8	0
7.8	0
7.95	0
7.95	0
8.1	0
8.1	0
8.25	0
8.25	0
8.4	0
8.4	0
8.55	0
8.55	0
8.7	0
8.7	0
8.85	0
8.85	0
9	0
9	0
9.15	0
9.15	0
9.3	0
9.3	0
9.45	0
9.45	0
9.6	0
9.6	0
9.75	0
9.75	0
9.9	0
9.9	0
10.05	0
10.05	0
10.2	0
10.2	0
10.35	0
10.35	0
10.5	0
10.5	0
10.65	0
10.65	0
10.8	0
10.8	0
10.95	0
10.95	0
11.1	0
11.1	0
11.25	0
11.25	0
11.4	0
11.4	0
11.55	0
11.55	0
11.7	0
11.7	0
11.85	0
11.85	0
12	0
-12	1
-11.85	1
-11.85	1
-11.7	1
-11.7	1
-11.55	1
-11.55	1
-11.4	1
-11.4	1
-11.25	1
-11.25	1
-11.1	1
-11.1	1
-10.95	1
-10.95	1
-10.8	1
-10.8	1
-10.65	1
-10.65	1
-10.5	1
-10.5	1
-10.35	1
-10.35	1
-10.2	1
-10.2	1
-10.05	1
-10.05	1
-9.9	1
-9.9	1
-9.75	1
-9.75	1
-9.6	1
-9.6	1
-9.45	1
-9.45	1
-9.3	1
-9.3	1
-9.15	1
-9.15	1
-9	1
-9	1
-8.85	1
-8.85	1
-8.7	1
-8.7	1
-8.55	1
-8.55	1
-8.4	1
-8.4	1
-8.25	1
-8.25	1
-8.1	1
-8.1	1
-7.95	1
-7.95	1
-7.8	1
-7.8	1
-7.65	1
-7.65	1
-7.5	1
-7.5	1
-7.35	1
-7.35	1
-7.2	1
-7.2	1
-7.05	1
-7.05	1
-6.9	1
-6.9	1
-6.75	1
-6.75	1
-6.6	1
-6.6	1
-6.45	1
-6.45	1
-6.3	1
-6.3	1
-6.15	1
-6.15	1
-6	1
-6	1
-5.85	1
-5.85	1
-5.7	1
-5.7	1
-5.55	1
-5.55	1
-5.4	1
-5.4	1
-5.25	1
-5.25	1
-5.1	1
-5.1	1
-4.95	1
-4.95	1
-4.8	1
-4.8	1
-4.65	1
-4.65	1
-4.5	1
-4.5	1
-4.35	1
-4.35	1
-4.2	1
-4.2	1
-4.05	1
-4.05	1
-3.9	1
-3.9	1
-3.75	1
-3.75	1
-3.6	1
-3.6	1
-3.45	1
-3.45	1
-3.3	1
-3.3	1
-3.15	1
-3.15	1
-3	1
-3	1
-2.85	1
-2.85	1
-2.7	1
-2.7	1
-2.55	1
-2.55	1
-2.4	1
-2.4	1
-2.25	1
-2.25	1
-2.1	1
-2.1	1
-1.95	1
-1.95	1
-1.8	1
-1.8	1
-1.65	1
-1.65	1
-1.5	1
-1.5	1
-1.35	1
-1.35	1
-1.2	1
-1.2	1
-1.05	1
-1.05	1
-0.9	1
-0.9	1
-0.75	1
-0.75	1
-0.6	1
-0.6	1
-0.45	1
-0.45	1
-0.3	1
-0.3	1
-0.15	1
-0.15	1
-4.44089209850063e-16	1
-4.44089209850063e-16	1
0.15	1
0.15	1
0.3	1
0.3	1
0.45	1
0.45	1
0.6	1
0.6	1
0.75	1
0.75	1
0.899999999999999	1
0.899999999999999	1
1.05	1
1.05	1
1.2	1
1.2	1
1.35	1
1.35	1
1.5	1
1.5	1
1.65	1
1.65	1
1.8	1
1.8	1
1.95	1
1.95	1
2.1	1
2.1	1
2.25	1
2.25	1
2.4	1
2.4	1
2.55	1
2.55	1
2.7	1
2.7	1
2.85	1
2.85	1
3	1
3	1
3.15	1
3.15	1
3.3	1
3.3	1
3.45	1
3.45	1
3.6	1
3.6	1
3.75	1
3.75	1
3.9	1
3.9	1
4.05	1
4.05	1
4.2	1
4.2	1
4.35	1
4.35	1
4.5	1
4.5	1
4.65	1
4.65	1
4.8	1
4.8	1
4.95	1
4.95	1
5.1	1
5.1	1
5.25	1
5.25	1
5.4	1
5.4	1
5.55	1
5.55	1
5.7	1
5.7	1
5.85	1
5.85	1
6	1
6	1
6.15	1
6.15	1
6.3	1
6.3	1
6.45	1
6.45	1
6.6	1
6.6	1
6.75	1
6.75	1
6.9	1
6.9	1
7.05	1
7.05	1
7.2	1
7.2	1
7.35	1
7.35	1
7.5	1
7.5	1
7.65	1
7.65	1
7.8	1
7.8	1
7.95	1
7.95	1
8.1	1
8.1	1
8.25	1
8.25	1
8.4	1
8.4	1
8.55	1
8.55	1
8.7	1
8.7	1
8.85	1
8.85	1
9	1
9	1
9.15	1
9.15	1
9.3	1
9.3	1
9.45	1
9.45	1
9.6	1
9.6	1
9.75	1
9.75	1
9.9	1
9.9	1
10.05	1
10.05	1
10.2	1
10.2	1
10.35	1
10.35	1
10.5	1
10.5	1
10.65	1
10.65	1
10.8	1
10.8	1
10.95	1
10.95	1
11.1	1
11.1	1
11.25	1
11.25	1
11.4	1
11.4	1
11.55	1
11.55	1
11.7	1
11.7	1
11.85	1
11.85	1
12	1
