1	2
80
-12	1.99997632839291
-11.4	1.99995632388852
-11.4	1.99995686770455
-10.8	1.99992041762555
-10.8	1.99992140844735
-10.2	1.99985499374821
-10.2	1.99985679889217
-9.6	1.99973578898144
-9.6	1.99973907733477
-9	1.99951860136339
-9	1.99952459036761
-8.4	1.99912291824014
-8.4	1.99913382173839
-7.8	1.9984021308104
-7.8	1.99842196783562
-7.2	1.9970894149739
-7.2	1.99712545950172
-6.6	1.9946996283172
-6.6	1.99476497190438
-6	1.9903522365411
-6	1.99047019883047
-5.4	1.98245420872194
-5.4	1.9826655339798
-4.8	1.96814038696122
-4.8	1.96851368485198
-4.2	1.94231270558016
-4.2	1.94295527699748
-3.6	1.89607698072573
-3.6	1.89713107427508
-3	1.8144699600938
-3	1.8160475390431
-2.4	1.67397200958937
-2.4	1.67593142568104
-1.8	1.44217933657078
-1.8	1.44369404859579
-1.2	1.08555657776967
-1.2	1.08492790324559
-0.6	0.59230210309054
-0.6	0.588264015755711
-4.44089209850063e-16	0.00292960291099775
-4.44089209850063e-16	-0.00292960291099686
0.6	-0.588264015755711
0.6	-0.59230210309054
1.2	-1.08492790324559
1.2	-1.08555657776967
1.8	-1.44369404859579
1.8	-1.44217933657078
2.4	-1.67593142568104
2.4	-1.67397200958937
3	-1.8160475390431
3	-1.8144699600938
3.6	-1.89713107427508
3.6	-1.89607698072573
4.2	-1.94295527699748
4.2	-1.94231270558016
4.8	-1.96851368485198
4.8	-1.96814038696122
5.4	-1.9826655339798
5.4	-1.98245420872194
6	-1.99047019883047
6	-1.9903522365411
6.6	-1.99476497190438
6.6	-1.9946996283172
7.2	-1.99712545950172
7.2	-1.9970894149739
7.8	-1.99842196783562
7.8	-1.9984021308104
8.4	-1.99913382173839
8.4	-1.99912291824014
9	-1.99952459036761
9	-1.99951860136339
9.6	-1.99973907733477
9.6	-1.99973578898144
10.2	-1.99985679889217
10.2	-1.99985499374821
10.8	-1.99992140844735
10.8	-1.99992041762555
11.4	-1.99995686770455
11.4	-1.99995632388852
12	-1.99997632839291
-12	0
-11.4	0
-11.4	0
-10.8	0
-10.8	0
-10.2	0
-10.2	0
-9.6	0
-9.6	0
-9	0
-9	0
-8.4	0
-8.4	0
-7.8	0
-7.8	0
-7.2	0
-7.2	0
-6.6	0
-6.6	0
-6	0
-6	0
-5.4	0
-5.4	0
-4.8	0
-4.8	0
-4.2	0
-4.2	0
-3.6	0
-3.6	0
-3	0
-3	0
-2.4	0
-2.4	0
-1.8	0
-1.8	0
-1.2	0
-1.2	0
-0.6	0
-0.6	0
-4.44089209850063e-16	0
-4.44089209850063e-16	0
0.6	0
0.6	0
1.2	0
1.2	0
1.8	0
1.8	0
2.4	0
2.4	0
3	0
3	0
3.6	0
3.6	0
4.2	0
4.2	0
4.8	0
4.8	0
5.4	0
5.4	0
6	0
6	0
6.6	0
6.6	0
7.2	0
7.2	0
7.8	0
7.8	0
8.4	0
8.4	0
9	0
9	0
9.6	0
9.6	0
10.2	0
10.2	0
10.8	0
10.8	0
11.4	0
11.4	0
12	0
-12	1
-11.4	1
-11.4	1
-10.8	1
-10.8	1
-10.2	1
-10.2	1
-9.6	1
-9.6	1
-9	1
-9	1
-8.4	1
-8.4	1
-7.8	1
-7.8	1
-7.2	1
-7.2	1
-6.6	1
-6.6	1
-6	1
-6	1
-5.4	1
-5.4	1
-4.8	1
-4.8	1
-4.2	1
-4.2	1
-3.6	1
-3.6	1
-3	1
-3	1
-2.4	1
-2.4	1
-1.8	1
-1.8	1
-1.2	1
-1.2	1
-0.6	1
-0.6	1
-4.44089209850063e-16	1
-4.44089209850063e-16	1
0.6	1
0.6	1
1.2	1
1.2	1
1.8	1
1.8	1
2.4	1
2.4	1
3	1
3	1
3.6	1
3.6	1
4.2	1
4.2	1
4.8	1
4.8	1
5.4	1
5.4	1
6	1
6	1
6.6	1
6.6	1
7.2	1
7.2	1
7.8	1
7.8	1
8.4	1
8.4	1
9	1
9	1
9.6	1
9.6	1
10.2	1
10.2	1
10.8	1
10.8	1
11.4	1
11.4	1
12	1
