1	2
320
-12	1.99999999873486
-11.85	1.99999999850881
-11.85	1.99999999850212
-11.7	1.99999999823009
-11.7	1.99999999822185
-11.55	1.99999999789311
-11.55	1.99999999788291
-11.4	1.99999999748383
-11.4	1.99999999747112
-11.25	1.99999999698435
-11.25	1.99999999696842
-11.1	1.99999999637165
-11.1	1.99999999635159
-10.95	1.99999999561611
-10.95	1.99999999559069
-10.8	1.99999999467929
-10.8	1.99999999464692
-10.65	1.99999999351122
-10.65	1.99999999346977
-10.5	1.9999999920466
-10.5	1.99999999199326
-10.35	1.9999999901998
-10.35	1.99999999013083
-10.2	1.99999998785818
-10.2	1.9999999877686
-10.05	1.99999998487307
-10.05	1.99999998475624
-9.9	1.99999998104775
-9.9	1.99999998089479
-9.75	1.99999997612126
-9.75	1.9999999759203
-9.6	1.99999996974665
-9.6	1.99999996948179
-9.45	1.99999996146178
-9.45	1.99999996111169
-9.3	1.99999995064999
-9.3	1.99999995018606
-9.15	1.99999993648719
-9.15	1.99999993587098
-9	1.99999991787064
-9	1.99999991705048
-8.85	1.99999989332296
-8.85	1.99999989222936
-8.7	1.99999986086289
-8.7	1.99999985940236
-8.55	1.99999981783104
-8.55	1.99999981587771
-8.4	1.99999976065503
-8.4	1.99999975803941
-8.25	1.99999968453284
-8.25	1.99999968102657
-8.1	1.99999958300573
-8.1	1.99999957830111
-7.95	1.99999944738234
-7.95	1.99999944106462
-7.8	1.99999926596178
-7.8	1.9999992574718
-7.65	1.9999990229855
-7.65	1.99999901156926
-7.5	1.99999869722325
-7.5	1.9999986818639
-7.35	1.9999982600651
-7.35	1.99999823939105
-7.2	1.99999767294673
-7.2	1.99999764510774
-7.05	1.99999688387506
-7.05	1.99999684637488
-6.9	1.99999582273929
-6.9	1.99999577220987
-6.75	1.99999439498267
-6.75	1.99999432687933
-6.6	1.99999247306166
-6.6	1.9999923812516
-6.45	1.99998988491814
-6.45	1.99998976112507
-6.3	1.99998639842009
-6.3	1.99998623147449
-6.15	1.99998170036009
-6.15	1.99998147518726
-6	1.99997536810786
-6	1.99997506436184
-5.85	1.99996683134684
-5.85	1.99996642156656
-5.7	1.99995532042611
-5.7	1.9999547675464
-5.55	1.99993979664566
-5.55	1.99993905063778
-5.4	1.99991885815615
-5.4	1.99991785149341
-5.25	1.9998906129458
-5.25	1.9998892544837
-5.1	1.99985250740768
-5.1	1.99985067412485
-4.95	1.99980109496306
-4.95	1.99979862081644
-4.8	1.99973172380075
-4.8	1.99972838468873
-4.65	1.99963811549469
-4.65	1.99963360897307
-4.5	1.99951179643701
-4.5	1.99950571436383
-4.35	1.99934133080638
-4.35	1.99933312246368
-4.2	1.99911128603439
-4.2	1.99910020843568
-4.05	1.9988008379164
-4.05	1.99878588889096
-3.9	1.99838189064631
-3.9	1.99836171881025
-3.75	1.99781654454987
-3.75	1.99778932832617
-3.6	1.99705368785
-3.6	1.99701697316149
-3.45	1.9960244143054
-3.45	1.9959748973063
-3.3	1.99463587108946
-3.3	1.99456910820439
-3.15	1.99276301527676
-3.15	1.99267303783049
-3	1.99023759729321
-3	1.99011640226316
-2.85	1.98683349181804
-2.85	1.98667037422374
-2.7	1.98224726198688
-2.7	1.98202794940354
-2.55	1.97607258375834
-2.55	1.97577813208564
-2.4	1.96776690952158
-2.4	1.96737232669437
-2.25	1.95660859284945
-2.25	1.95608118326777
-2.1	1.94164278758288
-2.1	1.94094027135897
-1.95	1.92161506424384
-1.95	1.92068364907839
-1.8	1.89489335246315
-1.8	1.89366616255982
-1.65	1.85938230823728
-1.65	1.85777895620634
-1.5	1.81244064007509
-1.5	1.8103693116199
-1.35	1.75082261929089
-1.35	1.74818681866447
-1.2	1.67068082761989
-1.2	1.66739372643416
-1.05	1.56768703281088
-1.05	1.56369662870556
-0.9	1.43734581135731
-0.9	1.43267269764615
-0.75	1.2755761343368
-0.75	1.27036092661646
-0.6	1.0795941787279
-0.6	1.07414230537042
-0.45	0.849019354772809
-0.45	0.843818814514936
-0.3	0.586945828195013
-0.3	0.582626808375938
-0.15	0.300544718990302
-0.15	0.297762241874557
-4.44089209850063e-16	0.000738546576861454
-4.44089209850063e-16	-2.11975994213187e-06
0.15	-0.299220447166763
0.15	-0.297750213828971
0.3	-0.586003716819762
0.3	-0.582573486660933
0.45	-0.848563639670054
0.45	-0.843715710934539
0.6	-1.07959829290871
0.6	-1.07399721271559
0.75	-1.27592725338632
0.75	-1.2701911349831
0.899999999999999	-1.43790335583242
0.899999999999999	-1.43249702965489
1.05	-1.56832626627841
1.05	-1.5635300901827
1.2	-1.67131262932926
1.2	-1.66724559161588
1.35	-1.75139476429677
1.35	-1.74806111099144
1.5	-1.8129298911693
1.5	-1.81026629741229
1.65	-1.85978444587063
1.65	-1.85769670292769
1.8	-1.89521473911889
1.8	-1.89360174260384
1.95	-1.92186677170695
1.95	-1.92063391535946
2.1	-1.94183704312398
2.1	-1.94090228324726
2.25	-1.95675690408569
2.25	-1.95605239576462
2.4	-1.9678792508407
2.4	-1.96735063929719
2.55	-1.9761571847506
2.55	-1.9757618646984
2.7	-1.98231069942607
2.7	-1.98201578683557
2.85	-1.98688090926035
2.85	-1.98666130241525
3	-1.99027295731505
3	-1.99010964775255
3.15	-1.99278933820783
3.15	-1.99266801525946
3.3	-1.99465544147473
3.3	-1.99456537708036
3.45	-1.99603895057282
3.45	-1.99597212752336
3.6	-1.99706447736975
3.6	-1.99701491808927
3.75	-1.99782454890642
3.75	-1.99778780411269
3.9	-1.99838782652014
3.9	-1.9983605886276
4.05	-1.99880523860261
4.05	-1.99878505103138
4.2	-1.99911454789914
4.2	-1.99909958736481
4.35	-1.9993437481882
4.35	-1.99933266212204
4.5	-1.9995135877689
4.5	-1.99950537316588
4.65	-1.99963944280209
4.65	-1.99963335608116
4.8	-1.99973270722599
4.8	-1.9997281972412
4.95	-1.99980182356902
4.95	-1.99979848186788
5.1	-1.99985304720515
5.1	-1.99985057111675
5.25	-1.99989101285324
5.25	-1.99988917810959
5.4	-1.99991915442174
5.4	-1.99991779485718
5.55	-1.99994001612705
5.55	-1.99993900862958
5.7	-1.9999554830221
5.7	-1.99995473638
5.85	-1.99996695179986
5.85	-1.99996639843649
6	-1.99997545733989
6	-1.99997504718932
6.15	-1.99998176646258
6.15	-1.99998146243188
6.3	-1.99998644738746
6.3	-1.99998622199477
6.45	-1.99998992119125
6.45	-1.99998975407504
6.6	-1.99999249993042
6.6	-1.99999237600429
6.75	-1.99999441488437
6.75	-1.99999432296999
6.9	-1.99999583747955
6.9	-1.99999576929397
7.05	-1.99999689479159
7.05	-1.99999684419699
7.2	-1.99999768103055
7.2	-1.9999976434784
7.35	-1.99999826605041
7.35	-1.99999823816976
7.5	-1.99999870165402
7.5	-1.99999868094639
7.65	-1.99999902626471
7.65	-1.99999901087814
7.8	-1.99999926838802
7.8	-1.99999925694959
7.95	-1.99999944917681
7.95	-1.99999944066865
8.1	-1.9999995843323
8.1	-1.99999957799962
8.25	-1.99999968551294
8.25	-1.99999968079595
8.4	-1.99999976137863
8.4	-1.99999975786208
8.55	-1.99999981836476
8.55	-1.99999981574057
8.7	-1.99999986125611
8.7	-1.99999985929561
8.85	-1.99999989361226
8.85	-1.9999998921457
9	-1.9999999180831
9	-1.99999991698442
9.15	-1.99999993664288
9.15	-1.99999993581843
9.3	-1.99999995076375
9.3	-1.99999995014391
9.45	-1.99999996154462
9.45	-1.99999996107761
9.6	-1.99999996980671
9.6	-1.99999996945401
9.75	-1.99999997616456
9.75	-1.99999997589747
9.9	-1.99999998107875
9.9	-1.99999998087589
10.05	-1.99999998489506
10.05	-1.99999998474048
10.2	-1.99999998787359
10.2	-1.99999998775537
10.35	-1.99999999021043
10.35	-1.99999999011965
10.5	-1.99999999205376
10.5	-1.99999999198376
10.65	-1.99999999351588
10.65	-1.99999999346167
10.8	-1.99999999468217
10.8	-1.99999999463997
10.95	-1.99999999561773
10.95	-1.99999999558472
11.1	-1.9999999963724
11.1	-1.99999999634644
11.25	-1.9999999969845
11.25	-1.99999999696397
11.4	-1.99999999748359
11.4	-1.99999999746726
11.55	-1.99999999789262
11.55	-1.99999999787956
11.7	-1.99999999822945
11.7	-1.99999999821894
11.85	-1.99999999850809
11.85	-1.99999999849957
12	-1.99999999873959
-12	1.4180094135933e-09
-11.85	1.6853659208967e-09
-11.85	1.70389924392111e-09
-11.7	2.03332165919315e-09
-11.7	2.05574372339851e-09
-11.55	2.46388539200858e-09
-11.55	2.4911894769275e-09
-11.4	2.99963609506903e-09
-11.4	3.03307305197601e-09
-11.25	3.67005092982708e-09
-11.25	3.71122392076964e-09
-11.1	4.51369904415817e-09
-11.1	4.56465976128583e-09
-10.95	5.58128358344825e-09
-10.95	5.6447128452912e-09
-10.8	6.93964145407721e-09
-10.8	7.01901943974309e-09
-10.65	8.67710051958661e-09
-10.65	8.77699986763974e-09
-10.5	1.09107893090746e-08
-10.5	1.10372155859295e-08
-10.35	1.37962500682912e-08
-10.35	1.39571391481278e-08
-10.2	1.75405630760868e-08
-10.2	1.77463984248525e-08
-10.05	2.24199044514726e-08
-10.05	2.26845446131089e-08
-9.9	2.88031198891758e-08
-9.9	2.9145010849163e-08
-9.75	3.7183546612122e-08
-9.75	3.7627255385549e-08
-9.6	4.82218768619682e-08
-9.6	4.88001505871692e-08
-9.45	6.28038080800288e-08
-9.45	6.35603939850669e-08
-9.3	8.21178488171396e-08
-9.3	8.31112526948154e-08
-9.15	1.0776012230688e-07
-9.15	1.0906870073768e-07
-9	1.41875583873722e-07
-9	1.43604402443505e-07
-8.85	1.87348726162402e-07
-8.85	1.89638721022807e-07
-8.7	2.4806035003877e-07
-8.7	2.51100864545608e-07
-8.55	3.29234370137028e-07
-8.55	3.33279803754748e-07
-8.4	4.37905285366468e-07
-8.4	4.43297777745025e-07
-8.25	5.83549034279446e-07
-8.25	5.90748912010495e-07
-8.1	7.78934278559497e-07
-8.1	7.88561154152492e-07
-7.95	1.04127075850613e-06
-7.95	1.05415908002726e-06
-7.8	1.39375934201287e-06
-7.8	1.41103314366121e-06
-7.65	1.86768365958065e-06
-7.65	1.89085752981081e-06
-7.5	2.50523293369534e-06
-7.5	2.53634828843255e-06
-7.35	3.36331173726259e-06
-7.35	3.40512070244142e-06
-7.2	4.51868241935218e-06
-7.2	4.57489586362195e-06
-7.05	6.07490527511817e-06
-7.05	6.15052780409781e-06
-6.9	8.17170695703124e-06
-6.9	8.27348869414377e-06
-6.75	1.09976252963643e-05
-6.75	1.11346719577909e-05
-6.6	1.48070777328257e-05
-6.6	1.49916739022871e-05
-6.45	1.9943400761946e-05
-6.45	2.01921211588166e-05
-6.3	2.68699495054036e-05
-6.3	2.72051589463493e-05
-6.15	3.62120773752159e-05
-6.15	3.66639553828207e-05
-6	4.8813801809544e-05
-6	4.94230755639553e-05
-5.85	6.58142936889778e-05
-5.85	6.6635926832722e-05
-5.7	8.87511233453138e-05
-5.7	8.98592952817502e-05
-5.55	0.000119699619626582
-5.55	0.000121194446525882
-5.4	0.000161460966682607
-5.4	0.00016347757316737
-5.25	0.000217816069631263
-5.25	0.000220536833044349
-5.1	0.000293868160774479
-5.1	0.000297539236531938
-4.95	0.000396505118554677
-4.95	0.000401458742138593
-4.8	0.000535023242854333
-4.8	0.000541707824449254
-4.65	0.000721968712117755
-4.65	0.000730989441795058
-4.5	0.000974272395633707
-4.5	0.000986446019255458
-4.35	0.00131477975838567
-4.35	0.00133120845156931
-4.2	0.00177431243532608
-4.2	0.00179648340026853
-4.05	0.00239444445916762
-4.05	0.00242436413922113
-3.9	0.00323123762929386
-3.9	0.00327161246069056
-3.75	0.00436026146399963
-3.75	0.00441474109502682
-3.6	0.00588332869965995
-3.6	0.00595683288949545
-3.45	0.00793751292734217
-3.45	0.00803667022819974
-3.3	0.0107071857165719
-3.3	0.0108409209097212
-3.15	0.0144400188588486
-3.15	0.0146203372964878
-3	0.0194681386106114
-3	0.0197111692801899
-2.85	0.026235873179726
-2.85	0.0265632481759459
-2.7	0.0353357516534188
-2.7	0.035776416529285
-2.55	0.0475544835975863
-2.55	0.0481470474355532
-2.4	0.0639303606999716
-2.4	0.0647260994394339
-2.25	0.0858224828953451
-2.25	0.0868890900146902
-2.1	0.114989739166112
-2.1	0.116415847208402
-1.95	0.153672454016417
-1.95	0.155572780912192
-1.8	0.204660377211415
-1.8	0.207181004109637
-1.65	0.271315085460129
-1.65	0.274637730639106
-1.5	0.357490868863425
-1.5	0.361833943034637
-1.35	0.467265967952904
-1.35	0.472878593543428
-1.2	0.604362640604936
-1.2	0.611505904758665
-1.05	0.771122068292078
-1.05	0.780030600799323
-0.9	0.966955148182983
-0.9	0.977774319291188
-0.75	1.18638262663132
-0.75	1.19908667308655
-0.6	1.41716160556411
-0.6	1.43147913052106
-0.45	1.63950073885901
-0.45	1.65489963904858
-0.3	1.82766043000595
-0.3	1.84344756021353
-0.15	1.95474664360428
-0.15	1.97028240859334
-4.44089209850063e-16	1.99990906172529
-4.44089209850063e-16	2.01439195114383
0.15	1.95558261830516
0.15	1.96742641320321
0.3	1.83021720836352
0.3	1.83790672913953
0.45	1.64398958171772
0.45	1.647231610347
0.6	1.42318840471181
0.6	1.42268184659756
0.75	1.19323711233916
0.75	1.1901658200509
0.899999999999999	0.973912774429213
0.899999999999999	0.969477259002925
1.05	0.777630216219171
1.05	0.772777431828656
1.2	0.610095923943989
1.2	0.605443197312032
1.35	0.472097065434534
1.35	0.467973120347747
1.5	0.361429370174795
1.5	0.357957564824099
1.65	0.274447847061793
1.65	0.271626863971613
1.8	0.207107003231893
1.8	0.204871614351879
1.95	0.15555736026469
1.95	0.153817652298998
2.1	0.116427257021483
2.1	0.115090918507576
2.25	0.0869105854539188
2.25	0.0858938561784673
2.4	0.0647493942359923
2.4	0.0639812386053433
2.55	0.048168436329464
2.55	0.0475910674205633
2.7	0.0357945636302521
2.7	0.035362241956151
2.85	0.0265779679998731
2.85	0.0262551612000047
3	0.0197227785652565
3	0.0194822432441066
3.15	0.0146293251910068
3.15	0.0144503674701764
3.3	0.010847791592008
3.3	0.0107147979472695
3.45	0.00804187587880069
3.45	0.00794312329531385
3.6	0.00596075199802648
3.6	0.0058874698640965
3.75	0.00441767804742366
3.75	0.00436332171461107
3.9	0.0032738059545349
3.9	0.00323350115460031
4.05	0.00242599825509634
4.05	0.00239611989627223
4.2	0.00179769847931924
4.2	0.00177555331383417
4.35	0.0013321106297326
4.35	0.00131569925658326
4.5	0.00098711510373069
4.5	0.000974954058105361
4.65	0.000731485193178707
4.65	0.000722474271990239
4.8	0.000542074856436279
4.8	0.000535398352094299
4.95	0.000401730285952694
4.95	0.000396783557516935
5.1	0.000297740003678549
5.1	0.000294074937470985
5.25	0.00022068517627242
5.25	0.000217969705036402
5.4	0.000163587109522171
5.4	0.000161575181976126
5.55	0.000121275271598443
5.55	0.000119784583076191
5.7	8.99188892441077e-05
5.7	8.8814372204797e-05
5.85	6.66798291974286e-05
5.85	6.58614165086981e-05
6	4.94553867177078e-05
6	4.88489433318287e-05
6.15	3.66877092024727e-05
6.15	3.62383123864164e-05
6.3	2.72225992740498e-05
6.3	2.68895597817693e-05
6.45	2.02049068409593e-05
6.45	1.99580800996913e-05
6.6	1.50010307509164e-05
6.6	1.48180839865119e-05
6.75	1.11415053775469e-05
6.75	1.10058929910413e-05
6.9	8.27846699931928e-06
6.9	8.17793067486863e-06
7.05	6.15414410246967e-06
7.05	6.07960163989672e-06
7.2	4.5775136658932e-06
7.2	4.52223586133728e-06
7.35	3.40700782993273e-06
7.35	3.36600865254628e-06
7.5	2.53770175688098e-06
7.5	2.50728670862324e-06
7.65	1.89182226476939e-06
7.65	1.86925362595977e-06
7.8	1.41171546748827e-06
7.8	1.39496442989421e-06
7.95	1.05463701327579e-06
7.95	1.04219997669001e-06
8.1	7.88891763766252e-07
8.1	7.79654314442267e-07
8.25	5.90973859478556e-07
8.25	5.84109915990892e-07
8.4	4.43447447651123e-07
8.4	4.38344625782367e-07
8.55	3.33376233285775e-07
8.55	3.29580539156404e-07
8.7	2.51160030551037e-07
8.7	2.4833476164332e-07
8.85	1.89672128373767e-07
8.85	1.87567608852153e-07
9	1.43620297876623e-07
9	1.42051301092275e-07
9.15	1.090729610335e-07
9.15	1.07902047297159e-07
9.3	8.31080434101256e-08
9.3	8.22332246741561e-08
9.45	6.35526150224077e-08
9.45	6.28981563129588e-08
9.6	4.87898062691745e-08
9.6	4.82994755302001e-08
9.75	3.76157164675797e-08
9.75	3.72477411877032e-08
9.9	2.91331862338021e-08
9.9	2.88565038530918e-08
10.05	2.26730027345448e-08
10.05	2.24645265352784e-08
10.2	1.77355004756428e-08
10.2	1.75780294024245e-08
10.35	1.39470731260379e-08
10.35	1.38278159293274e-08
10.5	1.10280910329644e-08
10.5	1.09374894326682e-08
10.65	8.76884490944953e-09
10.65	8.69977423434418e-09
10.8	7.01177338413571e-09
10.8	6.95895785440832e-09
10.95	5.63832832275092e-09
10.95	5.59778149759418e-09
11.1	4.55910124467587e-09
11.1	4.5278255219235e-09
11.25	3.70638186808491e-09
11.25	3.68214940020076e-09
11.4	3.02891489667444e-09
11.4	3.01004406585055e-09
11.55	2.48759383462508e-09
11.55	2.47284563196599e-09
11.7	2.05262177625326e-09
11.7	2.04144109024658e-09
11.85	1.70062630644452e-09
11.85	1.68647170302923e-09
12	1.42736637324484e-09
-12	1.17757655559727e-11
-11.85	1.17757655559727e-11
-11.85	4.45613916501288e-11
-11.7	4.45613916501288e-11
-11.7	5.49057096618283e-11
-11.55	5.49057096618283e-11
-11.55	6.80241049462661e-11
-11.4	6.80241049462661e-11
-11.4	8.47411031410606e-11
-11.25	8.47411031410606e-11
-11.25	1.0616396668353e-10
-11.1	1.0616396668353e-10
-11.1	1.33747827896505e-10
-10.95	1.33747827896505e-10
-10.95	1.69436317241013e-10
-10.8	1.69436317241013e-10
-10.8	2.15822915734011e-10
-10.65	2.15822915734011e-10
-10.65	2.76347834506191e-10
-10.5	2.76347834506191e-10
-10.5	3.55632562020673e-10
-10.35	3.55632562020673e-10
-10.35	4.59841056653979e-10
-10.2	4.59841056653979e-10
-10.2	5.9723781884404e-10
-10.05	5.9723781884404e-10
-10.05	7.7891915806003e-10
-9.9	7.7891915806003e-10
-9.9	1.01976354383494e-09
-9.75	1.01976354383494e-09
-9.75	1.33975351152989e-09
-9.6	1.33975351152989e-09
-9.6	1.76576830282566e-09
-9.45	1.76576830282566e-09
-9.45	2.33394346039672e-09
-9.3	2.33394346039672e-09
-9.3	3.09290675914655e-09
-9.15	3.09290675914655e-09
-9.15	4.10814360526375e-09
-9	4.10814360526375e-09
-9	5.46781312835947e-09
-8.85	5.46781312835947e-09
-8.85	7.29072106986049e-09
-8.7	7.29072106986049e-09
-8.7	9.73693648787056e-09
-8.55	9.73693648787056e-09
-8.55	1.30222513236876e-08
-8.4	1.30222513236876e-08
-8.4	1.74375826987071e-08
-8.25	1.74375826987071e-08
-8.25	2.33752127364499e-08
-8.1	2.33752127364499e-08
-8.1	3.13642329307725e-08
-7.95	3.13642329307725e-08
-7.95	4.21182780462819e-08
-7.8	4.21182780462819e-08
-7.8	5.6600068982924e-08
-7.65	5.6600068982924e-08
-7.65	7.61084624219046e-08
-7.5	7.61084624219046e-08
-7.5	1.0239597893153e-07
-7.35	1.0239597893153e-07
-7.35	1.37827383800801e-07
-7.2	1.37827383800801e-07
-7.2	1.85593872839891e-07
-7.05	1.85593872839891e-07
-7.05	2.50002025782079e-07
-6.9	2.50002025782079e-07
-6.9	3.36864021719016e-07
-6.75	3.36864021719016e-07
-6.75	4.54024264341953e-07
-6.6	4.54024264341953e-07
-6.6	6.12070342768655e-07
-6.45	6.12070342768655e-07
-6.45	8.2529272879464e-07
-6.3	8.2529272879464e-07
-6.3	1.11298031343397e-06
-6.15	1.11298031343397e-06
-6.15	1.50116926788944e-06
-6	1.50116926788944e-06
-6	2.02500381985686e-06
-5.85	2.02500381985686e-06
-5.85	2.73192313629736e-06
-5.7	2.73192313629736e-06
-5.7	3.68596324466987e-06
-5.55	3.68596324466987e-06
-5.55	4.97356406592713e-06
-5.4	4.97356406592713e-06
-5.4	6.71140805944236e-06
-5.25	6.71140805944236e-06
-5.25	9.05700079249094e-06
-5.1	9.05700079249094e-06
-5.1	1.22229520582002e-05
-4.95	1.22229520582002e-05
-4.95	1.64962505598386e-05
-4.8	1.64962505598386e-05
-4.8	2.22642762273093e-05
-4.65	2.22642762273093e-05
-4.65	3.0049901399763e-05
-4.5	3.0049901399763e-05
-4.5	4.05588496089701e-05
-4.35	4.05588496089701e-05
-4.35	5.47435795223661e-05
-4.2	5.47435795223661e-05
-4.2	7.38894365971033e-05
-4.05	7.38894365971033e-05
-4.05	9.9730791397521e-05
-3.9	9.9730791397521e-05
-3.9	0.000134607523666033
-3.75	0.000134607523666033
-3.75	0.00018167572528814
-3.6	0.00018167572528814
-3.6	0.000245191148388833
-3.45	0.000245191148388833
-3.45	0.000330890040551039
-3.3	0.000330890040551039
-3.3	0.000446499966503893
-3.15	0.000446499966503893
-3.15	0.000602423416835716
-3	0.000602423416835716
-3	0.000812649802088413
-2.85	0.000812649802088413
-2.85	0.00109596696149643
-2.7	0.00109596696149643
-2.7	0.00147756117019914
-2.55	0.00147756117019914
-2.55	0.00199111323325268
-2.4	0.00199111323325268
-2.4	0.00268151376576804
-2.25	0.00268151376576804
-2.25	0.00360832520646263
-2.1	0.00360832520646263
-2.1	0.00485009650237313
-1.95	0.00485009650237313
-1.95	0.00650956274670756
-1.8	0.00650956274670756
-1.8	0.00871959541859832
-1.65	0.00871959541859832
-1.65	0.0116494539878337
-1.5	0.0116494539878337
-1.5	0.0155103759276616
-1.35	0.0155103759276616
-1.35	0.0205588586785294
-1.2	0.0205588586785294
-1.2	0.0270954693670991
-1.05	0.0270954693670991
-1.05	0.0354579377462137
-0.9	0.0354579377462137
-0.9	0.0460136320834869
-0.75	0.0460136320834869
-0.75	0.0591807924738817
-0.6	0.0591807924738817
-0.6	0.07559597922472
-0.45	0.07559597922472
-0.45	0.0969279423619101
-0.3	0.0969279423619101
-0.3	0.130409391139575
-0.15	0.130409391139575
-0.15	0.248573511823838
-4.44089209850063e-16	0.248573511823838
-4.44089209850063e-16	-0.0660080634349059
0.15	-0.0660080634349059
0.15	-0.0443632788596602
0.3	-0.0443632788596602
0.3	-0.06391616983245
0.45	-0.06391616983245
0.45	-0.06721632481502
0.6	-0.06721632481502
0.6	-0.0635603994093538
0.75	-0.0635603994093538
0.75	-0.0564836851926875
0.899999999999999	-0.0564836851926875
0.899999999999999	-0.0480430479582304
1.05	-0.0480430479582304
1.05	-0.0395376344259457
1.2	-0.0395376344259457
1.2	-0.0317244072375036
1.35	-0.0317244072375036
1.35	-0.024964236468034
1.5	-0.024964236468034
1.5	-0.0193537288393997
1.65	-0.0193537288393997
1.65	-0.0148346546737087
1.8	-0.0148346546737087
1.8	-0.0112733836988641
1.95	-0.0112733836988641
1.95	-0.0085116936241794
2.1	-0.0085116936241794
2.1	-0.00639535911500016
2.25	-0.00639535911500016
2.25	-0.00478777165640087
2.4	-0.00478777165640087
2.4	-0.00357456067072733
2.55	-0.00357456067072733
2.55	-0.00266338426599216
2.7	-0.00266338426599216
2.7	-0.00198149170081986
2.85	-0.00198149170081986
2.85	-0.00147253694880196
3	-0.00147253694880196
3	-0.00109340502325325
3.15	-0.00109340502325325
3.15	-0.0008113910843587
3.3	-0.0008113910843587
3.3	-0.000601842993110742
3.45	-0.000601842993110742
3.45	-0.000446263889479309
3.6	-0.000446263889479309
3.6	-0.000330822020782159
3.75	-0.000330822020782159
3.75	-0.000245199736416932
3.9	-0.000245199736416932
3.9	-0.00018171471276939
4.05	-0.00018171471276939
4.05	-0.000134654523732495
4.2	-0.000134654523732495
4.2	-9.9775732172064e-05
4.35	-9.9775732172064e-05
4.35	-7.39284377608934e-05
4.5	-7.39284377608934e-05
4.5	-5.47757363134191e-05
4.65	-5.47757363134191e-05
4.65	-4.05845761678096e-05
4.8	-4.05845761678096e-05
4.8	-3.00701023407127e-05
4.95	-3.00701023407127e-05
4.95	-2.22799520028496e-05
5.1	-2.22799520028496e-05
5.1	-1.65083254793909e-05
5.25	-1.65083254793909e-05
5.25	-1.22322129953165e-05
5.4	-1.22322129953165e-05
5.4	-9.0640881223386e-06
5.55	-9.0640881223386e-06
5.55	-6.71682890169905e-06
5.7	-6.71682890169905e-06
5.7	-4.97771309029284e-06
5.85	-4.97771309029284e-06
5.85	-3.68914412544413e-06
6	-3.68914412544413e-06
6	-2.73436782286384e-06
6.15	-2.73436782286384e-06
6.15	-2.0268886137615e-06
6.3	-2.0268886137615e-06
6.3	-1.50262781504969e-06
6.45	-1.50262781504969e-06
6.45	-1.11411376427392e-06
6.6	-1.11411376427392e-06
6.6	-8.26177618259871e-07
6.75	-8.26177618259871e-07
6.75	-6.12764609819269e-07
6.9	-6.12764609819269e-07
6.9	-4.54571829338689e-07
7.05	-4.54571829338689e-07
7.05	-3.37298223233325e-07
7.2	-3.37298223233325e-07
7.2	-2.50348248718839e-07
7.35	-2.50348248718839e-07
7.35	-1.85871481261754e-07
7.5	-1.85871481261754e-07
7.5	-1.38051228902219e-07
7.65	-1.38051228902219e-07
7.65	-1.02577452916816e-07
7.8	-1.02577452916816e-07
7.8	-7.62563844120474e-08
7.95	-7.62563844120474e-08
7.95	-5.67212504224651e-08
8.1	-5.67212504224651e-08
8.1	-4.22180412869377e-08
8.25	-4.22180412869377e-08
8.25	-3.1446745892606e-08
8.4	-3.1446745892606e-08
8.4	-2.34437472070478e-08
8.55	-2.34437472070478e-08
8.55	-1.74947344823738e-08
8.7	-1.74947344823738e-08
8.7	-1.30700850815261e-08
8.85	-1.30700850815261e-08
8.85	-9.77710847595328e-09
9	-9.77710847595328e-09
9	-7.32455308415634e-09
9.15	-7.32455308415634e-09
9.15	-5.4963901656481e-09
9.3	-5.4963901656481e-09
9.3	-4.13233456584112e-09
9.45	-4.13233456584112e-09
9.45	-3.11343400889198e-09
9.6	-3.11343400889198e-09
9.6	-2.35139022563605e-09
9.75	-2.35139022563605e-09
9.75	-1.78062603615748e-09
9.9	-1.78062603615748e-09
9.9	-1.35242633065629e-09
10.05	-1.35242633065629e-09
10.05	-1.03058303338164e-09
10.2	-1.03058303338164e-09
10.2	-7.88169533983814e-10
10.35	-7.88169533983814e-10
10.35	-6.05158888662459e-10
10.5	-6.05158888662459e-10
10.5	-4.66620817752139e-10
10.65	-4.66620817752139e-10
10.65	-3.61441248373633e-10
10.8	-3.61441248373633e-10
10.8	-2.81334956017377e-10
10.95	-2.81334956017377e-10
10.95	-2.20103935520586e-10
11.1	-2.20103935520586e-10
11.1	-1.73114856072402e-10
11.25	-1.73114856072402e-10
11.25	-1.36906782397366e-10
11.4	-1.36906782397366e-10
11.4	-1.08872910813147e-10
11.55	-1.08872910813147e-10
11.55	-8.70725714600096e-11
11.7	-8.70725714600096e-11
11.7	-7.00373093427656e-11
11.85	-7.00373093427656e-11
11.85	-5.68019705737642e-11
12	-5.68019705737642e-11
