1	2
40
-12	1.99999999888934
-10.8	1.99999999714124
-10.8	1.99999999695022
-9.6	1.99999999118337
-9.6	1.99999999044021
-8.4	1.99999996631378
-8.4	1.99999996162725
-7.2	1.99999978296788
-7.2	1.99999972771627
-6	1.99999737131449
-6	1.99999648314134
-4.8	1.99995732062449
-4.8	1.99994184373118
-3.6	1.99925467988494
-3.6	1.99898055788072
-2.4	1.98686135755676
-2.4	1.98203822353504
-1.2	1.7872450851957
-1.2	1.7150951002849
-4.44089209850063e-16	0.195130808973241
-4.44089209850063e-16	-0.0219598644506197
1.2	-1.94711417857579
1.2	-1.65497134638331
2.4	-2.06149605478006
2.4	-1.97485338487044
3.6	-2.00529974401322
3.6	-1.99855410354705
4.8	-2.00030690987536
4.8	-1.99991771457028
6	-2.00001711433269
6	-1.99999509773638
7.2	-2.00000091063085
7.2	-1.99999964014335
8.4	-2.00000003451258
8.4	-1.99999995336038
9.6	-1.99999999630962
9.6	-1.99999998880213
10.8	-1.99999999778183
10.8	-1.99999999644401
12	-1.9999999990837
-12	1.14201944197608e-09
-10.8	2.10149231349988e-09
-10.8	3.58064726017441e-09
-9.6	7.30788873859466e-09
-9.6	1.23378189146687e-08
-8.4	3.58087022996519e-08
-8.4	5.69393863540194e-08
-7.2	3.33327883998239e-07
-7.2	4.83860487417628e-07
-6	4.92518401118414e-06
-6	6.84227537591416e-06
-4.8	8.42284119044005e-05
-4.8	0.000115772517625216
-3.6	0.00148638890885196
-3.6	0.00206079937110008
-2.4	0.0261764936553991
-2.4	0.0420777263225983
-1.2	0.402827673111198
-1.2	0.904819156600169
-4.44089209850063e-16	1.99027215422924
-4.44089209850063e-16	2.09119964832087
1.2	0.630485896401919
1.2	0.48317514095878
2.4	0.0499617535688705
2.4	0.0366147580772491
3.6	0.00288651494674793
3.6	0.00210934649489329
4.8	0.000163358879015085
4.8	0.000119531703354584
6	9.44577778697978e-06
6	6.96275383479013e-06
7.2	6.09498895983348e-07
7.2	4.64245202465759e-07
8.4	5.82477812279455e-08
8.4	4.84095872647454e-08
9.6	1.08013929282317e-08
9.6	9.7455010727998e-09
10.8	3.03565358035958e-09
10.8	2.7995206153264e-09
12	1.02271672612157e-09
-12	1.33873097925844e-10
-10.8	1.33873097925844e-10
-10.8	1.59911899013845e-10
-9.6	1.59911899013845e-10
-9.6	6.21206796449154e-10
-8.4	6.21206796449154e-10
-8.4	3.91181427106109e-09
-7.2	3.91181427106109e-09
-7.2	4.60647832175474e-08
-6	4.60647832175474e-08
-6	7.40229137494145e-07
-4.8	7.40229137494145e-07
-4.8	1.29002807479478e-05
-3.6	1.29002807479478e-05
-3.6	0.000229247495404954
-2.4	0.000229247495404954
-2.4	0.00426530169456009
-1.2	0.00426530169456009
-1.2	0.125901336491243
-4.44089209850063e-16	0.125901336491243
-4.44089209850063e-16	-0.367500361480487
1.2	-0.367500361480487
1.2	-0.262025498701442
2.4	-0.262025498701442
2.4	-0.0725622659998683
3.6	-0.0725622659998683
3.6	-0.00562297500551215
4.8	-0.00562297500551215
4.8	-0.000324336554095274
6	-0.000324336554095274
6	-1.83476725782112e-05
7.2	-1.83476725782112e-05
7.2	-1.05887590975638e-06
8.4	-1.05887590975638e-06
8.4	-6.76662377269109e-08
9.6	-6.76662377269109e-08
9.6	-6.26803222548001e-09
10.8	-6.26803222548001e-09
10.8	-1.11830766994539e-09
12	-1.11830766994539e-09
