1	2
80
-12	1.99999999876739
-11.4	1.99999999776414
-11.4	1.99999999766081
-10.8	1.99999999553352
-10.8	1.99999999528441
-10.2	1.9999999903788
-10.2	1.99999998971764
-9.6	1.99999997726199
-9.6	1.99999997535218
-9	1.99999994067796
-9	1.99999993480048
-8.4	1.99999983087084
-8.4	1.99999981201011
-7.8	1.99999948407626
-7.8	1.99999942199795
-7.2	1.99999835336804
-7.2	1.99999814604123
-6.6	1.99999459724413
-6.6	1.99999389916651
-6	1.99998198764074
-6	1.99997962668919
-5.4	1.99993941002632
-5.4	1.99993140589121
-4.8	1.99979519111549
-4.8	1.99976802170156
-4.2	1.99930590724995
-4.2	1.99921363999057
-3.6	1.99764501081858
-3.6	1.99733181169855
-3	1.99201121795209
-3	1.99095084378497
-2.4	1.97297646353172
-2.4	1.96942018604776
-1.8	1.90955709248653
-1.8	1.89800784420884
-1.2	1.70773966401202
-1.2	1.67404234071313
-0.6	1.14786221128643
-0.6	1.07823782726377
-4.44089209850063e-16	0.0390406621623582
-4.44089209850063e-16	-0.00108927393844471
0.6	-1.14168805385863
0.6	-1.07056821156615
1.2	-1.74199515358408
1.2	-1.66597136101574
1.8	-1.92968589110028
1.8	-1.89455304258423
2.4	-1.98027684917099
2.4	-1.96828309006791
3	-1.99429829078596
3	-1.99060502725218
3.6	-1.9983304501824
3.6	-1.99722906791078
4.2	-1.99950865914966
4.2	-1.99918331688044
4.8	-1.99985494027606
4.8	-1.99975908577869
5.4	-1.99995700180118
5.4	-1.99992877129527
6	-1.99998716765542
6	-1.99997884836169
6.6	-1.99999612353012
6.6	-1.99999366821878
7.2	-1.99999880364492
7.2	-1.99999807690045
7.8	-1.99999961719205
7.8	-1.9999994009307
8.4	-1.99999987035634
8.4	-1.99999980537268
9	-1.99999995245143
9	-1.99999993258276
9.6	-1.99999998079974
9.6	-1.99999997454082
10.2	-1.9999999914536
10.2	-1.99999998938443
10.8	-1.99999999586515
10.8	-1.99999999513085
11.4	-1.99999999786895
11.4	-1.99999999758352
12	-1.99999999884903
-12	1.33293746410838e-09
-11.4	2.37022623750249e-09
-11.4	2.72539398456691e-09
-10.8	5.22245284055127e-09
-10.8	5.99094625760205e-09
-10.2	1.26133525846228e-08
-10.2	1.44275539663378e-08
-9.6	3.35453413195334e-08
-9.6	3.82610373013866e-08
-9	9.70717365748423e-08
-9	1.10460441164288e-07
-8.4	2.99133309603998e-07
-8.4	3.39835719564973e-07
-7.8	9.60738579802722e-07
-7.8	1.0903383362848e-06
-7.2	3.16382549603311e-06
-7.2	3.58842670837115e-06
-6.6	1.05696037048612e-05
-6.6	1.19839663681454e-05
-6	3.55942159021202e-05
-6	4.03496297814628e-05
-5.4	0.000120392326666829
-5.4	0.000136464140566191
-4.8	0.000408160748336013
-4.8	0.000462640968215504
-4.2	0.00138531808778579
-4.2	0.00157039908725842
-3.6	0.00470239854793183
-3.6	0.00533310168246537
-3	0.0159368581527778
-3	0.0181030893705358
-2.4	0.0536658889345502
-2.4	0.0612744116264152
-1.8	0.1767669250523
-1.8	0.204789353082669
-1.2	0.541762569040119
-1.2	0.644885711028764
-0.6	1.34112932318962
-0.6	1.59822857771371
-4.44089209850063e-16	1.99952772827261
-4.44089209850063e-16	2.13806359269225
0.6	1.42686552025448
0.6	1.37245742580428
1.2	0.612219718155455
1.2	0.556633828827853
1.8	0.205305344882324
1.8	0.182852327026967
2.4	0.0629146944145209
2.4	0.055669621953552
3	0.0187369553448898
3	0.0165470221007987
3.6	0.00553318091186195
3.6	0.00488381664355053
4.2	0.00163038367268165
4.2	0.00143890026177651
4.8	0.000480349659441141
4.8	0.000423968789117583
5.4	0.000141660659229714
5.4	0.000125062103969083
6	4.18674915869666e-05
6	3.69784270504159e-05
6.6	1.24243992201863e-05
6.6	1.09826787116537e-05
7.2	3.71473435123448e-06
7.2	3.28865557304899e-06
7.8	1.12576878856056e-06
7.8	9.99334591004577e-07
8.4	3.49348343216723e-07
8.4	3.11550206003967e-07
9	1.12781464537785e-07
9	1.01329084012392e-07
9.6	3.86949239317147e-08
9.6	3.51425962404524e-08
10.2	1.44261987540991e-08
10.2	1.32803679164794e-08
10.8	5.92407308393678e-09
10.8	5.53105487336818e-09
11.4	2.67267023327615e-09
11.4	2.52101450826103e-09
12	1.30694048176376e-09
-12	6.65101307941394e-11
-11.4	6.65101307941394e-11
-11.4	1.72880969095209e-10
-10.8	1.72880969095209e-10
-10.8	4.1617672421038e-10
-10.2	4.1617672421038e-10
-10.2	1.10373415025657e-09
-9.6	1.10373415025657e-09
-9.6	3.18629795921655e-09
-9	3.18629795921655e-09
-9	9.80178403389129e-09
-8.4	9.80178403389129e-09
-8.4	3.14454832411612e-08
-7.8	3.14454832411612e-08
-7.8	1.03483866878262e-07
-7.2	1.03483866878262e-07
-7.2	3.45581820023006e-07
-6.6	3.45581820023006e-07
-6.6	1.16353651451042e-06
-6	1.16353651451042e-06
-6	3.93512124520312e-06
-5.4	3.93512124520312e-06
-5.4	1.33413614094956e-05
-4.8	1.33413614094956e-05
-4.8	4.52932543810315e-05
-4.2	4.52932543810315e-05
-4.2	0.000153900385050017
-3.6	0.000153900385050017
-3.6	0.00052339436844777
-3	0.00052339436844777
-3	0.00178337558925455
-2.4	0.00178337558925455
-2.4	0.00611205806616626
-1.8	0.00611205806616626
-1.8	0.0213534132152598
-1.2	0.0213534132152598
-1.2	0.0796089456134937
-0.6	0.0796089456134937
-0.6	0.415440293552247
-4.44089209850063e-16	0.415440293552247
-4.44089209850063e-16	-0.234107569828666
0.6	-0.234107569828666
0.6	-0.168576511974648
1.2	-0.168576511974648
1.2	-0.140954810830401
1.8	-0.140954810830401
1.8	-0.0604462670406422
2.4	-0.0604462670406422
2.4	-0.0201783677171129
3	-0.0201783677171129
3	-0.00617251853150331
3.6	-0.00617251853150331
3.6	-0.00183713852692816
4.2	-0.00183713852692816
4.2	-0.000542369236144441
4.8	-0.000542369236144441
4.8	-0.000159769774318758
5.4	-0.000159769774318758
5.4	-4.70523438700674e-05
6	-4.70523438700674e-05
6	-1.38658555010768e-05
6.6	-1.38658555010768e-05
6.6	-4.09234567561397e-06
7.2	-4.09234567561397e-06
7.2	-1.21132475891807e-06
7.8	-1.21132475891807e-06
7.8	-3.60481196962506e-07
8.4	-3.60481196962506e-07
8.4	-1.08331047741537e-07
9	-1.08331047741537e-07
9	-3.31281239263598e-08
9.6	-3.31281239263598e-08
9.6	-1.04390271391711e-08
10.2	-1.04390271391711e-08
10.2	-3.45273366731661e-09
10.8	-3.45273366731661e-09
10.8	-1.22604963434375e-09
11.4	-1.22604963434375e-09
11.4	-4.76397440442066e-10
12	-4.76397440442066e-10
