1	2
20
-12	1.99999999457357
-9.6	1.999963857759
-9.6	1.99993494176632
-7.2	2.00041924933726
-7.2	2.00080681134873
-4.8	1.99431166455572
-4.8	1.98912479933683
-2.4	2.07544855165866
-2.4	2.14611807520449
-4.44089209850063e-16	0.592504572018208
-4.44089209850063e-16	-0.162443182241027
2.4	-2.63326528015773
2.4	-2.00706502040614
4.8	-1.99609663388285
4.8	-1.99947216922214
7.2	-2.00029053551709
7.2	-2.00003895179184
9.6	-1.99997834188524
9.6	-1.99999694577987
12	-2.00000135774729
-12	-9.03972044839311e-06
-9.6	6.3249974698402e-05
-9.6	0.000121174332269232
-7.2	-0.000847730071303251
-7.2	-0.00161607783200457
-4.8	0.0113510881630345
-4.8	0.0229230410424407
-2.4	-0.15375081637711
-2.4	0.0182167707139507
-4.44089209850063e-16	1.90558432214729
-4.44089209850063e-16	1.55134204729087
2.4	-0.0141574147195495
2.4	-0.00738274648585946
4.8	0.00105564292606867
4.8	0.000550574651933718
7.2	-7.83045928594757e-05
7.2	-4.07460100828224e-05
9.6	5.74974313216625e-06
9.6	2.96893498415625e-06
12	-4.26495329423441e-07
-12	1.76927952075021e-09
-9.6	1.76927952075021e-09
-9.6	1.20472157753782e-05
-7.2	1.20472157753782e-05
-7.2	0.00016168138030596
-4.8	0.00016168138030596
-4.8	0.00212685970219753
-2.4	0.00212685970219753
-2.4	0.0430079701380855
-4.44089209850063e-16	0.0430079701380855
-4.44089209850063e-16	-0.450063155235063
2.4	-0.450063155235063
2.4	-0.260710510961782
4.8	-0.260710510961782
4.8	-0.0014064816698541
7.2	-0.0014064816698541
7.2	-0.00010481275434048
9.6	-0.00010481275434048
9.6	-7.74929548704032e-06
12	-7.74929548704032e-06
