1	2
160
-12	1.99999999874053
-11.7	1.99999999826332
-11.7	1.99999999823593
-11.4	1.99999999754113
-11.4	1.99999999749909
-11.1	1.99999999646877
-11.1	1.99999999640277
-10.8	1.99999999484319
-10.8	1.99999999473721
-10.5	1.99999999232387
-10.5	1.99999999214998
-10.2	1.99999998832989
-10.2	1.99999998803892
-9.9	1.99999998185583
-9.9	1.99999998136039
-9.6	1.99999997114064
-9.6	1.99999997028452
-9.3	1.99999995307022
-9.3	1.99999995157266
-9	1.99999992209595
-9	1.99999991945049
-8.7	1.99999986827348
-8.7	1.99999986356374
-8.4	1.99999977369984
-8.4	1.99999976526418
-8.1	1.99999960603355
-8.1	1.99999959085397
-7.8	1.99999930669896
-7.8	1.9999992792872
-7.5	1.9999987693998
-7.5	1.99999871976618
-7.2	1.99999780096136
-7.2	1.99999771091046
-6.9	1.99999604994199
-6.9	1.99999588631545
-6.6	1.99999287644993
-6.6	1.99999257879919
-6.3	1.99998711469728
-6.3	1.99998657279277
-6	1.99997663985322
-6	1.99997565264868
-5.7	1.9999575778299
-5.7	1.99995577858949
-5.4	1.99992286358135
-5.4	1.9999195832729
-5.1	1.99985961080336
-5.1	1.99985362888279
-4.8	1.99974431342173
-4.8	1.99973340328064
-4.5	1.99953409304805
-4.5	1.99951419328839
-4.2	1.999150739732
-4.2	1.99911444444156
-3.9	1.99845163119698
-3.9	1.99838544358359
-3.6	1.99717680666745
-3.6	1.9970561563295
-3.3	1.99485285844459
-3.3	1.99463310525182
-3	1.99061912700673
-3	1.99021946523059
-2.7	1.98291576789838
-2.7	1.9821909117523
-2.4	1.96893176397552
-2.4	1.96762373518853
-2.1	1.94365380570652
-2.1	1.94131505863653
-1.8	1.89831012773371
-1.8	1.89419785068111
-1.5	1.81808447687028
-1.5	1.81106938326074
-1.2	1.67954648765542
-1.2	1.66821383840916
-0.9	1.45007336799809
-0.9	1.43346496840708
-0.6	1.09511538717771
-0.6	1.07468144339416
-0.3	0.600758379267983
-0.3	0.582779809271374
-4.44089209850063e-16	0.00567030311308414
-4.44089209850063e-16	-4.49099236219941e-05
0.3	-0.593493511970293
0.3	-0.582405016612973
0.6	-1.09495432763511
0.6	-1.0735890082594
0.899999999999999	-1.45421443448772
0.899999999999999	-1.43213990136388
1.2	-1.68438616174695
1.2	-1.66709999589635
1.5	-1.82189227557341
1.5	-1.81029721103341
1.8	-1.90083351924585
1.8	-1.89371621035461
2.1	-1.94518583709425
2.1	-1.94103164385834
2.4	-1.9698194435294
2.4	-1.96746223273316
2.7	-1.98341724045533
2.7	-1.98210049016024
3	-1.99089853831743
3	-1.99016932769067
3.3	-1.99500737206297
3.3	-1.99460545128501
3.6	-1.99726190106588
3.6	-1.99704094716026
3.9	-1.99849838963181
3.9	-1.99837709161685
4.2	-1.99917640171558
4.2	-1.99910986160825
4.5	-1.99954816770538
4.5	-1.99951167948091
4.8	-1.99975203026209
4.8	-1.99973202447336
5.1	-1.99986384111645
5.1	-1.99985287250503
5.4	-1.99992518248053
5.4	-1.99991916820318
5.7	-1.99995884897578
5.7	-1.99995555068901
6	-1.99997733669108
6	-1.99997552741144
6.3	-1.9999874967335
6.3	-1.99998650388743
6.6	-1.99999308592111
6.6	-1.99999254082077
6.9	-1.99999616480982
6.9	-1.99999586533029
7.2	-1.99999786395985
7.2	-1.99999769927362
7.5	-1.99999880395517
7.5	-1.99999871328086
7.8	-1.99999932565461
7.8	-1.99999927564767
8.1	-1.99999961643187
8.1	-1.99999958879201
8.4	-1.99999977940309
8.4	-1.99999976408106
8.7	-1.99999987140028
8.7	-1.99999986287359
9	-1.99999992380873
9	-1.99999991903948
9.3	-1.99999995400696
9.3	-1.99999995132174
9.6	-1.9999999716516
9.6	-1.99999997012695
9.9	-1.99999998213333
9.9	-1.99999998125841
10.2	-1.99999998847957
10.2	-1.9999999879709
10.5	-1.99999999240373
10.5	-1.99999999210332
10.8	-1.99999999488508
10.8	-1.99999999470441
11.1	-1.99999999649017
11.1	-1.99999999637926
11.4	-1.99999999755159
11.4	-1.99999999748198
11.7	-1.99999999826807
11.7	-1.99999999822332
12	-1.99999999876061
-12	1.40967237882705e-09
-11.7	1.95821285113121e-09
-11.7	2.03802308362811e-09
-11.4	2.87955141213086e-09
-11.4	2.99751038805121e-09
-11.1	4.3185203561317e-09
-11.1	4.49626040103606e-09
-10.8	6.61722158549577e-09
-10.8	6.89091746626974e-09
-10.5	1.03704023146633e-08
-10.5	1.08014878523003e-08
-10.2	1.6623365646969e-08
-10.2	1.73177849838169e-08
-9.9	2.72296814725811e-08
-9.9	2.83723829615685e-08
-9.6	4.54990726576435e-08
-9.6	4.74162790512861e-08
-9.3	7.73730820154605e-08
-9.3	8.0644895946354e-08
-9	1.33561840846378e-07
-9	1.39226332684927e-07
-8.7	2.33431509677473e-07
-8.7	2.43355327000928e-07
-8.4	4.12082462967572e-07
-8.4	4.29634678944523e-07
-8.1	7.33244993611491e-07
-8.1	7.64523440851169e-07
-7.8	1.31278413251224e-06
-7.8	1.36884886166773e-06
-7.5	2.36155553260768e-06
-7.5	2.46249865017608e-06
-7.2	4.26356293455517e-06
-7.2	4.44592764677528e-06
-6.9	7.71852085801328e-06
-6.9	8.04882986704667e-06
-6.6	1.40019290969147e-05
-6.6	1.46013585096879e-05
-6.3	2.5439562599446e-05
-6.3	2.65289509493449e-05
-6	4.62731956167121e-05
-6	4.82551566801289e-05
-5.7	8.42401727152442e-05
-5.7	8.78489117324873e-05
-5.4	0.000153455361230718
-5.4	0.000160030031785366
-5.1	0.000279668822023015
-5.1	0.000291652311664355
-4.8	0.0005098556447658
-4.8	0.000531704693561934
-4.5	0.000929700576532226
-4.5	0.000969546378028301
-4.2	0.0016954531164289
-4.2	0.00176813094456755
-3.9	0.00309188446327028
-3.9	0.00322445982273934
-3.6	0.00563746825950211
-3.6	0.00587931265884374
-3.3	0.0102743787516994
-3.3	0.010715525935705
-3	0.0187087644092839
-3	0.0195132972355353
-2.7	0.0340104239696645
-2.7	0.0354769856124777
-2.4	0.0616375660819268
-2.4	0.0643081416865044
-2.1	0.111083088476614
-2.1	0.115934619660714
-1.8	0.198180165693707
-1.8	0.20694399175761
-1.5	0.347245865674027
-1.5	0.362858696028622
-1.2	0.589511673530808
-1.2	0.61641226847435
-0.9	0.948580235004106
-0.9	0.991605647626793
-0.6	1.4002844755294
-0.6	1.45988635968541
-0.3	1.81945770544891
-0.3	1.88559681385443
-4.44089209850063e-16	1.9999010551539
-4.44089209850063e-16	2.05208516147628
0.3	1.83031529150899
0.3	1.85093305406734
0.6	1.42362672862681
0.6	1.41591492863568
0.899999999999999	0.974424314913477
0.899999999999999	0.956061979768864
1.2	0.610338686605675
1.2	0.593274728039068
1.5	0.36137344292781
1.5	0.349236458762084
1.8	0.206890277763375
1.8	0.19926007986785
2.1	0.116176209062098
2.1	0.111674100560155
2.4	0.0645298784200048
2.4	0.0619617176928525
2.7	0.0356267064501129
2.7	0.0341882491924336
3	0.0196040323925691
3	0.0188062998534866
3.3	0.010767881008471
3.3	0.0103278686747576
3.6	0.00590878807742667
3.6	0.00566680247266064
3.9	0.00324084031228855
3.9	0.00310797325617636
4.2	0.00177716972295923
4.2	0.00170427926559969
4.5	0.000974513746039297
4.5	0.000934544242913542
4.8	0.00053442770406568
4.8	0.000512515144153181
5.1	0.000293142349262106
5.1	0.000281130106298821
5.4	0.000160844139761954
5.4	0.000154259059158187
5.7	8.82930127713936e-05
5.7	8.4682788576244e-05
6	4.84969655567547e-05
6	4.651739346014e-05
6.3	2.66603015693553e-05
6.3	2.55746177465118e-05
6.6	1.46724847989906e-05
6.6	1.40768664591561e-05
6.9	8.08718230604908e-06
6.9	7.76028289184439e-06
7.2	4.46648892538093e-06
7.2	4.28697174648107e-06
7.5	2.47343425148946e-06
7.5	2.37477690549308e-06
7.8	1.37460018626949e-06
7.8	1.32032531796611e-06
8.1	7.67499938418108e-07
8.1	7.37600284554198e-07
8.4	4.31138788374122e-07
8.4	4.14636909991848e-07
8.7	2.44087690800163e-07
8.7	2.34957773237454e-07
9	1.39561321018296e-07
9	1.34493583677416e-07
9.3	8.07806340337908e-08
9.3	7.79556145561839e-08
9.6	4.74562678043357e-08
9.6	4.58726160760628e-08
9.9	2.83695948214794e-08
9.9	2.7475401213432e-08
10.2	1.72985640626659e-08
10.2	1.67890027806076e-08
10.5	1.07783234189658e-08
10.5	1.04845909731921e-08
10.8	6.86920890539491e-09
10.8	6.69750995404193e-09
11.1	4.47793579994028e-09
11.1	4.37591074486931e-09
11.4	2.98289171141163e-09
11.4	2.92085911013374e-09
11.7	2.02731757307599e-09
11.7	1.98569975277488e-09
12	1.40555493170306e-09
-12	3.01077681530497e-11
-11.7	3.01077681530497e-11
-11.7	9.14224252824236e-11
-11.4	9.14224252824236e-11
-11.4	1.40253734763973e-10
-11.1	1.40253734763973e-10
-11.1	2.20168328495793e-10
-10.8	2.20168328495793e-10
-10.8	3.53494272036587e-10
-10.5	3.53494272036587e-10
-10.5	5.79914637663962e-10
-10.2	5.79914637663962e-10
-10.2	9.70312726370592e-10
-9.9	9.70312726370592e-10
-9.9	1.65198301447383e-09
-9.6	1.65198301447383e-09
-9.6	2.85444784397287e-09
-9.3	2.85444784397287e-09
-9.3	4.99280040507326e-09
-9	4.99280040507326e-09
-9	8.81949153160405e-09
-8.7	8.81949153160405e-09
-8.7	1.57008657366291e-08
-8.4	1.57008657366291e-08
-8.4	2.81211942421908e-08
-8.1	2.81211942421908e-08
-8.1	5.0601733060072e-08
-7.8	5.0601733060072e-08
-7.8	9.13768262790321e-08
-7.5	9.13768262790321e-08
-7.5	1.65451255997305e-07
-7.2	1.65451255997305e-07
-7.2	3.00177848239339e-07
-6.9	3.00177848239339e-07
-6.9	5.45433734746869e-07
-6.6	5.45433734746869e-07
-6.6	9.92188240930852e-07
-6.3	9.92188240930852e-07
-6.3	1.80638396259042e-06
-6	1.80638396259042e-06
-6	3.29076237628935e-06
-5.7	3.29076237628935e-06
-5.7	5.9976846420121e-06
-5.4	5.9976846420121e-06
-5.4	1.09350118867844e-05
-5.1	1.09350118867844e-05
-5.1	1.9941802830186e-05
-4.8	1.9941802830186e-05
-4.8	3.63738832332264e-05
-4.5	3.63738832332264e-05
-4.5	6.63547943038994e-05
-4.2	6.63547943038994e-05
-4.2	0.000121058118270002
-3.9	0.000121058118270002
-3.9	0.000220870629317546
-3.6	0.000220870629317546
-3.6	0.000402983207367291
-3.3	0.000402983207367291
-3.3	0.000735221739711815
-3	0.000735221739711815
-3	0.00134121427519052
-2.7	0.00134121427519052
-2.7	0.00244607724285504
-2.4	0.00244607724285504
-2.4	0.00445900017353198
-2.1	0.00445900017353198
-2.1	0.00812144335811344
-1.8	0.00812144335811344
-1.8	0.0147699880025108
-1.5	0.0147699880025108
-1.5	0.0267960122906651
-1.2	0.0267960122906651
-1.2	0.0484567268991785
-0.9	0.0484567268991785
-0.9	0.0875769371467905
-0.6	0.0875769371467905
-0.6	0.162615550427518
-0.3	0.162615550427518
-0.3	0.407365453225996
-4.44089209850063e-16	0.407365453225996
-4.44089209850063e-16	-0.128387362862175
0.3	-0.128387362862175
0.3	-0.0881424661472978
0.6	-0.0881424661472978
0.6	-0.112695035547403
0.899999999999999	-0.112695035547403
0.899999999999999	-0.094440759548255
1.2	-0.094440759548255
1.2	-0.0660598205172186
1.5	-0.0660598205172186
1.5	-0.0416586943368648
1.8	-0.0416586943368648
1.8	-0.0247199471814731
2.1	-0.0247199471814731
2.1	-0.0141629652403071
2.4	-0.0141629652403071
2.4	-0.00795505962176278
2.7	-0.00795505962176278
2.7	-0.00441899788481821
3	-0.00441899788481821
3	-0.00243974407924977
3.3	-0.00243974407924977
3.3	-0.00134246593069932
3.6	-0.00134246593069932
3.6	-0.000737335686847509
3.9	-0.000737335686847509
3.9	-0.000404574476249182
4.2	-0.000404574476249182
4.2	-0.000221875026714118
4.5	-0.000221875026714118
4.5	-0.000121649979179848
4.8	-0.000121649979179848
4.8	-6.66928280919701e-05
5.1	-6.66928280919701e-05
5.1	-3.65641613166579e-05
5.4	-3.65641613166579e-05
5.4	-2.00482724867894e-05
5.7	-2.00482724867894e-05
5.7	-1.09945255364821e-05
6	-1.09945255364821e-05
6	-6.03102625538153e-06
6.3	-6.03102625538153e-06
6.3	-3.30953220290565e-06
6.6	-3.30953220290565e-06
6.6	-1.81702728728048e-06
6.9	-1.81702728728048e-06
6.9	-9.9828225728968e-07
7.2	-9.9828225728968e-07
7.2	-5.48966141028611e-07
7.5	-5.48966141028611e-07
7.5	-3.02256397864814e-07
7.8	-3.02256397864814e-07
7.8	-1.66696167530606e-07
8.1	-1.66696167530606e-07
8.1	-9.21375780613122e-08
8.4	-9.21375780613122e-08
8.4	-5.10769192057154e-08
8.7	-5.10769192057154e-08
8.7	-2.84248699014331e-08
9	-2.84248699014331e-08
9	-1.58994097014824e-08
9.3	-1.58994097014824e-08
9.3	-8.95215992672185e-09
9.6	-8.95215992672185e-09
9.6	-5.08322427263436e-09
9.9	-5.08322427263436e-09
9.9	-2.91716949103601e-09
10.2	-2.91716949103601e-09
10.2	-1.69613953345708e-09
10.5	-1.69613953345708e-09
10.5	-1.0017794034365e-09
10.8	-1.0017794034365e-09
10.8	-6.02564666159047e-10
11.1	-6.02564666159047e-10
11.1	-3.69927792664427e-10
11.4	-3.69927792664427e-10
11.4	-2.32169099007921e-10
11.7	-2.32169099007921e-10
11.7	-1.4892309618961e-10
12	-1.4892309618961e-10
