1	0
80
0	8.45378831291349e-06
0.025	0.041780082994076
0.025	0.0417972086340681
0.05	0.0832630205116264
0.05	0.0832807955979039
0.075	0.124127116190112
0.075	0.124146071256352
0.1	0.164042465270697
0.1	0.16406317432479
0.125	0.202653774569539
0.125	0.202676895171813
0.15	0.239568165198254
0.15	0.239594594804864
0.175	0.274341676401338
0.175	0.274372562704891
0.2	0.306461060524321
0.2	0.306497944432728
0.225	0.335319893371844
0.225	0.3353648939916
0.25	0.360186065558594
0.25	0.360242157680702
0.275	0.380156584899249
0.275	0.380228011970417
0.3	0.39409357011031
0.3	0.394186431445161
0.325	0.400532498009568
0.325	0.400655460906549
0.35	0.397550789005625
0.35	0.397715434136537
0.375	0.382585661270733
0.375	0.382804161218094
0.4	0.352212183724261
0.4	0.352483408906885
0.425	0.302001790103906
0.425	0.30225778322677
0.45	0.22699278889473
0.45	0.226964328172227
0.475	0.124403919573062
0.475	0.12361232756967
0.5	0.000678995059364931
0.5	-0.000678993697529676
0.525	-0.123612326022596
0.525	-0.12440392444634
0.55	-0.226964309684158
0.55	-0.226992668912131
0.575	-0.302258194780671
0.575	-0.302001788757329
0.6	-0.352483409023421
0.6	-0.352212183724179
0.625	-0.382804161218006
0.625	-0.382585661270668
0.65	-0.39771543413651
0.65	-0.3975507890056
0.675	-0.400655460906517
0.675	-0.400532498009539
0.7	-0.394186431445135
0.7	-0.394093570110297
0.725	-0.380228011970385
0.725	-0.380156584899224
0.75	-0.360242157680652
0.75	-0.360186065558589
0.775	-0.335364893991618
0.775	-0.335319893371852
0.8	-0.30649794443263
0.8	-0.306461060524936
0.825	-0.274372562702377
0.825	-0.27434167639778
0.85	-0.239594594801714
0.85	-0.239568049017203
0.875	-0.2026773287537
0.875	-0.202653975043776
0.9	-0.164063197987538
0.9	-0.164042518746974
0.925	-0.124146003633782
0.925	-0.124127050366365
0.95	-0.0832808141849316
0.95	-0.0832630207883099
0.975	-0.0417972085898658
0.975	-0.0417800317722629
1	-8.64496244762022e-06
