1	0
80
0	0.49949974151808
0.025	0.499549747801568
0.025	0.499549746351886
0.05	0.499599741963213
0.05	0.499599742446656
0.075	0.49964974829591
0.075	0.499649748591474
0.1	0.49969974146567
0.1	0.49969974709466
0.125	0.499749737741179
0.125	0.499749743882558
0.15	0.499799747747105
0.15	0.499799744618642
0.175	0.499849743467981
0.175	0.499849744204062
0.2	0.499899747472862
0.2	0.499899746995001
0.225	0.499949746416911
0.225	0.499949741123925
0.25	0.499999747459384
0.25	0.499999743094701
0.275	0.500049748156294
0.275	0.500049746989671
0.3	0.500099747116717
0.3	0.500099747043278
0.325	0.500149747090995
0.325	0.500149746655451
0.35	0.500199742475322
0.35	0.500199742432
0.375	0.500249748258378
0.375	0.500249744119149
0.4	0.500299746884879
0.4	0.50029974336804
0.425	0.500349748082372
0.425	0.500349739218177
0.45	0.500399742035158
0.45	0.500399744870119
0.475	0.500449747632684
0.475	0.500449745171734
0.5	0.500499743545531
0.5	0.500499738947093
0.525	0.500549744142906
0.525	0.500549746608383
0.55	0.500599744029103
0.55	0.500599746007151
0.575	0.500649746394698
0.575	0.500649746948975
0.6	0.500699746391932
0.6	0.500699747124681
0.625	0.500749745847045
0.625	0.500749744443796
0.65	0.500799747675735
0.65	0.500799745702487
0.675	0.500849745232987
0.675	0.500117697155169
0.7	0.503631793247358
0.7	0.50289974255671
0.725	0.502949741996105
0.725	0.504949745176126
0.75	0.504999745581996
0.75	0.473143340859472
0.775	0.500906152445316
0.775	0.497049744422346
0.8	0.497099741121482
0.8	0.496367693528494
0.825	0.499881793097978
0.825	0.499149743487122
0.85	0.499199744706197
0.85	0.499199746954513
0.875	0.499249747047107
0.875	0.499249738457663
0.9	0.499299749375928
0.9	0.499299744650635
0.925	0.499349747740461
0.925	0.499349745051407
0.95	0.499399741330567
0.95	0.499399746618675
0.975	0.499449747194662
0.975	0.499449741746286
1	0.499499748351926
