2	0
160
0	0.444423806732436
0.0125	0.430582644703834
0.0125	0.430578174679986
0.025	0.417039350697882
0.025	0.417035216622871
0.0375	0.403876187697701
0.0375	0.4038724041515
0.05	0.39116444085387
0.05	0.391161015137915
0.0625	0.378969004958509
0.0625	0.378965937445278
0.075	0.3673483162045
0.075	0.367345600846109
0.0875	0.356354404414605
0.0875	0.356352029394697
0.1	0.346033055261182
0.1	0.346031003770955
0.1125	0.336424069583253
0.1125	0.336422320699536
0.125	0.327561604866161
0.125	0.327560134507047
0.1375	0.319474582327884
0.1375	0.319473364259682
0.15	0.312187141892921
0.15	0.312186148761073
0.1625	0.305719126655134
0.1625	0.305718331011336
0.175	0.300086578248892
0.175	0.300085953546962
0.1875	0.295302224864311
0.1875	0.2953017463983
0.2	0.29137594444597
0.2	0.291375590205657
0.2125	0.288315186881535
0.2125	0.28831493830273
0.225	0.286125340682126
0.225	0.286125183272016
0.2375	0.284810031733836
0.2375	0.284809955554932
0.25	0.284371344104212
0.25	0.284371344104212
0.2625	0.284809955554932
0.2625	0.284810031733836
0.275	0.286125183272016
0.275	0.286125340682126
0.2875	0.28831493830273
0.2875	0.288315186881535
0.3	0.291375590205657
0.3	0.29137594444597
0.3125	0.2953017463983
0.3125	0.295302224864311
0.325	0.300085953546962
0.325	0.300086578248892
0.3375	0.305718331011336
0.3375	0.305719126655134
0.35	0.312186148761073
0.35	0.312187141892921
0.3625	0.319473364259682
0.3625	0.319474582327884
0.375	0.327560134507047
0.375	0.32756160486616
0.3875	0.336422320699536
0.3875	0.336424069583253
0.4	0.346031003770955
0.4	0.346033055261182
0.4125	0.356352029394697
0.4125	0.356354404414605
0.425	0.367345600846109
0.425	0.3673483162045
0.4375	0.378965937445278
0.4375	0.37896900495851
0.45	0.391161015137915
0.45	0.39116444085387
0.4625	0.4038724041515
0.4625	0.403876187697701
0.475	0.417035216622871
0.475	0.417039350697882
0.4875	0.430578174679986
0.4875	0.430582644703833
0.5	0.444423806732436
0.5	0.444428590667908
0.5125	0.458488776747916
0.5125	0.458493845100459
0.525	0.472684348137736
0.525	0.4726896641373
0.5375	0.486916980620271
0.5375	0.486922500583977
0.55	0.501089055156922
0.55	0.501094729026974
0.5625	0.515099718841221
0.5625	0.515105490888124
0.575	0.528845838547729
0.575	0.528851648224772
0.5875	0.54222304928973
0.5875	0.542228832220875
0.6	0.555126880664951
0.6	0.555132569744916
0.6125	0.5674539425513
0.6125	0.567459469133725
0.625	0.579103149406407
0.625	0.579108444553719
0.6375	0.589976961172189
0.6375	0.589981956939098
0.65	0.599982617924541
0.65	0.599987248646128
0.6625	0.609033345062626
0.6625	0.609037548617662
0.675	0.617049506013561
0.675	0.617053225034142
0.6875	0.62395968013562
0.6875	0.623962863135302
0.7	0.629701644722476
0.7	0.629704247116884
0.7125	0.634223241716321
0.7125	0.634225226712631
0.725	0.637483111891037
0.725	0.6374844512257
0.7375	0.639451281819053
0.7375	0.639451956326651
0.75	0.640109591828777
0.75	0.640109591828777
0.7625	0.639451956326651
0.7625	0.639451281819053
0.775	0.6374844512257
0.775	0.637483111891037
0.7875	0.634225226712631
0.7875	0.634223241716321
0.8	0.629704247116884
0.8	0.629701644722476
0.8125	0.623962863135302
0.8125	0.62395968013562
0.825	0.617053225034142
0.825	0.617049506013561
0.8375	0.609037548617663
0.8375	0.609033345062626
0.85	0.599987248646128
0.85	0.599982617924541
0.8625	0.589981956939098
0.8625	0.589976961172189
0.875	0.579108444553719
0.875	0.579103149406407
0.8875	0.567459469133725
0.8875	0.5674539425513
0.9	0.555132569744916
0.9	0.555126880664951
0.9125	0.542228832220876
0.9125	0.54222304928973
0.925	0.528851648224772
0.925	0.528845838547729
0.9375	0.515105490888124
0.9375	0.515099718841221
0.95	0.501094729026974
0.95	0.501089055156922
0.9625	0.486922500583977
0.9625	0.486916980620271
0.975	0.4726896641373
0.975	0.472684348137736
0.9875	0.458493845100459
0.9875	0.458488776747916
1	0.444428590667908
0	0.296332405777733
0.0125	0.296115291958467
0.0125	0.296113953073993
0.025	0.295477776809721
0.025	0.295475923393908
0.0375	0.294449488164111
0.0375	0.294447191066075
0.05	0.293067934168371
0.05	0.293065271695311
0.0625	0.291377918455314
0.0625	0.291374973327004
0.075	0.28943008455742
0.075	0.289426941003519
0.0875	0.287279407387772
0.0875	0.287276148506774
0.1	0.28498368191992
0.1	0.284980387395607
0.1125	0.282602053575179
0.1125	0.282598797819452
0.125	0.280193627712598
0.125	0.280190478474163
0.1375	0.277816187524277
0.1375	0.277813204972639
0.15	0.275525041105482
0.15	0.275522277370838
0.1625	0.273372010028692
0.1625	0.273369509152223
0.175	0.271404563901379
0.175	0.271402362128632
0.1875	0.26966509856287
0.1875	0.269663224896555
0.2	0.268190350122071
0.2	0.26818882704051
0.2125	0.267010933194655
0.2125	0.267009777438794
0.225	0.266150989587186
0.225	0.266150212922502
0.2375	0.265627933295378
0.2375	0.265627543164876
0.25	0.265452278913817
0.25	0.265452278913817
0.2625	0.265627543164876
0.2625	0.265627933295378
0.275	0.266150212922502
0.275	0.266150989587186
0.2875	0.267009777438794
0.2875	0.267010933194655
0.3	0.26818882704051
0.3	0.268190350122071
0.3125	0.269663224896555
0.3125	0.26966509856287
0.325	0.271402362128632
0.325	0.271404563901379
0.3375	0.273369509152223
0.3375	0.273372010028692
0.35	0.275522277370838
0.35	0.275525041105482
0.3625	0.277813204972639
0.3625	0.277816187524277
0.375	0.280190478474163
0.375	0.280193627712598
0.3875	0.282598797819453
0.3875	0.282602053575179
0.4	0.284980387395607
0.4	0.28498368191992
0.4125	0.287276148506774
0.4125	0.287279407387772
0.425	0.289426941003519
0.425	0.28943008455742
0.4375	0.291374973327004
0.4375	0.291377918455314
0.45	0.293065271695311
0.45	0.293067934168371
0.4625	0.294447191066075
0.4625	0.294449488164111
0.475	0.295475923393908
0.475	0.295477776809721
0.4875	0.296113953073993
0.4875	0.296115291958467
0.5	0.296332405777733
0.5	0.29633316979195
0.5125	0.296112235508404
0.5125	0.296112377735487
0.525	0.295445195889414
0.525	0.295444685456122
0.5375	0.294334545570315
0.5375	0.294333369833341
0.55	0.292795444180415
0.55	0.292793610345283
0.5625	0.290855004315594
0.5625	0.290852540376561
0.575	0.288551976308493
0.575	0.28854893122509
0.5875	0.285936055573928
0.5875	0.285932498632451
0.6	0.283066816598187
0.6	0.283062835943021
0.6125	0.280012292526086
0.6125	0.280007992884396
0.625	0.276847234112637
0.625	0.276842733774676
0.6375	0.273651095845948
0.6375	0.273646523000171
0.65	0.270505809629964
0.65	0.27050129818513
0.6625	0.267493416906157
0.6625	0.267489101960151
0.675	0.264693637944087
0.675	0.264689651079529
0.6875	0.262181461807638
0.6875	0.26217792640661
0.7	0.260024841911409
0.7	0.260021868684778
0.7125	0.258282579980004
0.7125	0.258280262900854
0.725	0.257002475636858
0.725	0.257000888452436
0.7375	0.256219809969216
0.7375	0.256219003442327
0.75	0.255956219590574
0.75	0.255956219590574
0.7625	0.256219003442327
0.7625	0.256219809969216
0.775	0.257000888452436
0.775	0.257002475636858
0.7875	0.258280262900854
0.7875	0.258282579980004
0.8	0.260021868684778
0.8	0.260024841911409
0.8125	0.26217792640661
0.8125	0.262181461807638
0.825	0.264689651079529
0.825	0.264693637944087
0.8375	0.26748910196015
0.8375	0.267493416906157
0.85	0.27050129818513
0.85	0.270505809629964
0.8625	0.273646523000171
0.8625	0.273651095845948
0.875	0.276842733774676
0.875	0.276847234112637
0.8875	0.280007992884396
0.8875	0.280012292526086
0.9	0.283062835943021
0.9	0.283066816598187
0.9125	0.285932498632451
0.9125	0.285936055573928
0.925	0.28854893122509
0.925	0.288551976308493
0.9375	0.290852540376561
0.9375	0.290855004315594
0.95	0.292793610345283
0.95	0.292795444180415
0.9625	0.294333369833341
0.9625	0.294334545570315
0.975	0.295444685456122
0.975	0.295445195889414
0.9875	0.296112377735487
0.9875	0.296112235508404
1	0.29633316979195
