2	0
40
0	0.444007347986273
0.05	0.390636438609628
0.05	0.390417206925324
0.1	0.345215870259676
0.1	0.345083909510546
0.15	0.311200210107968
0.15	0.311135775666314
0.2	0.290308574608572
0.2	0.290285311901238
0.25	0.283276763522514
0.25	0.283276763522514
0.3	0.290285311901238
0.3	0.290308574608572
0.35	0.311135775666314
0.35	0.311200210107968
0.4	0.345083909510546
0.4	0.345215870259676
0.45	0.390417206925324
0.45	0.390636438609628
0.5	0.444007347986273
0.5	0.444312576823874
0.55	0.501116343913047
0.55	0.501477691978666
0.6	0.555666366814253
0.6	0.556028276698708
0.65	0.601020937016111
0.65	0.60131532059309
0.7	0.631129859820771
0.7	0.631295238909421
0.75	0.641736645000672
0.75	0.641736645000672
0.8	0.631295238909421
0.8	0.631129859820771
0.85	0.60131532059309
0.85	0.601020937016111
0.9	0.556028276698708
0.9	0.555666366814253
0.95	0.501477691978666
0.95	0.501116343913047
1	0.444312576823874
0	0.296841556876707
0.05	0.293527415299818
0.05	0.293359651402323
0.1	0.285193622163836
0.1	0.284985147720427
0.15	0.275445087927079
0.15	0.275269619502532
0.2	0.267878396582064
0.2	0.267781458390997
0.25	0.265023979346287
0.25	0.265023979346287
0.3	0.267781458390997
0.3	0.267878396582064
0.35	0.275269619502532
0.35	0.275445087927079
0.4	0.284985147720427
0.4	0.285193622163837
0.45	0.293359651402323
0.45	0.293527415299818
0.5	0.296841556876707
0.5	0.296888963873369
0.55	0.293337390025202
0.55	0.293220921160068
0.6	0.283412274058676
0.6	0.283160850231433
0.65	0.270482988195135
0.65	0.27019855834903
0.7	0.259615104929619
0.7	0.259427810358056
0.75	0.255319573977711
0.75	0.255319573977711
0.8	0.259427810358056
0.8	0.259615104929619
0.85	0.27019855834903
0.85	0.270482988195135
0.9	0.283160850231433
0.9	0.283412274058676
0.95	0.293220921160068
0.95	0.293337390025202
1	0.296888963873369
