2	0
80
0	0.444352712355391
0.025	0.416959316824071
0.025	0.416926255881889
0.05	0.391047913202207
0.05	0.391020507755285
0.075	0.367201673642691
0.075	0.367179941296152
0.1	0.345862645249143
0.1	0.345846216556372
0.125	0.327373319279749
0.125	0.327361535384918
0.15	0.311986105948132
0.15	0.311978138900923
0.175	0.299876976435304
0.175	0.299871959026091
0.2	0.291160992441073
0.2	0.291158143646009
0.225	0.285907396601423
0.225	0.285906129359366
0.25	0.284152137707059
0.25	0.284152137707059
0.275	0.285906129359366
0.275	0.285907396601423
0.3	0.29115814364601
0.3	0.291160992441073
0.325	0.299871959026091
0.325	0.299876976435304
0.35	0.311978138900923
0.35	0.311986105948132
0.375	0.327361535384917
0.375	0.327373319279749
0.4	0.345846216556372
0.4	0.345862645249143
0.425	0.367179941296152
0.425	0.367201673642691
0.45	0.391020507755285
0.45	0.391047913202207
0.475	0.416926255881889
0.475	0.416959316824071
0.5	0.444352712355391
0.5	0.444390960237368
0.525	0.472656853492187
0.525	0.472699346524167
0.55	0.501109776218121
0.55	0.501155122565975
0.575	0.528917774664568
0.575	0.528964200542785
0.6	0.555250997164857
0.6	0.555296454845123
0.625	0.579278085945037
0.625	0.579320392723629
0.65	0.600204555983705
0.65	0.600241552018411
0.675	0.617312215059091
0.675	0.617341925999984
0.7	0.629996710571
0.7	0.630017500266996
0.725	0.637800334325854
0.725	0.63781103365771
0.75	0.640437523033516
0.75	0.640437523033516
0.775	0.63781103365771
0.775	0.637800334325854
0.8	0.630017500266996
0.8	0.629996710571
0.825	0.617341925999984
0.825	0.617312215059091
0.85	0.600241552018411
0.85	0.600204555983705
0.875	0.579320392723629
0.875	0.579278085945037
0.9	0.555296454845123
0.9	0.555250997164857
0.925	0.528964200542786
0.925	0.528917774664568
0.95	0.501155122565975
0.95	0.501109776218121
0.975	0.472699346524168
0.975	0.472656853492187
1	0.444390960237368
0	0.296438475346923
0.025	0.295581170125244
0.025	0.295566399581821
0.05	0.293153818125005
0.05	0.293132584614973
0.075	0.289491509332365
0.075	0.289466427457443
0.1	0.285016652608267
0.1	0.284990355990365
0.125	0.280197086491741
0.125	0.280171940735232
0.15	0.275500539566623
0.15	0.275478464912149
0.175	0.271355750594577
0.175	0.271338159590083
0.2	0.268122400810992
0.2	0.268110229525158
0.225	0.266070080852711
0.225	0.26606387347336
0.25	0.265365159292989
0.25	0.265365159292989
0.275	0.26606387347336
0.275	0.266070080852711
0.3	0.268110229525158
0.3	0.268122400810992
0.325	0.271338159590083
0.325	0.271355750594577
0.35	0.275478464912149
0.35	0.275500539566623
0.375	0.280171940735232
0.375	0.280197086491741
0.4	0.284990355990365
0.4	0.285016652608267
0.425	0.289466427457443
0.425	0.289491509332365
0.45	0.293132584614973
0.45	0.293153818125005
0.475	0.295566399581821
0.475	0.295581170125244
0.5	0.296438475346923
0.5	0.29644454983793
0.525	0.295556859612612
0.525	0.295552765976436
0.55	0.29290117340471
0.55	0.292886525112879
0.575	0.288639964423488
0.575	0.288615659235052
0.6	0.283126432934104
0.6	0.283094671577014
0.625	0.276870473429056
0.625	0.276834573418045
0.65	0.270488506940072
0.65	0.270452523619554
0.675	0.264636236787002
0.675	0.264604440728138
0.7	0.259932563535231
0.7	0.259908853019202
0.725	0.256884827663106
0.725	0.256872170862859
0.75	0.255825889596232
0.75	0.255825889596232
0.775	0.256872170862859
0.775	0.256884827663106
0.8	0.259908853019202
0.8	0.259932563535231
0.825	0.264604440728138
0.825	0.264636236787002
0.85	0.270452523619554
0.85	0.270488506940072
0.875	0.276834573418045
0.875	0.276870473429056
0.9	0.283094671577014
0.9	0.283126432934105
0.925	0.288615659235052
0.925	0.288639964423488
0.95	0.292886525112879
0.95	0.29290117340471
0.975	0.295552765976436
0.975	0.295556859612612
1	0.29644454983793
