2	0
320
0	0.444439578098139
0.00625	0.437487162478226
0.00625	0.43748658362233
0.0125	0.430599573761183
0.0125	0.430599014939336
0.01875	0.423787650758664
0.01875	0.423787112659528
0.025	0.417061267141217
0.025	0.417060750336333
0.03125	0.410429918181015
0.03125	0.410429423125517
0.0375	0.403902711513662
0.0375	0.403902238547678
0.04375	0.397488359984169
0.04375	0.397487909334908
0.05	0.391195176545652
0.05	0.39119474833015
0.05625	0.385031071167253
0.05625	0.385030665395753
0.0625	0.379003549696068
0.0625	0.379003166276015
0.06875	0.373119714606678
0.06875	0.373119353347284
0.075	0.367386267561135
0.075	0.367385928178501
0.08125	0.361809513692165
0.08125	0.361809195814899
0.0875	0.356395367512862
0.0875	0.356395070688171
0.09375	0.351149360347387
0.09375	0.351149084047585
0.1	0.346076649169167
0.1	0.346076392798568
0.10625	0.341182026725913
0.10625	0.341181789628044
0.1125	0.336469932824367
0.1125	0.336469714289468
0.11875	0.331944466642272
0.11875	0.331944265915021
0.125	0.32760939993044
0.125	0.327609216217848
0.13125	0.323468190964214
0.13125	0.32346802344365
0.1375	0.319523999100937
0.1375	0.31952384692821
0.14375	0.315779699798346
0.14375	0.315779562115809
0.15	0.312237899948118
0.15	0.312237775892719
0.15625	0.308900953379043
0.15625	0.30890084209029
0.1625	0.305770976385558
0.1625	0.305770877013328
0.16875	0.302849863139584
0.16875	0.302849774851736
0.175	0.300139300846767
0.175	0.300139222836496
0.18125	0.297640784512295
0.18125	0.297640716005191
0.1875	0.29535563118645
0.1875	0.295355571447211
0.19375	0.293284993565899
0.19375	0.293284941904648
0.2	0.291429872833361
0.2	0.291429828611527
0.20625	0.289791130625735
0.20625	0.289791093261473
0.2125	0.288369500028946
0.2125	0.288369469002034
0.21875	0.287165595506548
0.21875	0.287165570362759
0.225	0.286179921678626
0.225	0.286179902033519
0.23125	0.28541288087747
0.23125	0.285412866419592
0.2375	0.284864779416995
0.2375	0.284864769910472
0.24375	0.284535832523777
0.24375	0.284535827810266
0.25	0.284426167888764
0.25	0.284426167888764
0.25625	0.284535827810266
0.25625	0.284535832523777
0.2625	0.284864769910472
0.2625	0.284864779416995
0.26875	0.285412866419592
0.26875	0.28541288087747
0.275	0.286179902033519
0.275	0.286179921678626
0.28125	0.287165570362759
0.28125	0.287165595506548
0.2875	0.288369469002034
0.2875	0.288369500028946
0.29375	0.289791093261473
0.29375	0.289791130625735
0.3	0.291429828611527
0.3	0.291429872833361
0.30625	0.293284941904648
0.30625	0.293284993565899
0.3125	0.295355571447211
0.3125	0.29535563118645
0.31875	0.297640716005191
0.31875	0.297640784512295
0.325	0.300139222836496
0.325	0.300139300846767
0.33125	0.302849774851736
0.33125	0.302849863139584
0.3375	0.305770877013328
0.3375	0.305770976385558
0.34375	0.30890084209029
0.34375	0.308900953379043
0.35	0.312237775892719
0.35	0.312237899948118
0.35625	0.315779562115809
0.35625	0.315779699798346
0.3625	0.31952384692821
0.3625	0.319523999100936
0.36875	0.32346802344365
0.36875	0.323468190964214
0.375	0.327609216217848
0.375	0.32760939993044
0.38125	0.33194426591502
0.38125	0.331944466642272
0.3875	0.336469714289468
0.3875	0.336469932824367
0.39375	0.341181789628044
0.39375	0.341182026725913
0.4	0.346076392798568
0.4	0.346076649169167
0.40625	0.351149084047585
0.40625	0.351149360347387
0.4125	0.356395070688171
0.4125	0.356395367512862
0.41875	0.361809195814899
0.41875	0.361809513692165
0.425	0.367385928178501
0.425	0.367386267561135
0.43125	0.373119353347284
0.43125	0.373119714606678
0.4375	0.379003166276015
0.4375	0.379003549696068
0.44375	0.385030665395753
0.44375	0.385031071167252
0.45	0.39119474833015
0.45	0.391195176545652
0.45625	0.397487909334907
0.45625	0.397488359984169
0.4625	0.403902238547678
0.4625	0.403902711513662
0.46875	0.410429423125517
0.46875	0.410429918181015
0.475	0.417060750336333
0.475	0.417061267141217
0.48125	0.423787112659528
0.48125	0.423787650758664
0.4875	0.430599014939336
0.4875	0.430599573761183
0.49375	0.43748658362233
0.49375	0.437487162478226
0.5	0.444439578098139
0.5	0.444440176182299
0.50625	0.451447404149854
0.50625	0.451448020540076
0.5125	0.458499129507799
0.5125	0.458499763166885
0.51875	0.465583501487508
0.51875	0.4655841512654
0.525	0.472688966679888
0.525	0.472689631316508
0.53125	0.479803692648801
0.53125	0.479804370777584
0.5375	0.486915591578645
0.5375	0.486916281730755
0.54375	0.494012345802182
0.54375	0.494013046411385
0.55	0.501081435126762
0.55	0.501082144534936
0.55625	0.508110165865443
0.55625	0.508110882328698
0.5625	0.515085701468265
0.5625	0.515086423163639
0.56875	0.521995094638279
0.56875	0.52199581967098
0.575	0.528825320806834
0.575	0.528826047217977
0.58125	0.535563312833193
0.58125	0.535564038608011
0.5875	0.542195996784872
0.5875	0.542196719861334
0.59375	0.548710328647138
0.59375	0.548711046924946
0.6	0.555093331803046
0.6	0.555094043152946
0.60625	0.56133213511913
0.60625	0.561332837392495
0.6125	0.567414011466578
0.6125	0.567414702505206
0.61875	0.573326416503371
0.61875	0.573327094149442
0.625	0.579057027539454
0.625	0.579057689645592
0.63125	0.584593782304657
0.63125	0.58459442674404
0.6375	0.589924917437723
0.6375	0.589925542114178
0.64375	0.595039006514449
0.64375	0.595039609372481
0.65	0.599924997433701
0.65	0.5999255764684
0.65625	0.604572248981759
0.65625	0.604572802248519
0.6625	0.608970566398271
0.6625	0.608971092022272
0.66875	0.613110235770839
0.66875	0.61311073195624
0.675	0.616982057090088
0.675	0.616982522128869
0.68125	0.620577375802774
0.68125	0.620577808083185
0.6875	0.623888112707229
0.6875	0.623888510721789
0.69375	0.626906792042983
0.69375	0.62690715439599
0.7	0.629626567634887
0.7	0.629626893049392
0.70625	0.632041246961306
0.70625	0.63204153428551
0.7125	0.634145313025954
0.7125	0.634145561238992
0.71875	0.635933943923684
0.71875	0.635934152140758
0.725	0.637403030001865
0.725	0.637403197478709
0.73125	0.638549188530936
0.73125	0.63854931466757
0.7375	0.639369775810117
0.7375	0.639369860153879
0.74375	0.639862896647151
0.74375	0.639862938894987
0.75	0.640027411164131
0.75	0.640027411164131
0.75625	0.639862938894987
0.75625	0.639862896647151
0.7625	0.639369860153879
0.7625	0.639369775810117
0.76875	0.63854931466757
0.76875	0.638549188530936
0.775	0.637403197478709
0.775	0.637403030001865
0.78125	0.635934152140758
0.78125	0.635933943923684
0.7875	0.634145561238992
0.7875	0.634145313025954
0.79375	0.63204153428551
0.79375	0.632041246961306
0.8	0.629626893049392
0.8	0.629626567634887
0.80625	0.62690715439599
0.80625	0.626906792042983
0.8125	0.623888510721789
0.8125	0.623888112707229
0.81875	0.620577808083185
0.81875	0.620577375802774
0.825	0.616982522128869
0.825	0.616982057090088
0.83125	0.61311073195624
0.83125	0.613110235770839
0.8375	0.608971092022272
0.8375	0.608970566398271
0.84375	0.604572802248519
0.84375	0.604572248981759
0.85	0.5999255764684
0.85	0.599924997433701
0.85625	0.595039609372482
0.85625	0.595039006514449
0.8625	0.589925542114178
0.8625	0.589924917437723
0.86875	0.58459442674404
0.86875	0.584593782304657
0.875	0.579057689645592
0.875	0.579057027539454
0.88125	0.573327094149442
0.88125	0.573326416503371
0.8875	0.567414702505206
0.8875	0.567414011466578
0.89375	0.561332837392495
0.89375	0.56133213511913
0.9	0.555094043152946
0.9	0.555093331803046
0.90625	0.548711046924946
0.90625	0.548710328647138
0.9125	0.542196719861334
0.9125	0.542195996784872
0.91875	0.535564038608011
0.91875	0.535563312833194
0.925	0.528826047217977
0.925	0.528825320806834
0.93125	0.52199581967098
0.93125	0.521995094638279
0.9375	0.51508642316364
0.9375	0.515085701468264
0.94375	0.508110882328698
0.94375	0.508110165865443
0.95	0.501082144534936
0.95	0.501081435126762
0.95625	0.494013046411385
0.95625	0.494012345802182
0.9625	0.486916281730755
0.9625	0.486915591578646
0.96875	0.479804370777584
0.96875	0.479803692648801
0.975	0.472689631316508
0.975	0.472688966679888
0.98125	0.4655841512654
0.98125	0.465583501487508
0.9875	0.458499763166885
0.9875	0.458499129507799
0.99375	0.451448020540076
0.99375	0.451447404149855
1	0.444440176182299
0	0.296305383080146
0.00625	0.296250809861656
0.00625	0.296250677414817
0.0125	0.296088534112147
0.0125	0.29608836656213
0.01875	0.295821355125086
0.01875	0.295821154365501
0.025	0.295452591765229
0.025	0.295452359865907
0.03125	0.294986142398265
0.03125	0.294985881581642
0.0375	0.294426446210525
0.0375	0.294426158827622
0.04375	0.293778441997331
0.04375	0.293778130503625
0.05	0.293047524853876
0.05	0.29304719178535
0.05625	0.292239501201966
0.05625	0.292239149151594
0.0625	0.291360542580368
0.0625	0.291360174175298
0.06875	0.290417138616249
0.06875	0.290416756495916
0.075	0.28941604958056
0.075	0.289415656375937
0.08125	0.288364258911492
0.08125	0.288363857225676
0.0875	0.28726892606785
0.0875	0.287268518458143
0.09375	0.286137340048718
0.09375	0.28613692901033
0.1	0.284976873887571
0.1	0.284976461839068
0.10625	0.283794940398704
0.10625	0.283794529669266
0.1125	0.282598949421772
0.1125	0.282598542240312
0.11875	0.28139626677715
0.11875	0.281395865263312
0.125	0.280194175111041
0.125	0.280193781268068
0.13125	0.278999836775532
0.13125	0.278999452484962
0.1375	0.27782025885541
0.1375	0.277819885873536
0.14375	0.276662260421191
0.14375	0.276661900377193
0.15	0.275532442056836
0.15	0.27553209645247
0.15625	0.274437157681477
0.15625	0.274436827892198
0.1625	0.273382488657603
0.1625	0.27338217593495
0.16875	0.272374220153777
0.16875	0.272373925628878
0.175	0.271417819708537
0.175	0.271417544396535
0.18125	0.270518417923713
0.18125	0.270518162728941
0.1875	0.269680791200349
0.1875	0.26968055692206
0.19375	0.268909346418692
0.19375	0.268909133757147
0.2	0.268208107455492
0.2	0.268207917018219
0.20625	0.267580703427077
0.20625	0.267580535735115
0.2125	0.267030358545285
0.2125	0.267030214039238
0.21875	0.266559883475219
0.21875	0.266559762520947
0.225	0.266171668088776
0.225	0.266171570982579
0.23125	0.265867675515774
0.23125	0.265867602488926
0.2375	0.265649437404907
0.2375	0.265649388627433
0.24375	0.265518050319524
0.24375	0.265518025903116
0.25	0.26547417320781
0.25	0.26547417320781
0.25625	0.265518025903116
0.25625	0.265518050319524
0.2625	0.265649388627433
0.2625	0.265649437404907
0.26875	0.265867602488926
0.26875	0.265867675515774
0.275	0.266171570982579
0.275	0.266171668088776
0.28125	0.266559762520947
0.28125	0.266559883475219
0.2875	0.267030214039238
0.2875	0.267030358545285
0.29375	0.267580535735115
0.29375	0.267580703427077
0.3	0.268207917018219
0.3	0.268208107455492
0.30625	0.268909133757147
0.30625	0.268909346418692
0.3125	0.26968055692206
0.3125	0.269680791200349
0.31875	0.270518162728941
0.31875	0.270518417923713
0.325	0.271417544396535
0.325	0.271417819708537
0.33125	0.272373925628878
0.33125	0.272374220153777
0.3375	0.27338217593495
0.3375	0.273382488657603
0.34375	0.274436827892198
0.34375	0.274437157681477
0.35	0.27553209645247
0.35	0.275532442056836
0.35625	0.276661900377193
0.35625	0.276662260421191
0.3625	0.277819885873536
0.3625	0.27782025885541
0.36875	0.278999452484962
0.36875	0.278999836775532
0.375	0.280193781268068
0.375	0.280194175111041
0.38125	0.281395865263312
0.38125	0.28139626677715
0.3875	0.282598542240312
0.3875	0.282598949421772
0.39375	0.283794529669266
0.39375	0.283794940398704
0.4	0.284976461839068
0.4	0.284976873887571
0.40625	0.28613692901033
0.40625	0.286137340048718
0.4125	0.287268518458143
0.4125	0.28726892606785
0.41875	0.288363857225676
0.41875	0.288364258911492
0.425	0.289415656375937
0.425	0.28941604958056
0.43125	0.290416756495916
0.43125	0.290417138616249
0.4375	0.291360174175298
0.4375	0.291360542580368
0.44375	0.292239149151594
0.44375	0.292239501201966
0.45	0.29304719178535
0.45	0.293047524853876
0.45625	0.293778130503625
0.45625	0.293778441997331
0.4625	0.294426158827622
0.4625	0.294426446210525
0.46875	0.294985881581642
0.46875	0.294986142398265
0.475	0.295452359865908
0.475	0.295452591765229
0.48125	0.295821154365501
0.48125	0.295821355125086
0.4875	0.29608836656213
0.4875	0.296088534112147
0.49375	0.296250677414817
0.49375	0.296250809861656
0.5	0.296305383080146
0.5	0.296305478729348
0.50625	0.296250427252553
0.50625	0.296250484630742
0.5125	0.296084429720258
0.5125	0.296084447595798
0.51875	0.295806710752941
0.51875	0.295806688155015
0.525	0.29541731096293
0.525	0.29541724719878
0.53125	0.294917006312472
0.53125	0.294916900982526
0.5375	0.29430731797523
0.5375	0.294307170985882
0.54375	0.293590516800339
0.54375	0.293590328374161
0.55	0.292769622171667
0.55	0.292769392854849
0.55625	0.291848395103012
0.55625	0.291848125769874
0.5625	0.290831325461336
0.5625	0.290831017315764
0.56875	0.289723613264207
0.56875	0.289723267837926
0.575	0.288531144053873
0.575	0.288530763201477
0.58125	0.287260458408163
0.58125	0.287260044298873
0.5875	0.285918715707053
0.5875	0.285918270813217
0.59375	0.284513652332603
0.59375	0.284513179414978
0.6	0.283053534538372
0.6	0.283053036628274
0.60625	0.281547106281581
0.60625	0.281546586660028
0.6125	0.280003532366707
0.6125	0.28000299454071
0.61875	0.278432337301934
0.61875	0.278431784978134
0.625	0.276843340319543
0.625	0.276842777375422
0.63125	0.275246587057097
0.63125	0.275246017510028
0.6375	0.273652278437642
0.6375	0.273651706412058
0.64375	0.272070697323589
0.64375	0.272070127016597
0.65	0.270512133549896
0.65	0.270511569195661
0.65625	0.268986807967289
0.65625	0.268986253800555
0.6625	0.267504796145111
0.6625	0.267504256364221
0.66875	0.266075952395747
0.66875	0.266075431125541
0.675	0.264709834788123
0.675	0.264709336043106
0.68125	0.26341563181652
0.68125	0.263415159464677
0.6875	0.262202091382663
0.6875	0.26220164911031
0.69375	0.261077452733914
0.69375	0.261077044011948
0.7	0.260049381978383
0.7	0.260049010030313
0.70625	0.259124911769211
0.70625	0.259124579541289
0.7125	0.258310385715285
0.7125	0.258310095849081
0.71875	0.257611408034688
0.71875	0.25761116284239
0.725	0.25703279892061
0.725	0.257032600363335
0.73125	0.256578556037784
0.73125	0.256578405707121
0.7375	0.256251822511239
0.7375	0.256251721614235
0.74375	0.256054861708991
0.74375	0.256054811056749
0.75	0.255989039056771
0.75	0.255989039056771
0.75625	0.256054811056749
0.75625	0.256054861708991
0.7625	0.256251721614235
0.7625	0.256251822511239
0.76875	0.256578405707121
0.76875	0.256578556037784
0.775	0.257032600363335
0.775	0.25703279892061
0.78125	0.25761116284239
0.78125	0.257611408034688
0.7875	0.258310095849081
0.7875	0.258310385715285
0.79375	0.259124579541289
0.79375	0.259124911769211
0.8	0.260049010030313
0.8	0.260049381978383
0.80625	0.261077044011948
0.80625	0.261077452733914
0.8125	0.26220164911031
0.8125	0.262202091382663
0.81875	0.263415159464677
0.81875	0.26341563181652
0.825	0.264709336043106
0.825	0.264709834788123
0.83125	0.266075431125541
0.83125	0.266075952395747
0.8375	0.267504256364221
0.8375	0.267504796145111
0.84375	0.268986253800555
0.84375	0.268986807967289
0.85	0.270511569195661
0.85	0.270512133549896
0.85625	0.272070127016597
0.85625	0.272070697323589
0.8625	0.273651706412058
0.8625	0.273652278437642
0.86875	0.275246017510028
0.86875	0.275246587057097
0.875	0.276842777375422
0.875	0.276843340319543
0.88125	0.278431784978134
0.88125	0.278432337301934
0.8875	0.28000299454071
0.8875	0.280003532366707
0.89375	0.281546586660028
0.89375	0.281547106281581
0.9	0.283053036628274
0.9	0.283053534538372
0.90625	0.284513179414978
0.90625	0.284513652332603
0.9125	0.285918270813217
0.9125	0.285918715707053
0.91875	0.287260044298873
0.91875	0.287260458408163
0.925	0.288530763201477
0.925	0.288531144053873
0.93125	0.289723267837926
0.93125	0.289723613264207
0.9375	0.290831017315764
0.9375	0.290831325461336
0.94375	0.291848125769873
0.94375	0.291848395103012
0.95	0.292769392854849
0.95	0.292769622171667
0.95625	0.293590328374161
0.95625	0.293590516800339
0.9625	0.294307170985882
0.9625	0.29430731797523
0.96875	0.294916900982526
0.96875	0.294917006312472
0.975	0.29541724719878
0.975	0.29541731096293
0.98125	0.295806688155015
0.98125	0.295806710752941
0.9875	0.296084447595798
0.9875	0.296084429720258
0.99375	0.296250484630742
0.99375	0.296250427252553
1	0.296305478729348
