2	0
80
0	0.444359069292418
0.025	0.426123227529155
0.025	0.425916737391019
0.05	0.4082663600376
0.05	0.408088732483172
0.075	0.391039599855906
0.075	0.390861727117317
0.1	0.37458448266721
0.1	0.374395909712884
0.125	0.359005574411495
0.125	0.358801991922375
0.15	0.344423830826475
0.15	0.344201352435075
0.175	0.330967485579913
0.175	0.330721640550312
0.2	0.318780557811933
0.2	0.318505424386712
0.225	0.308031377241998
0.225	0.307718653856714
0.25	0.298925311174287
0.25	0.29856307306528
0.275	0.29172319739807
0.275	0.291294070722844
0.3	0.28676887458951
0.3	0.28624735469864
0.325	0.284531125197464
0.325	0.28387989905306
0.35	0.285668324808834
0.35	0.284834462486831
0.375	0.291126998917894
0.375	0.290043024191663
0.4	0.302281794661057
0.4	0.300890479981967
0.425	0.321085451653936
0.425	0.319440456780095
0.45	0.350026842336077
0.45	0.348538147510465
0.475	0.391216030515382
0.475	0.390856321796601
0.5	0.443511740865673
0.5	0.444873357371387
0.525	0.500341094268702
0.525	0.501619853803213
0.55	0.550842624864763
0.55	0.550614477437545
0.575	0.589387217416844
0.575	0.58786099274514
0.6	0.615778828650078
0.6	0.613608871355791
0.625	0.631898076781153
0.625	0.629574700271501
0.65	0.639822473157502
0.65	0.63761802166837
0.675	0.641307812989575
0.675	0.639347983210743
0.7	0.637740739416989
0.7	0.636069363037166
0.725	0.630203090259669
0.725	0.628822598120597
0.75	0.619544632148059
0.75	0.618438384522935
0.775	0.606441544040655
0.775	0.605585375718038
0.8	0.591439643858771
0.8	0.590807569605745
0.825	0.574985794354778
0.825	0.574552727044421
0.85	0.557450807420518
0.85	0.557193784521727
0.875	0.539146302203225
0.875	0.53904509184187
0.9	0.520336934169103
0.9	0.520374578099983
0.925	0.501250660925902
0.925	0.501413836199462
0.95	0.482081992949207
0.95	0.482405726229204
0.975	0.462931102730627
0.975	0.463428865547272
1	0.444232418192706
0	0.296423865550663
0.025	0.295914622943379
0.025	0.296028473539392
0.05	0.294801202429015
0.05	0.294903003446107
0.075	0.293017904866146
0.075	0.293104198298839
0.1	0.290650050678599
0.1	0.290717844501697
0.125	0.28779702816897
0.125	0.287843482137313
0.15	0.284576405397186
0.15	0.284598611608728
0.175	0.281122458156147
0.175	0.281117315451758
0.2	0.277587193687107
0.2	0.27755125895796
0.225	0.274141780044356
0.225	0.274071100011908
0.25	0.27097901340061
0.25	0.270868982898466
0.275	0.268316774715168
0.275	0.268162128487462
0.3	0.266402225488478
0.3	0.266197463790035
0.325	0.265515528958388
0.325	0.265256571960425
0.35	0.265969347047948
0.35	0.26565847515043
0.375	0.268093440117151
0.375	0.267752344607956
0.4	0.272175781912526
0.4	0.271875597531336
0.425	0.278290513299028
0.425	0.27820171968735
0.45	0.285880597138731
0.45	0.286276292651613
0.475	0.293040956533508
0.475	0.294022495101328
0.5	0.296296460235058
0.5	0.297364644030544
0.525	0.292854549223629
0.525	0.293503538700752
0.55	0.284027852567417
0.55	0.284564411903871
0.575	0.27380682749325
0.575	0.274512332916209
0.6	0.265128253812064
0.6	0.265995821242996
0.625	0.25917213854301
0.625	0.260093921782416
0.65	0.256065759807502
0.65	0.256947946534208
0.675	0.255472733194655
0.675	0.256260865084842
0.7	0.256898891578433
0.7	0.257570950721226
0.725	0.259830260154743
0.725	0.260384761203714
0.75	0.263790422924129
0.75	0.264237093500626
0.775	0.268361331252781
0.775	0.268715120354422
0.8	0.273188037543474
0.8	0.273465607130606
0.825	0.277976726393647
0.825	0.278194538653829
0.85	0.28249016240211
0.85	0.282663514208732
0.875	0.286542276794515
0.875	0.286684849105939
0.9	0.28999274420013
0.9	0.290116421739427
0.925	0.292741692058686
0.925	0.292856717263265
0.95	0.294725493186765
0.95	0.294838640957179
0.975	0.295914625403387
0.975	0.29603291583056
1	0.296295579493269
