2	0
20
0	0.442653508545344
0.1	0.375387873752321
0.1	0.370425018920056
0.2	0.31940422669144
0.2	0.313291696008871
0.3	0.287378383794471
0.3	0.27629401676952
0.4	0.302457566851966
0.4	0.287159127845194
0.5	0.427401864777814
0.5	0.45761591383002
0.6	0.630649149375593
0.6	0.614583115104347
0.7	0.651582146625735
0.7	0.631105084041841
0.8	0.602041935538904
0.8	0.586844772474306
0.9	0.525827483486063
0.9	0.521219100875476
1	0.44334468135728
0	0.298136725596308
0.1	0.290624372577207
0.1	0.290875209418603
0.2	0.277616490534323
0.2	0.275929345894167
0.3	0.266604541659336
0.3	0.26253336229813
0.4	0.272351525965887
0.4	0.274648017923348
0.5	0.295826878837964
0.5	0.304776562245765
0.6	0.259344341407744
0.6	0.265794676670362
0.7	0.251219275056764
0.7	0.260032352051317
0.8	0.270030312728992
0.8	0.276226761326481
0.9	0.289199314809499
0.9	0.292338174633157
1	0.296262128734948
