2	0
40
0	0.444061875311088
0.05	0.408426875530899
0.05	0.407439231928093
0.1	0.374739384523929
0.1	0.373813400406652
0.15	0.344506204391015
0.15	0.343473624119633
0.2	0.318852444096751
0.2	0.317597974274671
0.25	0.298994892835159
0.25	0.29734111210485
0.3	0.28686129745891
0.3	0.284473328271332
0.35	0.285815118470637
0.35	0.282116243338555
0.4	0.302405833655433
0.4	0.297091267163957
0.45	0.349168998542214
0.45	0.345862659390803
0.5	0.440067763271767
0.5	0.446781528464506
0.55	0.552577405543227
0.55	0.553025411772159
0.6	0.619503199442708
0.6	0.613484745536387
0.65	0.643703596227756
0.65	0.636390416839953
0.7	0.64116040178133
0.7	0.634695979316525
0.75	0.622295441927018
0.75	0.617292238724392
0.8	0.593497585493877
0.8	0.589993875555247
0.85	0.558865861706774
0.85	0.556669337836461
0.9	0.521244322487727
0.9	0.520312618068119
0.95	0.482067865374605
0.95	0.4828755758592
1	0.443786396288815
0	0.29679406166029
0.05	0.294801102250749
0.05	0.295156031947068
0.1	0.290656749508498
0.1	0.290867313654332
0.15	0.284575744123056
0.15	0.284589187814214
0.2	0.277590059147036
0.2	0.277352660695312
0.25	0.270988874171777
0.25	0.270432070714178
0.3	0.266431458608368
0.3	0.265485162660459
0.35	0.266033065562135
0.35	0.264768903723115
0.4	0.272234824333323
0.4	0.271569126710759
0.45	0.285688316597382
0.45	0.288248540538041
0.5	0.296269993887967
0.5	0.299925552415264
0.55	0.283631739865935
0.55	0.284912419167748
0.6	0.263757524777469
0.6	0.266183252727199
0.65	0.254470970742466
0.65	0.257427697270521
0.7	0.255534692161055
0.7	0.258172698681832
0.75	0.262808059711167
0.75	0.26482451142109
0.8	0.272575487413715
0.8	0.273993495731383
0.85	0.282170485734708
0.85	0.283144267527901
0.9	0.289858700270365
0.9	0.290547348636918
0.95	0.294732733622946
0.95	0.295245359715277
1	0.296290494837591
