2	0
320
0	0.444439664952484
0.00625	0.439813588646859
0.00625	0.439803055903698
0.0125	0.435205803891066
0.0125	0.435197821138623
0.01875	0.430626228773437
0.01875	0.430618891174788
0.025	0.426077706833865
0.025	0.426070521638983
0.03125	0.421561672638417
0.03125	0.421554452936373
0.0375	0.417080056225951
0.0375	0.417072713509616
0.04375	0.412634747212159
0.04375	0.412627230625723
0.05	0.408227628624497
0.05	0.408219907639447
0.05625	0.403860567797588
0.05625	0.403852622410274
0.0625	0.399535417005781
0.0625	0.399527233403714
0.06875	0.395254015683657
0.06875	0.395245583745281
0.075	0.391018193253724
0.075	0.391009505109116
0.08125	0.386829772372864
0.08125	0.386820821503512
0.0875	0.382690572420795
0.0875	0.38268135307159
0.09375	0.378602413192848
0.09375	0.378592919968613
0.1	0.374567118782132
0.1	0.374557346357981
0.10625	0.370586521656497
0.10625	0.37057646456009
0.1125	0.366662466944935
0.1125	0.366652119384853
0.11875	0.362796816954278
0.11875	0.362786172678068
0.125	0.358991455941715
0.125	0.35898050811268
0.13125	0.355248295172605
0.13125	0.355237036257867
0.1375	0.351569278296895
0.1375	0.351557699961356
0.14375	0.34795638708142
0.14375	0.347944480083643
0.15	0.344411647539559
0.15	0.344399401626415
0.15625	0.340937136504416
0.15625	0.340924540301948
0.1625	0.337534988696898
0.1625	0.337522029595143
0.16875	0.334207404345846
0.16875	0.33419406837556
0.175	0.330956657423923
0.175	0.330942929123244
0.18125	0.327785104570388
0.18125	0.327770966839451
0.1875	0.324695194780119
0.1875	0.324680628721577
0.19375	0.321689479947715
0.19375	0.321674464690994
0.2	0.318770626366159
0.2	0.318755138873072
0.20625	0.315941427291606
0.20625	0.315925442140718
0.2125	0.313204816699683
0.2125	0.313188305846539
0.21875	0.310563884374416
0.21875	0.310546816884383
0.225	0.308021892488788
0.225	0.30800423423889
0.23125	0.305582293856321
0.23125	0.305564007202016
0.2375	0.30324875205618
0.2375	0.303229795458526
0.24375	0.301025163660414
0.24375	0.301005491268449
0.25	0.298915682821715
0.25	0.298895244004183
0.25625	0.296924748514306
0.25625	0.296903487334348
0.2625	0.295057114759261
0.2625	0.295034969385529
0.26875	0.293317884207198
0.26875	0.293294786254515
0.275	0.291712545494653
0.275	0.291688419285985
0.28125	0.290247014838755
0.28125	0.290221776578134
0.2875	0.288927682394966
0.2875	0.288901239240205
0.29375	0.287761463975691
0.29375	0.287733713001572
0.3	0.286755858802059
0.3	0.286726685847367
0.30625	0.285919014024049
0.30625	0.285888292416439
0.3125	0.285259796798348
0.3125	0.28522738595054
0.31875	0.284787874772867
0.31875	0.28475361864653
0.325	0.284513805890771
0.325	0.284477531333269
0.33125	0.284449138469599
0.33125	0.284410653442041
0.3375	0.284606522501538
0.3375	0.284565614233608
0.34375	0.284999833038899
0.34375	0.284956266170457
0.35	0.285644306350187
0.35	0.285597821157537
0.35625	0.286556689205089
0.35625	0.28650700006628
0.3625	0.287755401086708
0.3625	0.287702195421386
0.36875	0.289260708221901
0.36875	0.289203646256445
0.375	0.291094906909876
0.375	0.291033622781113
0.38125	0.293282511495449
0.38125	0.293216616432223
0.3875	0.295850439170856
0.3875	0.295779527800565
0.39375	0.298828179187868
0.39375	0.2987518404236
0.4	0.302247927487133
0.4	0.30216576197332
0.40625	0.306144658546493
0.40625	0.306056305271739
0.4125	0.310556093672059
0.4125	0.310461269048587
0.41875	0.315522508307069
0.41875	0.315421061634708
0.425	0.321086299859488
0.425	0.320978289357776
0.43125	0.327291212629026
0.43125	0.327177005623819
0.4375	0.334181090199872
0.4375	0.334061488781736
0.44375	0.341798004294723
0.44375	0.34167439274862
0.45	0.350179604376673
0.45	0.35005410589428
0.45625	0.359355563604287
0.45625	0.359231181199942
0.4625	0.369343090684774
0.4625	0.369223793775876
0.46875	0.380141661230873
0.46875	0.380032374570529
0.475	0.391727407028375
0.475	0.391633887226543
0.48125	0.404047944839261
0.48125	0.403976668073808
0.4875	0.417018651010411
0.4875	0.416977447626434
0.49375	0.430520791997095
0.49375	0.430524348532759
0.5	0.44439622940619
0.5	0.44446533448228
0.50625	0.45850027331082
0.50625	0.458629272640554
0.5125	0.472664342758665
0.5125	0.472805662930585
0.51875	0.486711568989135
0.51875	0.486831470855625
0.525	0.500467337054837
0.525	0.500549259579224
0.53125	0.513782519718023
0.53125	0.51381994297119
0.5375	0.526536849761464
0.5375	0.526529440734471
0.54375	0.538639694375425
0.54375	0.538590850809186
0.55	0.550028320236936
0.55	0.549943454721861
0.55625	0.560664493150527
0.55625	0.560549843421179
0.5625	0.570530277749038
0.5625	0.570392122297959
0.56875	0.57962374895023
0.56875	0.57946793296972
0.575	0.587955057717682
0.575	0.587786746404747
0.58125	0.595543067641119
0.58125	0.595366654894264
0.5875	0.602412620804858
0.5875	0.602231735506416
0.59375	0.608592398652207
0.59375	0.608409965761798
0.6	0.614113299283249
0.6	0.61393162649068
0.60625	0.619007239173257
0.60625	0.61882811062807
0.6125	0.623306290805535
0.6125	0.623131057260101
0.61875	0.627042078969035
0.61875	0.626871738934487
0.625	0.630245372067125
0.625	0.630080641881463
0.63125	0.632945817914178
0.63125	0.632787190541088
0.6375	0.635171784942282
0.6375	0.635019578328831
0.64375	0.636950279150952
0.64375	0.636804675417492
0.65	0.638306914590982
0.65	0.638167991443866
0.65625	0.639265920942727
0.65625	0.63913367664199
0.6625	0.639850176135887
0.6625	0.639724549208582
0.66875	0.640081255252668
0.66875	0.63996213997243
0.675	0.639979489409206
0.675	0.639866747893081
0.68125	0.639564030123835
0.68125	0.639457501742851
0.6875	0.638852916014025
0.6875	0.638752424680128
0.69375	0.637863139639009
0.69375	0.637768499419229
0.7	0.636610713014181
0.7	0.636521732431248
0.70625	0.635110730834383
0.70625	0.635027216139085
0.7125	0.633377430807917
0.7125	0.633299188449347
0.71875	0.631424250759395
0.71875	0.631351089232243
0.725	0.629263882337193
0.725	0.629195613546163
0.73125	0.62690832128342
0.73125	0.626844761530806
0.7375	0.624368914310558
0.7375	0.624309884986111
0.74375	0.62165640269546
0.74375	0.621601730731788
0.75	0.618780962753277
0.75	0.618730480901484
0.75625	0.615752243383161
0.75625	0.615705790353672
0.7625	0.612579400879884
0.7625	0.612536821381816
0.76875	0.609271131196303
0.76875	0.609232275901649
0.775	0.60583569983647
0.775	0.605800425291964
0.78125	0.602280969552446
0.78125	0.602249138055572
0.7875	0.598614426002182
0.7875	0.598585905449697
0.79375	0.594843201513946
0.79375	0.594817865228851
0.8	0.590974097103913
0.8	0.590951823649112
0.80625	0.58701360289353
0.80625	0.586994275880446
0.8125	0.582967917059977
0.8125	0.582951424957279
0.81875	0.578842963436152
0.81875	0.578829199381478
0.825	0.574644407866594
0.825	0.57463326948401
0.83125	0.570377673419827
0.83125	0.570369062645839
0.8375	0.566047954550129
0.8375	0.566041777470581
0.84375	0.561660230293116
0.84375	0.561656396993079
0.85	0.557219276572432
0.85	0.557217701001233
0.85625	0.552729677688796
0.85625	0.552730277542837
0.8625	0.54819583705606
0.8625	0.548198533681697
0.86875	0.543621987244411
0.86875	0.54362670556694
0.875	0.539012199384358
0.875	0.539018867859807
0.88125	0.534370391992569
0.88125	0.534378942589816
0.8875	0.529700339258073
0.8875	0.529710707437391
0.89375	0.525005678793336
0.89375	0.525017803619965
0.9	0.520289918932773
0.9	0.520303743249263
0.90625	0.515556445553868
0.90625	0.515571916268374
0.9125	0.510808528594602
0.9125	0.510825597115433
0.91875	0.506049328175538
0.91875	0.506067951016976
0.925	0.501281900270099
0.925	0.501302039972764
0.93125	0.496509202050469
0.93125	0.49653082856818
0.9375	0.491734096841791
0.9375	0.491757189661573
0.94375	0.486959358634506
0.94375	0.486983910112743
0.95	0.482187676002269
0.95	0.48221369681754
0.95625	0.47742165512714
0.95625	0.477449183630489
0.9625	0.472663821205162
0.9625	0.472692940519889
0.96875	0.467916616419369
0.96875	0.46794748850839
0.975	0.46318238951966
0.975	0.463215330914113
0.98125	0.458463360872196
0.98125	0.458499044350298
0.9875	0.453761490654583
0.9875	0.453802168795642
0.99375	0.449076816049259
0.99375	0.449118818569637
1	0.444429411561149
0	0.296304370263795
0.00625	0.296272118089792
0.00625	0.296280030416677
0.0125	0.296199925619844
0.0125	0.29620773353598
0.01875	0.296080342150045
0.01875	0.29608802260644
0.025	0.295914117123737
0.025	0.295921656320608
0.03125	0.295702044792013
0.03125	0.295709428865658
0.0375	0.295445009673459
0.0375	0.295452225638723
0.04375	0.295143972814424
0.04375	0.295151007917534
0.05	0.294799971984133
0.05	0.294806813815616
0.05625	0.294414119858699
0.05625	0.294420756260749
0.0625	0.293987602555651
0.0625	0.293994021603126
0.06875	0.29352167829126
0.06875	0.29352786826205
0.075	0.29301767614991
0.075	0.293023625500935
0.08125	0.2924769949791
0.08125	0.292482692322567
0.0875	0.291901102408487
0.0875	0.291906536488564
0.09375	0.291291533997086
0.09375	0.291296693666425
0.1	0.290649892511978
0.1	0.290654766707843
0.10625	0.28997784734265
0.10625	0.289982425062462
0.1125	0.289277134055511
0.1125	0.289281404331651
0.11875	0.288549554093585
0.11875	0.288553505967329
0.125	0.28779697462688
0.125	0.287800597121352
0.13125	0.28702132855944
0.13125	0.287024610651483
0.1375	0.286224614699588
0.1375	0.286227545290443
0.14375	0.285408898100361
0.14375	0.285411465985084
0.15	0.284576310577639
0.15	0.284578504413164
0.15625	0.283729051413931
0.15625	0.28373085968571
0.1625	0.282869388256185
0.1625	0.282870799243372
0.16875	0.281999658216342
0.16875	0.282000659955484
0.175	0.281122269183582
0.175	0.281122849430829
0.18125	0.280239701357243
0.18125	0.280239847549144
0.1875	0.279354509009285
0.1875	0.279354208222261
0.19375	0.278469322484671
0.19375	0.278468561393357
0.2	0.277586850447325
0.2	0.277585615282013
0.20625	0.276709882378069
0.20625	0.276708158881621
0.2125	0.275841291329326
0.2125	0.275839064714002
0.21875	0.274984036939016
0.21875	0.274981291843865
0.225	0.274141168702997
0.225	0.274137889152664
0.23125	0.273315829501194
0.23125	0.273311998867293
0.2375	0.272511259366868
0.2375	0.272506860333441
0.24375	0.271730799480869
0.24375	0.271725814015792
0.25	0.270977896362935
0.25	0.270972305697604
0.25625	0.270256106220165
0.25625	0.270249890840756
0.2625	0.269569099397295
0.2625	0.269562239052603
0.26875	0.268920664850438
0.26875	0.26891313858312
0.275	0.268314714531942
0.275	0.268306500740505
0.28125	0.267755287531367
0.28125	0.267746364070075
0.2875	0.267246553774346
0.2875	0.267236898100151
0.29375	0.266792817036278
0.29375	0.266782406418055
0.3	0.266398516962364
0.3	0.266387328775244
0.30625	0.266068229677877
0.30625	0.266056241809964
0.3125	0.265806666425027
0.3125	0.265793857826212
0.31875	0.265618669495081
0.31875	0.265605020904088
0.325	0.265509204536705
0.325	0.265494699435783
0.33125	0.265483348080478
0.33125	0.265467973943785
0.3375	0.265546268789741
0.3375	0.265530018708193
0.34375	0.265703200518143
0.34375	0.265686075302525
0.35	0.265959404721143
0.35	0.26594141561032
0.35625	0.266320119109882
0.35625	0.266301291242338
0.3625	0.26679048861234
0.3625	0.266770865455144
0.36875	0.26737547368376
0.36875	0.2673551226518
0.375	0.26807972976159
0.375	0.268058749298987
0.38125	0.268907450175208
0.38125	0.268885978603447
0.3875	0.269862163104742
0.3875	0.269840389554978
0.39375	0.270946471295804
0.39375	0.270924649012773
0.4	0.272161721334177
0.4	0.272140183527837
0.40625	0.273507587688706
0.40625	0.2734867658562
0.4125	0.274981556036397
0.4125	0.274962000190117
0.41875	0.276578291610709
0.41875	0.276560691003403
0.425	0.278288883102625
0.425	0.27827408468742
0.43125	0.280099963458199
0.43125	0.280088983324794
0.4375	0.281992729147494
0.4375	0.281986749516245
0.44375	0.283941913207227
0.44375	0.283942254536737
0.45	0.285914818311878
0.45	0.285922873607169
0.45625	0.287870585183011
0.45625	0.287887703572985
0.4625	0.289759952244432
0.4625	0.289787264251169
0.46875	0.29152583417765
0.46875	0.291564024939261
0.475	0.293105070295436
0.475	0.293154130176053
0.48125	0.294431612205268
0.48125	0.294490620913606
0.4875	0.295441182552499
0.4875	0.295508189792863
0.49375	0.296077050353138
0.49375	0.29614896794717
0.5	0.296296318419208
0.5	0.296368676063447
0.50625	0.296075231316498
0.50625	0.29614246424877
0.5125	0.295409699324757
0.5125	0.295469856551583
0.51875	0.294317296898978
0.51875	0.294371608879072
0.525	0.292836341502993
0.525	0.292887189641069
0.53125	0.291020600583064
0.53125	0.29107050965491
0.5375	0.288933353495125
0.5375	0.288984455722894
0.54375	0.286641696680825
0.54375	0.286695489320308
0.55	0.284211807673972
0.55	0.284269113963649
0.55625	0.281705499825393
0.55625	0.281766551762701
0.5625	0.279178075045057
0.5625	0.279242652644169
0.56875	0.276677271421003
0.56875	0.276744852323785
0.575	0.274243025883025
0.575	0.274312917964766
0.58125	0.271907779096105
0.58125	0.271979224177823
0.5875	0.26969709832596
0.5875	0.269769345356583
0.59375	0.267630453559726
0.59375	0.267702805104384
0.6	0.265722036358685
0.6	0.265793874284159
0.60625	0.263981553537641
0.60625	0.264052349832737
0.6125	0.262414958269084
0.6125	0.262484276043707
0.61875	0.261025101523768
0.61875	0.261092590056697
0.625	0.259812299419237
0.625	0.259877686012017
0.63125	0.258774819376241
0.63125	0.25883789985854
0.6375	0.257909291805191
0.6375	0.257969920851685
0.64375	0.25721105567135
0.64375	0.257269137605917
0.65	0.25667444661197
0.65	0.256729927050134
0.65625	0.256293035884244
0.65625	0.256345894357335
0.6625	0.25605982767222
0.6625	0.256110071251059
0.66875	0.255967421392338
0.66875	0.256015079257326
0.675	0.256008144736988
0.675	0.25605326360599
0.68125	0.256174162349684
0.68125	0.256216802661324
0.6875	0.256457564265155
0.6875	0.25649779701429
0.69375	0.256850437583193
0.69375	0.256888341711665
0.7	0.257344924274045
0.7	0.25738058452964
0.70625	0.257933267526849
0.70625	0.257966772714408
0.7125	0.258607848641031
0.7125	0.258639290200591
0.71875	0.259361216113477
0.71875	0.259390686970265
0.725	0.260186108281992
0.725	0.260213701921665
0.73125	0.261075470641492
0.73125	0.261101280370676
0.7375	0.262022468753111
0.7375	0.262046587110311
0.74375	0.26302049751877
0.74375	0.263043015806321
0.75	0.264063187482026
0.75	0.264084195396894
0.75625	0.265144408714467
0.75625	0.265163994061445
0.7625	0.266258272744447
0.7625	0.266276521217305
0.76875	0.26739913289667
0.76875	0.267416127914269
0.775	0.268561583346918
0.775	0.268577405934879
0.78125	0.269740457141361
0.78125	0.269755185852262
0.7875	0.270930823376101
0.7875	0.270944534240266
0.79375	0.272127983695856
0.79375	0.272140750194672
0.8	0.273327468256379
0.8	0.27333936131313
0.80625	0.274525031281862
0.80625	0.274536119267653
0.8125	0.275716646322702
0.8125	0.275726995074903
0.81875	0.27689850129312
0.81875	0.276908174143249
0.825	0.278066993353721
0.825	0.278076051162346
0.83125	0.279218723695537
0.83125	0.279227224892633
0.8375	0.280350492272671
0.8375	0.280358492902107
0.84375	0.281459292521268
0.84375	0.281466846288234
0.85	0.282542306095487
0.85	0.2825494644159
0.85625	0.283596897645593
0.85625	0.283603709696736
0.8625	0.284620609658719
0.8625	0.284627122430644
0.86875	0.285611157378436
0.86875	0.285617415725172
0.875	0.286566423816293
0.875	0.286572470507624
0.88125	0.287484454863938
0.88125	0.287490330637353
0.8875	0.288363454513563
0.8875	0.288369198135801
0.89375	0.289201780200755
0.89375	0.289207428512208
0.9	0.28999793826595
0.9	0.29000352622731
0.90625	0.290750579544757
0.90625	0.290756140280798
0.9125	0.291458495065896
0.9125	0.291464059909186
0.91875	0.292120611880126
0.91875	0.292126210420311
0.925	0.292735989028404
0.925	0.292741649159715
0.93125	0.29330381362894
0.93125	0.293309561598611
0.9375	0.293823397090382
0.9375	0.293829257550195
0.94375	0.294294171448734
0.94375	0.294300167512252
0.95	0.294715685827713
0.95	0.29472183913817
0.95625	0.295087603018007
0.95625	0.295093933837983
0.9625	0.29540969617102
0.9625	0.295416223516577
0.96875	0.295681845596887
0.96875	0.295688587470382
0.975	0.29590403563485
0.975	0.295911009532294
0.98125	0.296076351497688
0.98125	0.296083575713624
0.9875	0.296198975812649
0.9875	0.296206468925538
0.99375	0.296272192678042
0.99375	0.296280014433578
1	0.29629628855065
