2	0
160
0	0.444424561083947
0.0125	0.435214773305888
0.0125	0.435169268118837
0.025	0.426085525399578
0.025	0.426049068474851
0.0375	0.417084348694364
0.0375	0.417049607221074
0.05	0.408231043929871
0.05	0.408195842512437
0.0625	0.399538176600375
0.0625	0.399501781325134
0.075	0.391020542022265
0.075	0.390982572866294
0.0875	0.382692626247642
0.0875	0.382652850020078
0.1	0.37456895272836
0.1	0.374527200172135
0.1125	0.366664130856279
0.1125	0.366620255118122
0.125	0.358992984968902
0.125	0.358946840678972
0.1375	0.351570698155222
0.1375	0.351522127588893
0.15	0.344412977546093
0.15	0.344361800352558
0.1625	0.337536243731516
0.1625	0.337482247846868
0.175	0.330957849385342
0.175	0.330900781958793
0.1875	0.32469633385268
0.1875	0.324635891338803
0.2	0.31877172222732
0.2	0.318707538950759
0.2125	0.313205879686726
0.2125	0.313137514188286
0.225	0.308022934687981
0.225	0.307949853081318
0.2375	0.303249788295135
0.2375	0.303171343724518
0.25	0.298916731652369
0.25	0.298832138777085
0.2625	0.295058199656092
0.2625	0.294966502892854
0.275	0.291713696381485
0.275	0.2916137303486
0.2875	0.288928937241459
0.2875	0.288819277510779
0.3	0.286757265079712
0.3	0.286636167267667
0.3125	0.285261412667584
0.3125	0.285126738438333
0.325	0.284515700846021
0.325	0.284364830867169
0.3375	0.284608777030137
0.3375	0.284438514389315
0.35	0.28564700817742
0.35	0.28545348401358
0.3625	0.287758632483295
0.3625	0.287537243572292
0.375	0.291098712958029
0.375	0.290844157359877
0.3875	0.295854757379706
0.3875	0.295561304183835
0.4	0.302252442072101
0.4	0.301914696850549
0.4125	0.310559953327767
0.4125	0.310174578717267
0.425	0.321087619129951
0.425	0.320656698096263
0.4375	0.334176197925163
0.4375	0.333712937157436
0.45	0.350162251847629
0.45	0.349698816994247
0.4625	0.369304445312718
0.4625	0.368898913084208
0.475	0.391658116326803
0.475	0.391394160068711
0.4875	0.416911262790169
0.4875	0.416893674040582
0.5	0.444238254628708
0.5	0.444535782443717
0.5125	0.472547380875735
0.5125	0.473005787342666
0.525	0.500434020292955
0.525	0.5007739021558
0.5375	0.526628821783318
0.5375	0.526708438849979
0.55	0.55023894084619
0.55	0.550048359687698
0.5625	0.570830702136199
0.5625	0.570423255046552
0.575	0.588312034116046
0.575	0.587757920486888
0.5875	0.602797388922633
0.5875	0.602160135270245
0.6	0.614504276825849
0.6	0.613832825568723
0.6125	0.623688754415371
0.6125	0.623017344138508
0.625	0.630610075463095
0.625	0.629960972440358
0.6375	0.635513456215808
0.6375	0.634900134124444
0.65	0.638622990859347
0.65	0.638052849359243
0.6625	0.640139852832855
0.6625	0.639616269660605
0.675	0.640243050672858
0.675	0.639766832162352
0.6875	0.639091282967505
0.6875	0.638661649694074
0.7	0.636825149651341
0.7	0.636440389005353
0.7125	0.633569359287942
0.7125	0.633227249383536
0.725	0.629434771304206
0.725	0.629132851649692
0.7375	0.624520213477057
0.7375	0.624255954136521
0.75	0.618914065458048
0.75	0.618684969499806
0.7625	0.612695623507668
0.7625	0.612499286302954
0.775	0.605936271504358
0.775	0.605770412840938
0.7875	0.598700484681987
0.7875	0.598562964201473
0.8	0.591046690113882
0.8	0.590935512660063
0.8125	0.583028004712312
0.8125	0.582941319596881
0.825	0.574692868757469
0.825	0.574628965583142
0.8375	0.566085591053973
0.8375	0.566042894107901
0.85	0.557246819899205
0.85	0.557223882657375
0.8625	0.54821395155455
0.8625	0.548209452508363
0.875	0.539021485794647
0.875	0.539034226927972
0.8875	0.529701335638996
0.8875	0.529730244803072
0.9	0.520283100132016
0.9	0.520327240758542
0.9125	0.510794303727065
0.9125	0.510852892508482
0.925	0.501260595801273
0.925	0.501333050590591
0.9375	0.491705924978966
0.9375	0.491791970596005
0.95	0.482152672600823
0.95	0.482252564728268
0.9625	0.472621692117351
0.9625	0.472736916764655
0.975	0.463131815205097
0.975	0.463271527653832
0.9875	0.453690631803873
0.9875	0.453845762152624
1	0.444386502803555
0	0.296328483040979
0.0125	0.296200007762159
0.0125	0.296230755934659
0.025	0.295914297383333
0.025	0.295943971737103
0.0375	0.295445094528917
0.0375	0.295473424912617
0.05	0.294800039509942
0.05	0.294826817408243
0.0625	0.293987643746829
0.0625	0.294012673724275
0.075	0.293017699054575
0.075	0.293040794013767
0.0875	0.291901111676055
0.0875	0.291922089535119
0.1	0.29064989315064
0.1	0.290668575744158
0.1125	0.289277130738741
0.1125	0.289293341825008
0.125	0.287796971539712
0.125	0.287810535149277
0.1375	0.286224615279415
0.1375	0.28623535385294
0.15	0.284576317303737
0.15	0.284584049725803
0.1625	0.282869402583932
0.1625	0.28287394205158
0.175	0.281122291705866
0.175	0.281123443432063
0.1875	0.279354539886659
0.1875	0.279352098638735
0.2	0.27758689006796
0.2	0.27758063756196
0.2125	0.275841341081239
0.2125	0.275831043282342
0.225	0.274141231702452
0.225	0.27412663613197
0.2375	0.2725113410293
0.2375	0.272492174275494
0.25	0.270978004864219
0.25	0.27095397069548
0.2625	0.269569246277061
0.2625	0.269540025084435
0.275	0.26831491553418
0.275	0.268280166223993
0.2875	0.267246829485249
0.2875	0.267206195486864
0.3	0.266398892906208
0.3	0.266352015096053
0.3125	0.26580717250337
0.3125	0.265753713957048
0.325	0.265509873751318
0.325	0.265449564331171
0.3375	0.265547135552521
0.3375	0.26547984884431
0.35	0.265960501494477
0.35	0.265886383899669
0.3625	0.266791837991288
0.3625	0.266711521130184
0.375	0.268081328517571
0.375	0.267996271429111
0.3875	0.269863953147669
0.3875	0.269776976979581
0.4	0.272163540912652
0.4	0.27207962285807
0.4125	0.274983067400339
0.4125	0.274910412289891
0.425	0.278289491177747
0.425	0.278240701877756
0.4375	0.281991559962233
0.4375	0.28198421361242
0.45	0.285910929161853
0.45	0.285965928190656
0.4625	0.289753012769947
0.4625	0.289888263709676
0.475	0.293096445273289
0.475	0.293314884421537
0.4875	0.295434401573146
0.4875	0.295711177052458
0.5	0.29629644298949
0.5	0.29657902920086
0.5125	0.295417325590454
0.5125	0.295652313861683
0.525	0.292840755617797
0.525	0.293027940289904
0.5375	0.288917300956814
0.5375	0.289088744613118
0.55	0.284164421885158
0.55	0.28434934754068
0.5625	0.279097874123822
0.5625	0.279309828555754
0.575	0.274135263278122
0.575	0.274373896122783
0.5875	0.269569964989115
0.5875	0.269827367311177
0.6	0.265583926966271
0.6	0.265849959334624
0.6125	0.262273068803018
0.6125	0.262538387870318
0.625	0.259672168064074
0.625	0.259929440263124
0.6375	0.257774848092929
0.6375	0.258018931758988
0.65	0.256548269278284
0.65	0.256775938593621
0.6625	0.255943447354234
0.6625	0.256152980085417
0.675	0.255902318228393
0.675	0.256093096601987
0.6875	0.256362497095614
0.6875	0.256534675976405
0.7	0.25726044207122
0.7	0.257414693600949
0.7125	0.258533526114987
0.7125	0.258670852053272
0.725	0.260121364807896
0.725	0.260242962773187
0.7375	0.261966636876457
0.7375	0.262073806998991
0.75	0.264015559446949
0.75	0.264109640222199
0.7625	0.266218130479108
0.7625	0.26630045538399
0.775	0.268528216832037
0.775	0.268600085654227
0.7875	0.27090354147272
0.7875	0.270966202022307
0.8	0.273305605217767
0.8	0.27336024229868
0.8125	0.275699566220853
0.8125	0.275747295534848
0.825	0.278054092999118
0.825	0.278095958267436
0.8375	0.280341202593338
0.8375	0.280378174803053
0.85	0.282536092411881
0.85	0.282569070520264
0.8625	0.284616971370182
0.8625	0.284646783959685
0.875	0.286564893717112
0.875	0.286592301218657
0.8875	0.288363597965108
0.8875	0.288389295279904
0.9	0.289999351996453
0.9	0.290023971335204
0.9125	0.291460805494937
0.9125	0.291484920257824
0.925	0.292738851555479
0.925	0.292762979270167
0.9375	0.293826494756249
0.9375	0.293851100155086
0.95	0.294718726826086
0.95	0.294744228065276
0.9625	0.295412410248707
0.9625	0.295439186291358
0.975	0.295906176690375
0.975	0.295934511048771
0.9875	0.296200433413733
0.9875	0.296230860138301
1	0.296296223799765
