2	0
640
0	2
0.003125	2
0.003125	2
0.00625	2
0.00625	2
0.009375	2
0.009375	2
0.0125	2
0.0125	2
0.015625	2
0.015625	2
0.01875	2
0.01875	2
0.021875	2
0.021875	2
0.025	2
0.025	2
0.028125	2
0.028125	2
0.03125	2
0.03125	2
0.034375	2
0.034375	2
0.0375	2
0.0375	2
0.040625	2
0.040625	2
0.04375	2
0.04375	2
0.046875	2
0.046875	2
0.05	2
0.05	2
0.053125	2
0.053125	2
0.05625	2
0.05625	2
0.059375	2
0.059375	2
0.0625	2
0.0625	2
0.065625	2
0.065625	2
0.06875	2
0.06875	2
0.071875	2
0.071875	2
0.075	2
0.075	2
0.078125	2
0.078125	2
0.08125	2
0.08125	2
0.084375	2
0.084375	2
0.0875	2
0.0875	2
0.090625	2
0.090625	2
0.09375	2
0.09375	2
0.096875	2
0.096875	2
0.1	2
0.1	2
0.103125	2
0.103125	2
0.10625	2
0.10625	2
0.109375	2
0.109375	2
0.1125	2
0.1125	2
0.115625	2
0.115625	2
0.11875	2
0.11875	2
0.121875	2
0.121875	2
0.125	2
0.125	2
0.128125	2
0.128125	2
0.13125	2
0.13125	2
0.134375	2
0.134375	2
0.1375	2
0.1375	2
0.140625	2
0.140625	2
0.14375	2
0.14375	2
0.146875	2
0.146875	2
0.15	2
0.15	2
0.153125	2
0.153125	2
0.15625	2
0.15625	2.00182706737161
0.159375	1.9931812917403
0.159375	1.99302161324122
0.1625	1.98364235254059
0.1625	1.98364235254059
0.165625	1.97428521354117
0.165625	1.97428521354117
0.16875	1.96495019624296
0.16875	1.96495019624296
0.171875	1.95563730064597
0.171875	1.95563730064597
0.175	1.94634652675018
0.175	1.94634652675018
0.178125	1.93707787455561
0.178125	1.93707787455561
0.18125	1.92783134406225
0.18125	1.92783134406225
0.184375	1.9186069352701
0.184375	1.9186069352701
0.1875	1.90940464817917
0.1875	1.90940464817917
0.190625	1.90022448278944
0.190625	1.90022448278944
0.19375	1.89106643910093
0.19375	1.89106643910093
0.196875	1.88193051711363
0.196875	1.88193051711363
0.2	1.87281671682754
0.2	1.87281671682754
0.203125	1.86372503824266
0.203125	1.86372503824267
0.20625	1.854655481359
0.20625	1.854655481359
0.209375	1.84560804617655
0.209375	1.84560804617655
0.2125	1.83658273269531
0.2125	1.83658273269531
0.215625	1.82757954091528
0.215625	1.82757954091528
0.21875	1.81859847083646
0.21875	1.81859847083646
0.221875	1.80963952245886
0.221875	1.80963952245886
0.225	1.80070269578246
0.225	1.80070269578246
0.228125	1.79178799080728
0.228125	1.79178799080728
0.23125	1.78289540753331
0.23125	1.78289540753331
0.234375	1.77402494596055
0.234375	1.77402494596056
0.2375	1.76517660608901
0.2375	1.76517660608901
0.240625	1.75635038791868
0.240625	1.75635038791868
0.24375	1.74754629144955
0.24375	1.74754629144955
0.246875	1.73876431668164
0.246875	1.73876431668164
0.25	1.73000446361495
0.25	1.73000446361495
0.253125	1.72126673224946
0.253125	1.72126673224946
0.25625	1.71255112258519
0.25625	1.71255112258519
0.259375	1.70385763462212
0.259375	1.70385763462212
0.2625	1.69518626836027
0.2625	1.69518626836027
0.265625	1.68653702379964
0.265625	1.68653702379964
0.26875	1.67790990094021
0.26875	1.67790990094021
0.271875	1.669304899782
0.271875	1.669304899782
0.275	1.66072202032499
0.275	1.66072202032499
0.278125	1.6521612625692
0.278125	1.65135712756985
0.28125	1.64662369918834
0.28125	1.64762399030397
0.284375	1.64762399030397
0.284375	1.64762399030397
0.2875	1.64762399030397
0.2875	1.64762399030397
0.290625	1.64762399030397
0.290625	1.64762399030397
0.29375	1.64762399030397
0.29375	1.64762399030397
0.296875	1.64762399030397
0.296875	1.64762399030397
0.3	1.64762399030397
0.3	1.64762399030397
0.303125	1.64762399030397
0.303125	1.64762399030397
0.30625	1.64762399030397
0.30625	1.64762399030397
0.309375	1.64762399030397
0.309375	1.64762399030397
0.3125	1.64762399030397
0.3125	1.64762399030397
0.315625	1.64762399030397
0.315625	1.64762399030397
0.31875	1.64762399030397
0.31875	1.64762399030397
0.321875	1.64762399030397
0.321875	1.64762399030397
0.325	1.64762399030397
0.325	1.64762399030397
0.328125	1.64762399030397
0.328125	1.64762399030397
0.33125	1.64762399030397
0.33125	1.64762399030397
0.334375	1.64762399030397
0.334375	1.64762399030397
0.3375	1.64762399030397
0.3375	1.64762399030397
0.340625	1.64762399030397
0.340625	1.64762399030397
0.34375	1.64762399030397
0.34375	1.64762399030397
0.346875	1.64762399030397
0.346875	1.64762399030397
0.35	1.64762399030397
0.35	1.64762399030397
0.353125	1.64762399030397
0.353125	1.64762399030397
0.35625	1.64762399030397
0.35625	1.64762399030397
0.359375	1.64762399030397
0.359375	1.64762399030397
0.3625	1.64762399030397
0.3625	1.64762399030397
0.365625	1.64762399030397
0.365625	1.64762399030397
0.36875	1.64762399030397
0.36875	1.64762399030397
0.371875	1.64762399030397
0.371875	1.64762399030397
0.375	1.64762399030397
0.375	1.64762399030397
0.378125	1.64762399030397
0.378125	1.64762399030397
0.38125	1.64762399030397
0.38125	1.64762399030397
0.384375	1.64762399030397
0.384375	1.64762399030397
0.3875	1.64762399030397
0.3875	1.64762399030397
0.390625	1.64762399030397
0.390625	1.64762399030397
0.39375	1.64762399030397
0.39375	1.64762399030397
0.396875	1.64762399030397
0.396875	1.64762399030397
0.4	1.64762399030397
0.4	1.64762399030397
0.403125	1.64762399030397
0.403125	1.64762399030397
0.40625	1.64762399030397
0.40625	1.64762399030397
0.409375	1.64762399030397
0.409375	1.64762399030397
0.4125	1.64762399030397
0.4125	1.64762399030397
0.415625	1.64762399030397
0.415625	1.64762399030397
0.41875	1.64762399030397
0.41875	1.64762399030397
0.421875	1.64762399030397
0.421875	1.64762399030397
0.425	1.64762399030397
0.425	1.64762399030397
0.428125	1.64762399030397
0.428125	1.64762399030397
0.43125	1.64762399030397
0.43125	1.64762399030397
0.434375	1.64762399030397
0.434375	1.64762399030397
0.4375	1.64762399030397
0.4375	1.64762399030397
0.440625	1.64762399030397
0.440625	1.64762399030397
0.44375	1.64762399030397
0.44375	1.64762399030397
0.446875	1.64762399030397
0.446875	1.64762399030397
0.45	1.64762399030397
0.45	1.64762399030397
0.453125	1.64762399030397
0.453125	1.64762399030397
0.45625	1.64762399030397
0.45625	1.64762399030397
0.459375	1.64762399030397
0.459375	1.64762399030397
0.4625	1.64762399030397
0.4625	1.64762399030397
0.465625	1.64762399030397
0.465625	1.64762399030397
0.46875	1.64762399030397
0.46875	1.64762399030397
0.471875	1.64762399030397
0.471875	1.64762399030397
0.475	1.64762399030397
0.475	1.64762399030397
0.478125	1.64762399030397
0.478125	1.64762399030397
0.48125	1.64762399030397
0.48125	1.64762399030397
0.484375	1.64762399030397
0.484375	1.64762399030397
0.4875	1.64762399030397
0.4875	1.64762399030397
0.490625	1.64762399030397
0.490625	1.64762399030397
0.49375	1.64762399030397
0.49375	1.64762399030397
0.496875	1.64762399030397
0.496875	1.64762399030397
0.5	1.64762399030397
0.5	1.64762399030397
0.503125	1.64762399030397
0.503125	1.64762399030397
0.50625	1.64762399030397
0.50625	1.64762399030397
0.509375	1.64762399030397
0.509375	1.64762399030397
0.5125	1.64762399030397
0.5125	1.64762399030397
0.515625	1.64762399030397
0.515625	1.64762399030397
0.51875	1.64762399030397
0.51875	1.64762399030397
0.521875	1.64762399030397
0.521875	1.64762399030397
0.525	1.64762399030397
0.525	1.64762399030397
0.528125	1.64762399030397
0.528125	1.64762399030397
0.53125	1.64762399030397
0.53125	1.64762399030397
0.534375	1.64762399030397
0.534375	1.64762399030397
0.5375	1.64762399030397
0.5375	1.64762399030397
0.540625	1.64762399030397
0.540625	1.64762399030397
0.54375	1.64762399030397
0.54375	1.64762399030397
0.546875	1.64762399030397
0.546875	1.64762399030397
0.55	1.64762399030397
0.55	1.64762399030397
0.553125	1.64762399030397
0.553125	1.64762399030397
0.55625	1.64762399030397
0.55625	1.64762399030397
0.559375	1.64762399030397
0.559375	1.64762399030397
0.5625	1.64762399030397
0.5625	1.64762399030397
0.565625	1.64762399030397
0.565625	1.64762399030397
0.56875	1.64762399030397
0.56875	1.64762399030397
0.571875	1.64762399030397
0.571875	1.64762399030397
0.575	1.64762399030397
0.575	1.64762399030397
0.578125	1.64762399030397
0.578125	1.64762399030397
0.58125	1.64762399030397
0.58125	1.64762399030397
0.584375	1.64762399030397
0.584375	1.64762399030397
0.5875	1.64762399030397
0.5875	1.64762399030397
0.590625	1.64762399030397
0.590625	1.64762399030397
0.59375	1.64762399030397
0.59375	1.64762399030397
0.596875	1.64762399030397
0.596875	1.64762399030397
0.6	1.64762399030397
0.6	1.64762399030397
0.603125	1.64762399030397
0.603125	1.64762399030397
0.60625	1.64762399030397
0.60625	1.64762399030397
0.609375	1.64762399030397
0.609375	1.64762399030397
0.6125	1.64762399030397
0.6125	1.64762399030397
0.615625	1.64762399030397
0.615625	1.64762399030397
0.61875	1.64762399030397
0.61875	1.64762399030397
0.621875	1.64762399030397
0.621875	1.64762399030397
0.625	1.64762399030397
0.625	1.64762399030397
0.628125	1.64762399030397
0.628125	1.64762399030397
0.63125	1.64762399030397
0.63125	1.64762399030397
0.634375	1.64762399030397
0.634375	1.64762399030397
0.6375	1.64762399030397
0.6375	1.64762399030397
0.640625	1.64762399030397
0.640625	1.64762399030397
0.64375	1.64762399030397
0.64375	1.64762399030397
0.646875	1.64762399030397
0.646875	1.64762399030397
0.65	1.64762399030397
0.65	1.64762399030397
0.653125	1.64762399030397
0.653125	1.64762399030397
0.65625	1.64762399030397
0.65625	1.64762399030397
0.659375	1.64762399030397
0.659375	1.64762399030397
0.6625	1.64762399030397
0.6625	1.64762399030397
0.665625	1.64762399030397
0.665625	1.64762399030397
0.66875	1.64762399030397
0.66875	1.64762399030397
0.671875	1.64762399030397
0.671875	1.64762399030397
0.675	1.64762399030397
0.675	1.64762399030397
0.678125	1.64762399030397
0.678125	1.64762399030397
0.68125	1.64762399030397
0.68125	1.64762399030397
0.684375	1.64762399030397
0.684375	1.64762399030397
0.6875	1.64762399030397
0.6875	1.64762399030397
0.690625	1.64762399030397
0.690625	1.64762399030397
0.69375	1.64762399030397
0.69375	1.64762399030397
0.696875	1.64762399030397
0.696875	1.64762399030397
0.7	1.64762399030397
0.7	1.64762399030397
0.703125	1.64762399030397
0.703125	1.64762399030397
0.70625	1.64762399030397
0.70625	1.64762399030397
0.709375	1.64762399030397
0.709375	1.64762399030397
0.7125	1.64762399030397
0.7125	1.64762399030397
0.715625	1.64762399030397
0.715625	1.64762399030397
0.71875	1.64762399030397
0.71875	1.64762399030397
0.721875	1.64762399030397
0.721875	1.64762399030397
0.725	1.64762399030397
0.725	1.64762399030397
0.728125	1.64762399030397
0.728125	1.64762399030397
0.73125	1.64762399030397
0.73125	1.64762399030397
0.734375	1.64762399030397
0.734375	1.64762399030397
0.7375	1.64762399030397
0.7375	1.64762399030397
0.740625	1.64762399030397
0.740625	1.64762399030397
0.74375	1.64762399030397
0.74375	1.64762399030397
0.746875	1.64762399030397
0.746875	1.64762399030397
0.75	1.64762399030397
0.75	1.64762399030397
0.753125	1.64762399030397
0.753125	1.64762399030397
0.75625	1.64762399030397
0.75625	1.64762399030397
0.759375	1.64762399030397
0.759375	1.64762399030397
0.7625	1.64762399030397
0.7625	1.64762399030397
0.765625	1.64762399030397
0.765625	1.64762399030397
0.76875	1.64762399030397
0.76875	1.64762399030397
0.771875	1.64762399030397
0.771875	1.64762399030397
0.775	1.64762399030397
0.775	1.64762399030397
0.778125	1.64762399030397
0.778125	1.64762399030397
0.78125	1.64762399030397
0.78125	1.64762399030397
0.784375	1.64762399030397
0.784375	1.64762399030397
0.7875	1.64762399030397
0.7875	1.64762399030397
0.790625	1.64762399030397
0.790625	1.64762399030397
0.79375	1.64762399030397
0.79375	1.64762399030397
0.796875	1.64762399030397
0.796875	1.64762399030397
0.8	1.64762399030397
0.8	1.64762399030397
0.803125	1.64762399030397
0.803125	1.64762399030397
0.80625	1.64762399030397
0.80625	1.64762399030397
0.809375	1.64762399030397
0.809375	1.64762399030397
0.8125	1.64762399030397
0.8125	1.64762399030397
0.815625	1.64762399030397
0.815625	1.64762399030397
0.81875	1.64762399030397
0.81875	1.64762399030397
0.821875	1.64762399030397
0.821875	1.64762399030397
0.825	1.64762399030397
0.825	1.64762399030397
0.828125	1.64762399030397
0.828125	1.64762399030397
0.83125	1.64762399030397
0.83125	1.64762399030397
0.834375	1.64762399030397
0.834375	1.64762399030397
0.8375	1.64762399030397
0.8375	1.64762399030397
0.840625	1.64762399030397
0.840625	1.64762399030397
0.84375	1.64762399030397
0.84375	1.64762399030397
0.846875	1.64762399030397
0.846875	1.64762399030397
0.85	1.64762399030397
0.85	1.64762399030397
0.853125	1.64762399030397
0.853125	1.64762399030397
0.85625	1.64762399030397
0.85625	1.64762399030397
0.859375	1.64762399030397
0.859375	1.64762399030397
0.8625	1.64762399030397
0.8625	1.64762399030397
0.865625	1.64762399030397
0.865625	1.64762399030397
0.86875	1.64762399030397
0.86875	1.64762399030397
0.871875	1.64762399030397
0.871875	1.64762399030397
0.875	1.64762399030397
0.875	1.64762399030397
0.878125	1.64762399030397
0.878125	1.64762399030397
0.88125	1.64762399030397
0.88125	1.64762399030397
0.884375	1.64762399030397
0.884375	1.64762399030397
0.8875	1.64762399030397
0.8875	1.64762399030397
0.890625	1.64762399030397
0.890625	1.64762399030397
0.89375	1.64762399030397
0.89375	1.64762399030397
0.896875	1.64762399030397
0.896875	1.64762399030397
0.9	1.64762399030397
0.9	1.64762399030397
0.903125	1.64762399030397
0.903125	1.64762399030397
0.90625	1.64762399030397
0.90625	1.64762399030397
0.909375	1.64762399030397
0.909375	1.64762399030397
0.9125	1.64762399030397
0.9125	1.64762399030397
0.915625	1.64762399030397
0.915625	1.64762399030397
0.91875	1.64762399030397
0.91875	1.64762399030397
0.921875	1.64762399030397
0.921875	1.64762399030397
0.925	1.64762399030397
0.925	1.64762399030397
0.928125	1.64762399030397
0.928125	1.64762399030397
0.93125	1.64762399030397
0.93125	1.64762399030397
0.934375	1.64762399030397
0.934375	1.64762399030397
0.9375	1.64762399030397
0.9375	1.64762399030397
0.940625	1.64762399030397
0.940625	1.64762399030397
0.94375	1.64762399030397
0.94375	1.64762399030397
0.946875	1.64762399030397
0.946875	1.64762399030397
0.95	1.64762399030397
0.95	1.64762399030397
0.953125	1.64762399030397
0.953125	1.64762399030397
0.95625	1.64762399030397
0.95625	1.64762399030397
0.959375	1.64762399030397
0.959375	1.64762399030397
0.9625	1.64762399030397
0.9625	1
0.965625	1
0.965625	1
0.96875	1
0.96875	1
0.971875	1
0.971875	1
0.975	1
0.975	1
0.978125	1
0.978125	1
0.98125	1
0.98125	1
0.984375	1
0.984375	1
0.9875	1
0.9875	1
0.990625	1
0.990625	1
0.99375	1
0.99375	1
0.996875	1
0.996875	1
1	1
0	2
0.003125	2
0.003125	2
0.00625	2
0.00625	2
0.009375	2
0.009375	2
0.0125	2
0.0125	2
0.015625	2
0.015625	2
0.01875	2
0.01875	2
0.021875	2
0.021875	2
0.025	2
0.025	2
0.028125	2
0.028125	2
0.03125	2
0.03125	2
0.034375	2
0.034375	2
0.0375	2
0.0375	2
0.040625	2
0.040625	2
0.04375	2
0.04375	2
0.046875	2
0.046875	2
0.05	2
0.05	2
0.053125	2
0.053125	2
0.05625	2
0.05625	2
0.059375	2
0.059375	2
0.0625	2
0.0625	2
0.065625	2
0.065625	2
0.06875	2
0.06875	2
0.071875	2
0.071875	2
0.075	2
0.075	2
0.078125	2
0.078125	2
0.08125	2
0.08125	2
0.084375	2
0.084375	2
0.0875	2
0.0875	2
0.090625	2
0.090625	2
0.09375	2
0.09375	2
0.096875	2
0.096875	2
0.1	2
0.1	2
0.103125	2
0.103125	2
0.10625	2
0.10625	2
0.109375	2
0.109375	2
0.1125	2
0.1125	2
0.115625	2
0.115625	2
0.11875	2
0.11875	2
0.121875	2
0.121875	2
0.125	2
0.125	2
0.128125	2
0.128125	2
0.13125	2
0.13125	2
0.134375	2
0.134375	2
0.1375	2
0.1375	2
0.140625	2
0.140625	2
0.14375	2
0.14375	2
0.146875	2
0.146875	2
0.15	2
0.15	2
0.153125	2
0.153125	2
0.15625	2
0.15625	1.99374932455578
0.159375	2.02332783833944
0.159375	2.02387548616808
0.1625	2.05567706118402
0.1625	2.05567698437256
0.165625	2.0871111424016
0.165625	2.08711106559014
0.16875	2.1181791892386
0.16875	2.11817911242714
0.171875	2.14888258430135
0.171875	2.14888250748988
0.175	2.17922271019617
0.175	2.17922263338471
0.178125	2.2092009495294
0.178125	2.20920087271793
0.18125	2.23881868490734
0.18125	2.23881860809588
0.184375	2.26807729893634
0.184375	2.26807722212487
0.1875	2.29697817422271
0.1875	2.29697809741125
0.190625	2.32552269337279
0.190625	2.32552261656133
0.19375	2.35371223899289
0.19375	2.35371216218143
0.196875	2.38154819368936
0.196875	2.38154811687789
0.2	2.40903194006849
0.2	2.40903186325703
0.203125	2.43616486073664
0.203125	2.43616478392517
0.20625	2.46294833830011
0.20625	2.46294826148865
0.209375	2.48938375536524
0.209375	2.48938367855378
0.2125	2.51547249453836
0.2125	2.5154724177269
0.215625	2.54121593842578
0.215625	2.54121586161432
0.21875	2.56661546963384
0.21875	2.56661539282238
0.221875	2.59167247076886
0.221875	2.59167239395739
0.225	2.61638832443716
0.225	2.6163882476257
0.228125	2.64076441324507
0.228125	2.64076433643361
0.23125	2.66480211979893
0.23125	2.66480204298746
0.234375	2.68850282670504
0.234375	2.68850274989358
0.2375	2.71186791656974
0.2375	2.71186783975828
0.240625	2.73489877199936
0.240625	2.7348986951879
0.24375	2.75759677560022
0.24375	2.75759669878876
0.246875	2.77996330997864
0.246875	2.77996323316718
0.25	2.80199975774095
0.25	2.80199968092949
0.253125	2.82370750149349
0.253125	2.82370742468203
0.25625	2.84508792384256
0.25625	2.8450878470311
0.259375	2.86614240739451
0.259375	2.86614233058304
0.2625	2.88687233475565
0.2625	2.88687225794418
0.265625	2.9072790885323
0.265625	2.90727901172084
0.26875	2.92736405133081
0.26875	2.92736397451935
0.271875	2.94712860575749
0.271875	2.94712852894602
0.275	2.96657413441866
0.275	2.9665740576072
0.278125	2.98570201992066
0.278125	2.9874695333445
0.28125	2.99791690830468
0.28125	2.99570911819738
0.284375	2.99570911819738
0.284375	2.99570911819738
0.2875	2.99570911819738
0.2875	2.99570911819738
0.290625	2.99570911819738
0.290625	2.99570911819738
0.29375	2.99570911819738
0.29375	2.99570911819738
0.296875	2.99570911819738
0.296875	2.99570911819738
0.3	2.99570911819738
0.3	2.99570911819738
0.303125	2.99570911819738
0.303125	2.99570911819738
0.30625	2.99570911819738
0.30625	2.99570911819738
0.309375	2.99570911819738
0.309375	2.99570911819738
0.3125	2.99570911819738
0.3125	2.99570911819738
0.315625	2.99570911819738
0.315625	2.99570911819738
0.31875	2.99570911819738
0.31875	2.99570911819738
0.321875	2.99570911819738
0.321875	2.99570911819738
0.325	2.99570911819738
0.325	2.99570911819738
0.328125	2.99570911819738
0.328125	2.99570911819738
0.33125	2.99570911819738
0.33125	2.99570911819738
0.334375	2.99570911819738
0.334375	2.99570911819738
0.3375	2.99570911819738
0.3375	2.99570911819738
0.340625	2.99570911819738
0.340625	2.99570911819738
0.34375	2.99570911819738
0.34375	2.99570911819738
0.346875	2.99570911819738
0.346875	2.99570911819738
0.35	2.99570911819738
0.35	2.99570911819738
0.353125	2.99570911819738
0.353125	2.99570911819738
0.35625	2.99570911819738
0.35625	2.99570911819738
0.359375	2.99570911819738
0.359375	2.99570911819738
0.3625	2.99570911819738
0.3625	2.99570911819738
0.365625	2.99570911819738
0.365625	2.99570911819738
0.36875	2.99570911819738
0.36875	2.99570911819738
0.371875	2.99570911819738
0.371875	2.99570911819738
0.375	2.99570911819738
0.375	2.99570911819738
0.378125	2.99570911819738
0.378125	2.99570911819738
0.38125	2.99570911819738
0.38125	2.99570911819738
0.384375	2.99570911819738
0.384375	2.99570911819738
0.3875	2.99570911819738
0.3875	2.99570911819738
0.390625	2.99570911819738
0.390625	2.99570911819738
0.39375	2.99570911819738
0.39375	2.99570911819738
0.396875	2.99570911819738
0.396875	2.99570911819738
0.4	2.99570911819738
0.4	2.99570911819738
0.403125	2.99570911819738
0.403125	2.99570911819738
0.40625	2.99570911819738
0.40625	2.99570911819738
0.409375	2.99570911819738
0.409375	2.99570911819738
0.4125	2.99570911819738
0.4125	2.99570911819738
0.415625	2.99570911819738
0.415625	2.99570911819738
0.41875	2.99570911819738
0.41875	2.99570911819738
0.421875	2.99570911819738
0.421875	2.99570911819738
0.425	2.99570911819738
0.425	2.99570911819738
0.428125	2.99570911819738
0.428125	2.99570911819738
0.43125	2.99570911819738
0.43125	2.99570911819738
0.434375	2.99570911819738
0.434375	2.99570911819738
0.4375	2.99570911819738
0.4375	2.99570911819738
0.440625	2.99570911819738
0.440625	2.99570911819738
0.44375	2.99570911819738
0.44375	2.99570911819738
0.446875	2.99570911819738
0.446875	2.99570911819738
0.45	2.99570911819738
0.45	2.99570911819738
0.453125	2.99570911819738
0.453125	2.99570911819738
0.45625	2.99570911819738
0.45625	2.99570911819738
0.459375	2.99570911819738
0.459375	2.99570911819738
0.4625	2.99570911819738
0.4625	2.99570911819738
0.465625	2.99570911819738
0.465625	2.99570911819738
0.46875	2.99570911819738
0.46875	2.99570911819738
0.471875	2.99570911819738
0.471875	2.99570911819738
0.475	2.99570911819738
0.475	2.99570911819738
0.478125	2.99570911819738
0.478125	2.99570911819738
0.48125	2.99570911819738
0.48125	2.99570911819738
0.484375	2.99570911819738
0.484375	2.99570911819738
0.4875	2.99570911819738
0.4875	2.99570911819738
0.490625	2.99570911819738
0.490625	2.99570911819738
0.49375	2.99570911819738
0.49375	2.99570911819738
0.496875	2.99570911819738
0.496875	2.99570911819738
0.5	2.99570911819738
0.5	2.99570911819738
0.503125	2.99570911819738
0.503125	2.99570911819738
0.50625	2.99570911819738
0.50625	2.99570911819738
0.509375	2.99570911819738
0.509375	2.99570911819738
0.5125	2.99570911819738
0.5125	2.99570911819738
0.515625	2.99570911819738
0.515625	2.99570911819738
0.51875	2.99570911819738
0.51875	2.99570911819738
0.521875	2.99570911819738
0.521875	2.99570911819738
0.525	2.99570911819738
0.525	2.99570911819738
0.528125	2.99570911819738
0.528125	2.99570911819738
0.53125	2.99570911819738
0.53125	2.99570911819738
0.534375	2.99570911819738
0.534375	2.99570911819738
0.5375	2.99570911819738
0.5375	2.99570911819738
0.540625	2.99570911819738
0.540625	2.99570911819738
0.54375	2.99570911819738
0.54375	2.99570911819738
0.546875	2.99570911819738
0.546875	2.99570911819738
0.55	2.99570911819738
0.55	2.99570911819738
0.553125	2.99570911819738
0.553125	2.99570911819738
0.55625	2.99570911819738
0.55625	2.99570911819738
0.559375	2.99570911819738
0.559375	2.99570911819738
0.5625	2.99570911819738
0.5625	2.99570911819738
0.565625	2.99570911819738
0.565625	2.99570911819738
0.56875	2.99570911819738
0.56875	2.99570911819738
0.571875	2.99570911819738
0.571875	2.99570911819738
0.575	2.99570911819738
0.575	2.99570911819738
0.578125	2.99570911819738
0.578125	2.99570911819738
0.58125	2.99570911819738
0.58125	2.99570911819738
0.584375	2.99570911819738
0.584375	2.99570911819738
0.5875	2.99570911819738
0.5875	2.99570911819738
0.590625	2.99570911819738
0.590625	2.99570911819738
0.59375	2.99570911819738
0.59375	2.99570911819738
0.596875	2.99570911819738
0.596875	2.99570911819738
0.6	2.99570911819738
0.6	2.99570911819738
0.603125	2.99570911819738
0.603125	2.99570911819738
0.60625	2.99570911819738
0.60625	2.99570911819738
0.609375	2.99570911819738
0.609375	2.99570911819738
0.6125	2.99570911819738
0.6125	2.99570911819738
0.615625	2.99570911819738
0.615625	2.99570911819738
0.61875	2.99570911819738
0.61875	2.99570911819738
0.621875	2.99570911819738
0.621875	2.99570911819738
0.625	2.99570911819738
0.625	2.99570911819738
0.628125	2.99570911819738
0.628125	2.99570911819738
0.63125	2.99570911819738
0.63125	2.99570911819738
0.634375	2.99570911819738
0.634375	2.99570911819738
0.6375	2.99570911819738
0.6375	2.99570911819738
0.640625	2.99570911819738
0.640625	2.99570911819738
0.64375	2.99570911819738
0.64375	2.99570911819738
0.646875	2.99570911819738
0.646875	2.99570911819738
0.65	2.99570911819738
0.65	2.99570911819738
0.653125	2.99570911819738
0.653125	2.99570911819738
0.65625	2.99570911819738
0.65625	2.99570911819738
0.659375	2.99570911819738
0.659375	2.99570911819738
0.6625	2.99570911819738
0.6625	2.99570911819738
0.665625	2.99570911819738
0.665625	2.99570911819738
0.66875	2.99570911819738
0.66875	2.99570911819738
0.671875	2.99570911819738
0.671875	2.99570911819738
0.675	2.99570911819738
0.675	2.99570911819738
0.678125	2.99570911819738
0.678125	2.99570911819738
0.68125	2.99570911819738
0.68125	2.99570911819738
0.684375	2.99570911819738
0.684375	2.99570911819738
0.6875	2.99570911819738
0.6875	2.99570911819738
0.690625	2.99570911819738
0.690625	2.99570911819738
0.69375	2.99570911819738
0.69375	2.99570911819738
0.696875	2.99570911819738
0.696875	2.99570911819738
0.7	2.99570911819738
0.7	2.99570911819738
0.703125	2.99570911819738
0.703125	2.99570911819738
0.70625	2.99570911819738
0.70625	2.99570911819738
0.709375	2.99570911819738
0.709375	2.99570911819738
0.7125	2.99570911819738
0.7125	2.99570911819738
0.715625	2.99570911819738
0.715625	2.99570911819738
0.71875	2.99570911819738
0.71875	2.99570911819738
0.721875	2.99570911819738
0.721875	2.99570911819738
0.725	2.99570911819738
0.725	2.99570911819738
0.728125	2.99570911819738
0.728125	2.99570911819738
0.73125	2.99570911819738
0.73125	2.99570911819738
0.734375	2.99570911819738
0.734375	2.99570911819738
0.7375	2.99570911819738
0.7375	2.99570911819738
0.740625	2.99570911819738
0.740625	2.99570911819738
0.74375	2.99570911819738
0.74375	2.99570911819738
0.746875	2.99570911819738
0.746875	2.99570911819738
0.75	2.99570911819738
0.75	2.99570911819738
0.753125	2.99570911819738
0.753125	2.99570911819738
0.75625	2.99570911819738
0.75625	2.99570911819738
0.759375	2.99570911819738
0.759375	2.99570911819738
0.7625	2.99570911819738
0.7625	2.99570911819738
0.765625	2.99570911819738
0.765625	2.99570911819738
0.76875	2.99570911819738
0.76875	2.99570911819738
0.771875	2.99570911819738
0.771875	2.99570911819738
0.775	2.99570911819738
0.775	2.99570911819738
0.778125	2.99570911819738
0.778125	2.99570911819738
0.78125	2.99570911819738
0.78125	2.99570911819738
0.784375	2.99570911819738
0.784375	2.99570911819738
0.7875	2.99570911819738
0.7875	2.99570911819738
0.790625	2.99570911819738
0.790625	2.99570911819738
0.79375	2.99570911819738
0.79375	2.99570911819738
0.796875	2.99570911819738
0.796875	2.99570911819738
0.8	2.99570911819738
0.8	2.99570911819738
0.803125	2.99570911819738
0.803125	2.99570911819738
0.80625	2.99570911819738
0.80625	2.99570911819738
0.809375	2.99570911819738
0.809375	2.99570911819738
0.8125	2.99570911819738
0.8125	2.99570911819738
0.815625	2.99570911819738
0.815625	2.99570911819738
0.81875	2.99570911819738
0.81875	2.99570911819738
0.821875	2.99570911819738
0.821875	2.99570911819738
0.825	2.99570911819738
0.825	2.99570911819738
0.828125	2.99570911819738
0.828125	2.99570911819738
0.83125	2.99570911819738
0.83125	2.99570911819738
0.834375	2.99570911819738
0.834375	2.99570911819738
0.8375	2.99570911819738
0.8375	2.99570911819738
0.840625	2.99570911819738
0.840625	2.99570911819738
0.84375	2.99570911819738
0.84375	2.99570911819738
0.846875	2.99570911819738
0.846875	2.99570911819738
0.85	2.99570911819738
0.85	2.99570911819738
0.853125	2.99570911819738
0.853125	2.99570911819738
0.85625	2.99570911819738
0.85625	2.99570911819738
0.859375	2.99570911819738
0.859375	2.99570911819738
0.8625	2.99570911819738
0.8625	2.99570911819738
0.865625	2.99570911819738
0.865625	2.99570911819738
0.86875	2.99570911819738
0.86875	2.99570911819738
0.871875	2.99570911819738
0.871875	2.99570911819738
0.875	2.99570911819738
0.875	2.99570911819738
0.878125	2.99570911819738
0.878125	2.99570911819738
0.88125	2.99570911819738
0.88125	2.99570911819738
0.884375	2.99570911819738
0.884375	2.99570911819738
0.8875	2.99570911819738
0.8875	2.99570911819738
0.890625	2.99570911819738
0.890625	2.99570911819738
0.89375	2.99570911819738
0.89375	2.99570911819738
0.896875	2.99570911819738
0.896875	2.99570911819738
0.9	2.99570911819738
0.9	2.99570911819738
0.903125	2.99570911819738
0.903125	2.99570911819738
0.90625	2.99570911819738
0.90625	2.99570911819738
0.909375	2.99570911819738
0.909375	2.99570911819738
0.9125	2.99570911819738
0.9125	2.99570911819738
0.915625	2.99570911819738
0.915625	2.99570911819738
0.91875	2.99570911819738
0.91875	2.99570911819738
0.921875	2.99570911819738
0.921875	2.99570911819738
0.925	2.99570911819738
0.925	2.99570911819738
0.928125	2.99570911819738
0.928125	2.99570911819738
0.93125	2.99570911819738
0.93125	2.99570911819738
0.934375	2.99570911819738
0.934375	2.99570911819738
0.9375	2.99570911819738
0.9375	2.99570911819738
0.940625	2.99570911819738
0.940625	2.99570911819738
0.94375	2.99570911819738
0.94375	2.99570911819738
0.946875	2.99570911819738
0.946875	2.99570911819738
0.95	2.99570911819738
0.95	2.99570911819738
0.953125	2.99570911819738
0.953125	2.99570911819738
0.95625	2.99570911819738
0.95625	2.99570911819738
0.959375	2.99570911819738
0.959375	2.99570911819738
0.9625	2.99570911819738
0.9625	0
0.965625	0
0.965625	0
0.96875	0
0.96875	0
0.971875	0
0.971875	0
0.975	0
0.975	0
0.978125	0
0.978125	0
0.98125	0
0.98125	0
0.984375	0
0.984375	0
0.9875	0
0.9875	0
0.990625	0
0.990625	0
0.99375	0
0.99375	0
0.996875	0
0.996875	0
1	0
