2	0
160
0	2
0.0125	2
0.0125	2
0.025	2
0.025	2
0.0375	2
0.0375	2
0.05	2
0.05	2
0.0625	2
0.0625	2
0.075	2
0.075	2
0.0875	2
0.0875	2
0.1	2
0.1	2
0.1125	2
0.1125	2
0.125	2
0.125	2
0.1375	2
0.1375	2
0.15	2
0.15	2.00308521581983
0.1625	1.98848581780808
0.1625	1.98361470041407
0.175	1.94631887462367
0.175	1.94631887462367
0.1875	1.90937699605265
0.1875	1.90937699605265
0.2	1.87278906470103
0.2	1.87278906470103
0.2125	1.83655508056879
0.2125	1.83655508056879
0.225	1.80067504365595
0.225	1.80067504365595
0.2375	1.76514895396249
0.2375	1.76514895396249
0.25	1.72997681148843
0.25	1.72997681148843
0.2625	1.69515861623376
0.2625	1.69515861623376
0.275	1.66069436819848
0.275	1.65563166286583
0.2875	1.64547834090777
0.2875	1.64762399030397
0.3	1.64762399030397
0.3	1.64762399030397
0.3125	1.64762399030397
0.3125	1.64762399030397
0.325	1.64762399030397
0.325	1.64762399030397
0.3375	1.64762399030397
0.3375	1.64762399030397
0.35	1.64762399030397
0.35	1.64762399030397
0.3625	1.64762399030397
0.3625	1.64762399030397
0.375	1.64762399030397
0.375	1.64762399030397
0.3875	1.64762399030397
0.3875	1.64762399030397
0.4	1.64762399030397
0.4	1.64762399030397
0.4125	1.64762399030397
0.4125	1.64762399030397
0.425	1.64762399030397
0.425	1.64762399030397
0.4375	1.64762399030397
0.4375	1.64762399030397
0.45	1.64762399030397
0.45	1.64762399030397
0.4625	1.64762399030397
0.4625	1.64762399030397
0.475	1.64762399030397
0.475	1.64762399030397
0.4875	1.64762399030397
0.4875	1.64762399030397
0.5	1.64762399030397
0.5	1.64762399030397
0.5125	1.64762399030397
0.5125	1.64762399030397
0.525	1.64762399030397
0.525	1.64762399030397
0.5375	1.64762399030397
0.5375	1.64762399030397
0.55	1.64762399030397
0.55	1.64762399030397
0.5625	1.64762399030397
0.5625	1.64762399030397
0.575	1.64762399030397
0.575	1.64762399030397
0.5875	1.64762399030397
0.5875	1.64762399030397
0.6	1.64762399030397
0.6	1.64762399030397
0.6125	1.64762399030397
0.6125	1.64762399030397
0.625	1.64762399030397
0.625	1.64762399030397
0.6375	1.64762399030397
0.6375	1.64762399030397
0.65	1.64762399030397
0.65	1.64762399030397
0.6625	1.64762399030397
0.6625	1.64762399030397
0.675	1.64762399030397
0.675	1.64762399030397
0.6875	1.64762399030397
0.6875	1.64762399030397
0.7	1.64762399030397
0.7	1.64762399030397
0.7125	1.64762399030397
0.7125	1.64762399030397
0.725	1.64762399030397
0.725	1.64762399030397
0.7375	1.64762399030397
0.7375	1.64762399030397
0.75	1.64762399030397
0.75	1.64762399030397
0.7625	1.64762399030397
0.7625	1.64762399030397
0.775	1.64762399030397
0.775	1.64762399030397
0.7875	1.64762399030397
0.7875	1.64762399030397
0.8	1.64762399030397
0.8	1.64762399030397
0.8125	1.64762399030397
0.8125	1.64762399030397
0.825	1.64762399030397
0.825	1.64762399030397
0.8375	1.64762399030397
0.8375	1.64762399030397
0.85	1.64762399030397
0.85	1.64762399030397
0.8625	1.64762399030397
0.8625	1.64762399030397
0.875	1.64762399030397
0.875	1.64762399030397
0.8875	1.64762399030397
0.8875	1.64762399030397
0.9	1.64762399030397
0.9	1.64762399030397
0.9125	1.64762399030397
0.9125	1.64762399030397
0.925	1.64762399030397
0.925	1.64762399030397
0.9375	1.64762399030397
0.9375	1.64762399030397
0.95	1.64762399030397
0.95	1.64762399030397
0.9625	1.64762399030397
0.9625	1
0.975	1
0.975	1
0.9875	1
0.9875	1
1	1
0	2
0.0125	2
0.0125	2
0.025	2
0.025	2
0.0375	2
0.0375	2
0.05	2
0.05	2
0.0625	2
0.0625	2
0.075	2
0.075	2
0.0875	2
0.0875	2
0.1	2
0.1	2
0.1125	2
0.1125	2
0.125	2
0.125	2
0.1375	2
0.1375	2
0.15	2
0.15	1.98946264221673
0.1625	2.0393259546247
0.1625	2.05613383604512
0.175	2.17967748795925
0.175	2.17967257202564
0.1875	2.29742603895415
0.1875	2.29742112302055
0.2	2.4094728917683
0.2	2.4094679758347
0.2125	2.51590653320654
0.2125	2.51590161727294
0.225	2.61681545007372
0.225	2.61681053414011
0.2375	2.71228812917467
0.2375	2.71228321324107
0.25	2.80241305731425
0.25	2.80240814138065
0.2625	2.88727872129731
0.2625	2.88727380536371
0.275	2.9669736079287
0.275	2.97798918621444
0.2875	3.00045715966215
0.2875	2.99570911819738
0.3	2.99570911819738
0.3	2.99570911819738
0.3125	2.99570911819738
0.3125	2.99570911819738
0.325	2.99570911819738
0.325	2.99570911819738
0.3375	2.99570911819738
0.3375	2.99570911819738
0.35	2.99570911819738
0.35	2.99570911819738
0.3625	2.99570911819738
0.3625	2.99570911819738
0.375	2.99570911819738
0.375	2.99570911819738
0.3875	2.99570911819738
0.3875	2.99570911819738
0.4	2.99570911819738
0.4	2.99570911819738
0.4125	2.99570911819738
0.4125	2.99570911819738
0.425	2.99570911819738
0.425	2.99570911819738
0.4375	2.99570911819738
0.4375	2.99570911819738
0.45	2.99570911819738
0.45	2.99570911819738
0.4625	2.99570911819738
0.4625	2.99570911819738
0.475	2.99570911819738
0.475	2.99570911819738
0.4875	2.99570911819738
0.4875	2.99570911819738
0.5	2.99570911819738
0.5	2.99570911819738
0.5125	2.99570911819738
0.5125	2.99570911819738
0.525	2.99570911819738
0.525	2.99570911819738
0.5375	2.99570911819738
0.5375	2.99570911819738
0.55	2.99570911819738
0.55	2.99570911819738
0.5625	2.99570911819738
0.5625	2.99570911819738
0.575	2.99570911819738
0.575	2.99570911819738
0.5875	2.99570911819738
0.5875	2.99570911819738
0.6	2.99570911819738
0.6	2.99570911819738
0.6125	2.99570911819738
0.6125	2.99570911819738
0.625	2.99570911819738
0.625	2.99570911819738
0.6375	2.99570911819738
0.6375	2.99570911819738
0.65	2.99570911819738
0.65	2.99570911819738
0.6625	2.99570911819738
0.6625	2.99570911819738
0.675	2.99570911819738
0.675	2.99570911819738
0.6875	2.99570911819738
0.6875	2.99570911819738
0.7	2.99570911819738
0.7	2.99570911819738
0.7125	2.99570911819738
0.7125	2.99570911819738
0.725	2.99570911819738
0.725	2.99570911819738
0.7375	2.99570911819738
0.7375	2.99570911819738
0.75	2.99570911819738
0.75	2.99570911819738
0.7625	2.99570911819738
0.7625	2.99570911819738
0.775	2.99570911819738
0.775	2.99570911819738
0.7875	2.99570911819738
0.7875	2.99570911819738
0.8	2.99570911819738
0.8	2.99570911819738
0.8125	2.99570911819738
0.8125	2.99570911819738
0.825	2.99570911819738
0.825	2.99570911819738
0.8375	2.99570911819738
0.8375	2.99570911819738
0.85	2.99570911819738
0.85	2.99570911819738
0.8625	2.99570911819738
0.8625	2.99570911819738
0.875	2.99570911819738
0.875	2.99570911819738
0.8875	2.99570911819738
0.8875	2.99570911819738
0.9	2.99570911819738
0.9	2.99570911819738
0.9125	2.99570911819738
0.9125	2.99570911819738
0.925	2.99570911819738
0.925	2.99570911819738
0.9375	2.99570911819738
0.9375	2.99570911819738
0.95	2.99570911819738
0.95	2.99570911819738
0.9625	2.99570911819738
0.9625	0
0.975	0
0.975	0
0.9875	0
0.9875	0
1	0
