2	0
160
0	1
0.0125	1
0.0125	1
0.025	1
0.025	1.00000000000002
0.0375	1.00000000000002
0.0375	1.00000000000015
0.05	1.00000000000015
0.05	1.00000000000115
0.0625	1.00000000000115
0.0625	1.00000000000838
0.075	1.00000000000838
0.075	1.00000000006023
0.0875	1.00000000006023
0.0875	1.00000000043136
0.1	1.00000000043136
0.1	1.00000000308462
0.1125	1.00000000308462
0.1125	1.00000002204197
0.125	1.00000002204197
0.125	1.00000015746969
0.1375	1.00000015746969
0.1375	1.00000112509184
0.15	1.00000112509184
0.15	1.00000804092387
0.1625	1.00000804092387
0.1625	1.00005748130473
0.175	1.00005748130473
0.175	1.00041052291397
0.1875	1.00041052291397
0.1875	1.00290373696318
0.2	1.00290373696318
0.2	1.01921333112943
0.2125	1.01921333112943
0.2125	1.0951971436052
0.225	1.0951971436052
0.225	1.27471307141813
0.2375	1.27471307141813
0.2375	1.49087635113946
0.25	1.49087635113946
0.25	1.64968419394212
0.2625	1.64968419394212
0.2625	1.71666362826796
0.275	1.71666362826796
0.275	1.72422627002491
0.2875	1.72422627002491
0.2875	1.71988311525762
0.3	1.71988311525762
0.3	1.7183801945712
0.3125	1.7183801945712
0.3125	1.71768862067243
0.325	1.71768862067243
0.325	1.7176390326124
0.3375	1.7176390326124
0.3375	1.71786507355892
0.35	1.71786507355892
0.35	1.7179488153647
0.3625	1.7179488153647
0.3625	1.71794732891971
0.375	1.71794732891971
0.375	1.71796356215804
0.3875	1.71796356215804
0.3875	1.71799724257621
0.4	1.71799724257621
0.4	1.71802277391483
0.4125	1.71802277391483
0.4125	1.71803947985366
0.425	1.71803947985366
0.425	1.71805522431762
0.4375	1.71805522431762
0.4375	1.71807127808933
0.45	1.71807127808933
0.45	1.71808629026324
0.4625	1.71808629026324
0.4625	1.71810102308284
0.475	1.71810102308284
0.475	1.71811653889811
0.4875	1.71811653889811
0.4875	1.71813320239667
0.5	1.71813320239667
0.5	1.71815103930589
0.5125	1.71815103930589
0.5125	1.7181697322084
0.525	1.7181697322084
0.525	1.71818899359164
0.5375	1.71818899359164
0.5375	1.71820894156534
0.55	1.71820894156534
0.55	1.71823012491197
0.5625	1.71823012491197
0.5625	1.71825275653662
0.575	1.71825275653662
0.575	1.71827557032228
0.5875	1.71827557032228
0.5875	1.7182955430739
0.6	1.7182955430739
0.6	1.71830947949868
0.6125	1.71830947949868
0.6125	1.71831692240398
0.625	1.71831692240398
0.625	1.71832214021043
0.6375	1.71832214021043
0.6375	1.71833336856702
0.65	1.71833336856702
0.65	1.71836279611997
0.6625	1.71836279611997
0.6625	1.71844312875541
0.675	1.71844312875541
0.675	1.71867295668107
0.6875	1.71867295668107
0.6875	1.71920882274983
0.7	1.71920882274983
0.7	1.72033306547606
0.7125	1.72033306547606
0.7125	1.72417072166781
0.725	1.72417072166781
0.725	1.71105470572376
0.7375	1.71105470572376
0.7375	1.63858897087994
0.75	1.63858897087994
0.75	1.48570428976405
0.7625	1.48570428976405
0.7625	1.28166291285258
0.775	1.28166291285258
0.775	1.10449822019517
0.7875	1.10449822019517
0.7875	1.02235190190834
0.8	1.02235190190834
0.8	1.00343480851773
0.8125	1.00343480851773
0.8125	1.00048551058462
0.825	1.00048551058462
0.825	1.0000677424944
0.8375	1.0000677424944
0.8375	1.00000943263603
0.85	1.00000943263603
0.85	1.00000131252804
0.8625	1.00000131252804
0.8625	1.00000018250362
0.875	1.00000018250362
0.875	1.00000002535054
0.8875	1.00000002535054
0.8875	1.00000000351614
0.9	1.00000000351614
0.9	1.0000000004867
0.9125	1.0000000004867
0.9125	1.00000000006718
0.925	1.00000000006718
0.925	1.00000000000923
0.9375	1.00000000000923
0.9375	1.00000000000126
0.95	1.00000000000126
0.95	1.00000000000016
0.9625	1.00000000000016
0.9625	1.00000000000002
0.975	1.00000000000002
0.975	1
0.9875	1
0.9875	1
1	1
0	2
0.0125	2
0.0125	2
0.025	2
0.025	1.99999999999998
0.0375	1.99999999999998
0.0375	1.99999999999982
0.05	1.99999999999982
0.05	1.99999999999868
0.0625	1.99999999999868
0.0625	1.9999999999905
0.075	1.9999999999905
0.075	1.9999999999318
0.0875	1.9999999999318
0.0875	1.99999999951165
0.1	1.99999999951165
0.1	1.9999999965079
0.1125	1.9999999965079
0.1125	1.99999997504644
0.125	1.99999997504644
0.125	1.9999998217298
0.1375	1.9999998217298
0.1375	1.99999872629243
0.15	1.99999872629243
0.15	1.99999089692859
0.1625	1.99999089692859
0.1625	1.99993492554853
0.175	1.99993492554853
0.175	1.9995352268607
0.1875	1.9995352268607
0.1875	1.99670941234934
0.2	1.99670941234934
0.2	1.97778907807698
0.2125	1.97778907807698
0.2125	1.87316351805293
0.225	1.87316351805293
0.225	1.51034934294069
0.2375	1.51034934294069
0.2375	0.870524962404536
0.25	0.870524962404536
0.25	0.279389464673533
0.2625	0.279389464673533
0.2625	-0.0110093856886522
0.275	-0.0110093856886522
0.275	-0.0142796483452696
0.2875	-0.0142796483452696
0.2875	-0.00614392059695825
0.3	-0.00614392059695825
0.3	-0.00162327483989178
0.3125	-0.00162327483989178
0.3125	0.00189752955674068
0.325	0.00189752955674068
0.325	0.00200848062790723
0.3375	0.00200848062790723
0.3375	0.00107324433011807
0.35	0.00107324433011807
0.35	0.000796054279900356
0.3625	0.000796054279900356
0.3625	0.000848408124608532
0.375	0.000848408124608532
0.375	0.000817543524851947
0.3875	0.000817543524851947
0.3875	0.000722719475155869
0.4	0.000722719475155869
0.4	0.000669590746648011
0.4125	0.000669590746648011
0.4125	0.00065675892158797
0.425	0.00065675892158797
0.425	0.000649508170689407
0.4375	0.000649508170689407
0.4375	0.000641929219765249
0.45	0.000641929219765249
0.45	0.000640421497955213
0.4625	0.000640421497955213
0.4625	0.00064496533430164
0.475	0.00064496533430164
0.475	0.00065668852404426
0.4875	0.00065668852404426
0.4875	0.000680506837554125
0.5	0.000680506837554125
0.5	0.000721238617487271
0.5125	0.000721238617487271
0.5125	0.000781710660224448
0.525	0.000781710660224448
0.525	0.000860731858536649
0.5375	0.000860731858536649
0.5375	0.000952290468075672
0.55	0.000952290468075672
0.55	0.00104663002069804
0.5625	0.00104663002069804
0.5625	0.00113436132454853
0.575	0.00113436132454853
0.575	0.0012117627046639
0.5875	0.0012117627046639
0.5875	0.00128246630159624
0.6	0.00128246630159624
0.6	0.00135204406871161
0.6125	0.00135204406871161
0.6125	0.00141886535643947
0.625	0.00141886535643947
0.625	0.0014730645754615
0.6375	0.0014730645754615
0.6375	0.00151701759807192
0.65	0.00151701759807192
0.65	0.00160606516803344
0.6625	0.00160606516803344
0.6625	0.00187198761611567
0.675	0.00187198761611567
0.675	0.00254155222671405
0.6875	0.00254155222671405
0.6875	0.0044259935890599
0.7	0.0044259935890599
0.7	0.00972888210866718
0.7125	0.00972888210866718
0.7125	0.0176906654798313
0.725	0.0176906654798313
0.725	-0.0149180794168555
0.7375	-0.0149180794168555
0.7375	-0.322270441110942
0.75	-0.322270441110942
0.75	-0.885255564010463
0.7625	-0.885255564010463
0.7625	-1.49002085414609
0.775	-1.49002085414609
0.775	-1.85744092132841
0.7875	-1.85744092132841
0.7875	-1.97397774695854
0.8	-1.97397774695854
0.8	-1.99610596102575
0.8125	-1.99610596102575
0.8125	-1.9994503238714
0.825	-1.9994503238714
0.825	-1.99992330887113
0.8375	-1.99992330887113
0.8375	-1.99998932138175
0.85	-1.99998932138175
0.85	-1.99999851409741
0.8625	-1.99999851409741
0.8625	-1.99999979338909
0.875	-1.99999979338909
0.875	-1.99999997130083
0.8875	-1.99999997130083
0.8875	-1.99999999601938
0.9	-1.99999999601938
0.9	-1.99999999944899
0.9125	-1.99999999944899
0.9125	-1.99999999992393
0.925	-1.99999999992393
0.925	-1.99999999998954
0.9375	-1.99999999998954
0.9375	-1.99999999999857
0.95	-1.99999999999857
0.95	-1.99999999999981
0.9625	-1.99999999999981
0.9625	-1.99999999999998
0.975	-1.99999999999998
0.975	-2
0.9875	-2
0.9875	-2
1	-2
