2	0
20
0	1.99970528382402
0.1	1.9927757622957
0.1	1.99637592562437
0.2	2.03532115995415
0.2	2.03912617937868
0.3	1.93092327963786
0.3	1.88278411945009
0.4	1.60296308854817
0.4	1.58853781124937
0.5	1.53783501058077
0.5	1.5846479166604
0.6	1.5012934094525
0.6	1.65399656209566
0.7	1.44613354626835
0.7	1.30771711194233
0.8	0.933423239247876
0.8	0.907177862590929
0.9	1.02619966864971
0.9	1.01489981670568
1	1.00229536814412
0	1.00132359807485
0.1	1.02828465439764
0.1	1.01494178878628
0.2	0.859225084904098
0.2	0.853460763295066
0.3	1.25854828407151
0.3	1.49275195883668
0.4	2.28537923583097
0.4	2.31915171193034
0.5	2.44767633431513
0.5	2.34801306105622
0.6	2.58780715855774
0.6	2.77708367349966
0.7	1.76826817423321
0.7	1.58279463475535
0.8	-0.550466573647748
0.8	-0.260330389287882
0.9	0.0566731944901171
0.9	0.0760717588964943
1	-0.0313645290842886
