2	1
320
0	2
0.00625	2
0.00625	2
0.0125	2
0.0125	2
0.01875	2
0.01875	2
0.025	2
0.025	2
0.03125	2
0.03125	2
0.0375	2
0.0375	2
0.04375	2
0.04375	2
0.05	2
0.05	2
0.05625	2
0.05625	2
0.0625	2
0.0625	2
0.06875	2
0.06875	2
0.075	2
0.075	2
0.08125	2
0.08125	2
0.0875	2
0.0875	2
0.09375	2
0.09375	2
0.1	2
0.1	2
0.10625	2
0.10625	2
0.1125	2
0.1125	2
0.11875	2
0.11875	2
0.125	2
0.125	2
0.13125	2
0.13125	2
0.1375	2
0.1375	2
0.14375	2
0.14375	2
0.15	2
0.15	2
0.15625	2
0.15625	2
0.1625	2
0.1625	2
0.16875	2
0.16875	2
0.175	2
0.175	2
0.18125	2
0.18125	2
0.1875	2
0.1875	2
0.19375	2
0.19375	2
0.2	2
0.2	2
0.20625	2
0.20625	2
0.2125	2
0.2125	2
0.21875	2
0.21875	2
0.225	2
0.225	2
0.23125	2
0.23125	2
0.2375	2
0.2375	2
0.24375	2
0.24375	2
0.25	2
0.25	2
0.25625	2
0.25625	2
0.2625	2
0.2625	2
0.26875	2
0.26875	2
0.275	2
0.275	2
0.28125	2
0.28125	2
0.2875	2
0.2875	2
0.29375	2
0.29375	2
0.3	2
0.3	2
0.30625	2
0.30625	2
0.3125	2
0.3125	2
0.31875	2
0.31875	2
0.325	2
0.325	2
0.33125	2
0.33125	2
0.3375	2
0.3375	2
0.34375	2
0.34375	2
0.35	2
0.35	2
0.35625	2
0.35625	2
0.3625	2
0.3625	2
0.36875	2
0.36875	2
0.375	2
0.375	2
0.38125	2
0.38125	2
0.3875	2
0.3875	2
0.39375	2
0.39375	2
0.4	2
0.4	2
0.40625	2
0.40625	2
0.4125	2
0.4125	2
0.41875	2
0.41875	2
0.425	2
0.425	2
0.43125	2
0.43125	2
0.4375	2
0.4375	2
0.44375	2
0.44375	2
0.45	2
0.45	2
0.45625	2
0.45625	2
0.4625	2
0.4625	2
0.46875	2
0.46875	2
0.475	2
0.475	2
0.48125	2
0.48125	2
0.4875	2
0.4875	2
0.49375	2
0.49375	2
0.5	2
0.5	1
0.50625	1
0.50625	1
0.5125	1
0.5125	1
0.51875	1
0.51875	1
0.525	1
0.525	1
0.53125	1
0.53125	1
0.5375	1
0.5375	1
0.54375	1
0.54375	1
0.55	1
0.55	1
0.55625	1
0.55625	1
0.5625	1
0.5625	1
0.56875	1
0.56875	1
0.575	1
0.575	1
0.58125	1
0.58125	1
0.5875	1
0.5875	1
0.59375	1
0.59375	1
0.6	1
0.6	1
0.60625	1
0.60625	1
0.6125	1
0.6125	1
0.61875	1
0.61875	1
0.625	1
0.625	1
0.63125	1
0.63125	1
0.6375	1
0.6375	1
0.64375	1
0.64375	1
0.65	1
0.65	1
0.65625	1
0.65625	1
0.6625	1
0.6625	1
0.66875	1
0.66875	1
0.675	1
0.675	1
0.68125	1
0.68125	1
0.6875	1
0.6875	1
0.69375	1
0.69375	1
0.7	1
0.7	1
0.70625	1
0.70625	1
0.7125	1
0.7125	1
0.71875	1
0.71875	1
0.725	1
0.725	1
0.73125	1
0.73125	1
0.7375	1
0.7375	1
0.74375	1
0.74375	1
0.75	1
0.75	1
0.75625	1
0.75625	1
0.7625	1
0.7625	1
0.76875	1
0.76875	1
0.775	1
0.775	1
0.78125	1
0.78125	1
0.7875	1
0.7875	1
0.79375	1
0.79375	1
0.8	1
0.8	1
0.80625	1
0.80625	1
0.8125	1
0.8125	1
0.81875	1
0.81875	1
0.825	1
0.825	1
0.83125	1
0.83125	1
0.8375	1
0.8375	1
0.84375	1
0.84375	1
0.85	1
0.85	1
0.85625	1
0.85625	1
0.8625	1
0.8625	1
0.86875	1
0.86875	1
0.875	1
0.875	1
0.88125	1
0.88125	1
0.8875	1
0.8875	1
0.89375	1
0.89375	1
0.9	1
0.9	1
0.90625	1
0.90625	1
0.9125	1
0.9125	1
0.91875	1
0.91875	1
0.925	1
0.925	1
0.93125	1
0.93125	1
0.9375	1
0.9375	1
0.94375	1
0.94375	1
0.95	1
0.95	1
0.95625	1
0.95625	1
0.9625	1
0.9625	1
0.96875	1
0.96875	1
0.975	1
0.975	1
0.98125	1
0.98125	1
0.9875	1
0.9875	1
0.99375	1
0.99375	1
1	1
0	0
0.00625	0
0.00625	0
0.0125	0
0.0125	0
0.01875	0
0.01875	0
0.025	0
0.025	0
0.03125	0
0.03125	0
0.0375	0
0.0375	0
0.04375	0
0.04375	0
0.05	0
0.05	0
0.05625	0
0.05625	0
0.0625	0
0.0625	0
0.06875	0
0.06875	0
0.075	0
0.075	0
0.08125	0
0.08125	0
0.0875	0
0.0875	0
0.09375	0
0.09375	0
0.1	0
0.1	0
0.10625	0
0.10625	0
0.1125	0
0.1125	0
0.11875	0
0.11875	0
0.125	0
0.125	0
0.13125	0
0.13125	0
0.1375	0
0.1375	0
0.14375	0
0.14375	0
0.15	0
0.15	0
0.15625	0
0.15625	0
0.1625	0
0.1625	0
0.16875	0
0.16875	0
0.175	0
0.175	0
0.18125	0
0.18125	0
0.1875	0
0.1875	0
0.19375	0
0.19375	0
0.2	0
0.2	0
0.20625	0
0.20625	0
0.2125	0
0.2125	0
0.21875	0
0.21875	0
0.225	0
0.225	0
0.23125	0
0.23125	0
0.2375	0
0.2375	0
0.24375	0
0.24375	0
0.25	0
0.25	0
0.25625	0
0.25625	0
0.2625	0
0.2625	0
0.26875	0
0.26875	0
0.275	0
0.275	0
0.28125	0
0.28125	0
0.2875	0
0.2875	0
0.29375	0
0.29375	0
0.3	0
0.3	0
0.30625	0
0.30625	0
0.3125	0
0.3125	0
0.31875	0
0.31875	0
0.325	0
0.325	0
0.33125	0
0.33125	0
0.3375	0
0.3375	0
0.34375	0
0.34375	0
0.35	0
0.35	0
0.35625	0
0.35625	0
0.3625	0
0.3625	0
0.36875	0
0.36875	0
0.375	0
0.375	0
0.38125	0
0.38125	0
0.3875	0
0.3875	0
0.39375	0
0.39375	0
0.4	0
0.4	0
0.40625	0
0.40625	0
0.4125	0
0.4125	0
0.41875	0
0.41875	0
0.425	0
0.425	0
0.43125	0
0.43125	0
0.4375	0
0.4375	0
0.44375	0
0.44375	0
0.45	0
0.45	0
0.45625	0
0.45625	0
0.4625	0
0.4625	0
0.46875	0
0.46875	0
0.475	0
0.475	0
0.48125	0
0.48125	0
0.4875	0
0.4875	0
0.49375	0
0.49375	0
0.5	0
0.5	0
0.50625	0
0.50625	0
0.5125	0
0.5125	0
0.51875	0
0.51875	0
0.525	0
0.525	0
0.53125	0
0.53125	0
0.5375	0
0.5375	0
0.54375	0
0.54375	0
0.55	0
0.55	0
0.55625	0
0.55625	0
0.5625	0
0.5625	0
0.56875	0
0.56875	0
0.575	0
0.575	0
0.58125	0
0.58125	0
0.5875	0
0.5875	0
0.59375	0
0.59375	0
0.6	0
0.6	0
0.60625	0
0.60625	0
0.6125	0
0.6125	0
0.61875	0
0.61875	0
0.625	0
0.625	0
0.63125	0
0.63125	0
0.6375	0
0.6375	0
0.64375	0
0.64375	0
0.65	0
0.65	0
0.65625	0
0.65625	0
0.6625	0
0.6625	0
0.66875	0
0.66875	0
0.675	0
0.675	0
0.68125	0
0.68125	0
0.6875	0
0.6875	0
0.69375	0
0.69375	0
0.7	0
0.7	0
0.70625	0
0.70625	0
0.7125	0
0.7125	0
0.71875	0
0.71875	0
0.725	0
0.725	0
0.73125	0
0.73125	0
0.7375	0
0.7375	0
0.74375	0
0.74375	0
0.75	0
0.75	0
0.75625	0
0.75625	0
0.7625	0
0.7625	0
0.76875	0
0.76875	0
0.775	0
0.775	0
0.78125	0
0.78125	0
0.7875	0
0.7875	0
0.79375	0
0.79375	0
0.8	0
0.8	0
0.80625	0
0.80625	0
0.8125	0
0.8125	0
0.81875	0
0.81875	0
0.825	0
0.825	0
0.83125	0
0.83125	0
0.8375	0
0.8375	0
0.84375	0
0.84375	0
0.85	0
0.85	0
0.85625	0
0.85625	0
0.8625	0
0.8625	0
0.86875	0
0.86875	0
0.875	0
0.875	0
0.88125	0
0.88125	0
0.8875	0
0.8875	0
0.89375	0
0.89375	0
0.9	0
0.9	0
0.90625	0
0.90625	0
0.9125	0
0.9125	0
0.91875	0
0.91875	0
0.925	0
0.925	0
0.93125	0
0.93125	0
0.9375	0
0.9375	0
0.94375	0
0.94375	0
0.95	0
0.95	0
0.95625	0
0.95625	0
0.9625	0
0.9625	0
0.96875	0
0.96875	0
0.975	0
0.975	0
0.98125	0
0.98125	0
0.9875	0
0.9875	0
0.99375	0
0.99375	0
1	0
0	1
0.00625	1
0.00625	1
0.0125	1
0.0125	1
0.01875	1
0.01875	1
0.025	1
0.025	1
0.03125	1
0.03125	1
0.0375	1
0.0375	1
0.04375	1
0.04375	1
0.05	1
0.05	1
0.05625	1
0.05625	1
0.0625	1
0.0625	1
0.06875	1
0.06875	1
0.075	1
0.075	1
0.08125	1
0.08125	1
0.0875	1
0.0875	1
0.09375	1
0.09375	1
0.1	1
0.1	1
0.10625	1
0.10625	1
0.1125	1
0.1125	1
0.11875	1
0.11875	1
0.125	1
0.125	1
0.13125	1
0.13125	1
0.1375	1
0.1375	1
0.14375	1
0.14375	1
0.15	1
0.15	1
0.15625	1
0.15625	1
0.1625	1
0.1625	1
0.16875	1
0.16875	1
0.175	1
0.175	1
0.18125	1
0.18125	1
0.1875	1
0.1875	1
0.19375	1
0.19375	1
0.2	1
0.2	1
0.20625	1
0.20625	1
0.2125	1
0.2125	1
0.21875	1
0.21875	1
0.225	1
0.225	1
0.23125	1
0.23125	1
0.2375	1
0.2375	1
0.24375	1
0.24375	1
0.25	1
0.25	1
0.25625	1
0.25625	1
0.2625	1
0.2625	1
0.26875	1
0.26875	1
0.275	1
0.275	1
0.28125	1
0.28125	1
0.2875	1
0.2875	1
0.29375	1
0.29375	1
0.3	1
0.3	1
0.30625	1
0.30625	1
0.3125	1
0.3125	1
0.31875	1
0.31875	1
0.325	1
0.325	1
0.33125	1
0.33125	1
0.3375	1
0.3375	1
0.34375	1
0.34375	1
0.35	1
0.35	1
0.35625	1
0.35625	1
0.3625	1
0.3625	1
0.36875	1
0.36875	1
0.375	1
0.375	1
0.38125	1
0.38125	1
0.3875	1
0.3875	1
0.39375	1
0.39375	1
0.4	1
0.4	1
0.40625	1
0.40625	1
0.4125	1
0.4125	1
0.41875	1
0.41875	1
0.425	1
0.425	1
0.43125	1
0.43125	1
0.4375	1
0.4375	1
0.44375	1
0.44375	1
0.45	1
0.45	1
0.45625	1
0.45625	1
0.4625	1
0.4625	1
0.46875	1
0.46875	1
0.475	1
0.475	1
0.48125	1
0.48125	1
0.4875	1
0.4875	1
0.49375	1
0.49375	1
0.5	1
0.5	1
0.50625	1
0.50625	1
0.5125	1
0.5125	1
0.51875	1
0.51875	1
0.525	1
0.525	1
0.53125	1
0.53125	1
0.5375	1
0.5375	1
0.54375	1
0.54375	1
0.55	1
0.55	1
0.55625	1
0.55625	1
0.5625	1
0.5625	1
0.56875	1
0.56875	1
0.575	1
0.575	1
0.58125	1
0.58125	1
0.5875	1
0.5875	1
0.59375	1
0.59375	1
0.6	1
0.6	1
0.60625	1
0.60625	1
0.6125	1
0.6125	1
0.61875	1
0.61875	1
0.625	1
0.625	1
0.63125	1
0.63125	1
0.6375	1
0.6375	1
0.64375	1
0.64375	1
0.65	1
0.65	1
0.65625	1
0.65625	1
0.6625	1
0.6625	1
0.66875	1
0.66875	1
0.675	1
0.675	1
0.68125	1
0.68125	1
0.6875	1
0.6875	1
0.69375	1
0.69375	1
0.7	1
0.7	1
0.70625	1
0.70625	1
0.7125	1
0.7125	1
0.71875	1
0.71875	1
0.725	1
0.725	1
0.73125	1
0.73125	1
0.7375	1
0.7375	1
0.74375	1
0.74375	1
0.75	1
0.75	1
0.75625	1
0.75625	1
0.7625	1
0.7625	1
0.76875	1
0.76875	1
0.775	1
0.775	1
0.78125	1
0.78125	1
0.7875	1
0.7875	1
0.79375	1
0.79375	1
0.8	1
0.8	1
0.80625	1
0.80625	1
0.8125	1
0.8125	1
0.81875	1
0.81875	1
0.825	1
0.825	1
0.83125	1
0.83125	1
0.8375	1
0.8375	1
0.84375	1
0.84375	1
0.85	1
0.85	1
0.85625	1
0.85625	1
0.8625	1
0.8625	1
0.86875	1
0.86875	1
0.875	1
0.875	1
0.88125	1
0.88125	1
0.8875	1
0.8875	1
0.89375	1
0.89375	1
0.9	1
0.9	1
0.90625	1
0.90625	1
0.9125	1
0.9125	1
0.91875	1
0.91875	1
0.925	1
0.925	1
0.93125	1
0.93125	1
0.9375	1
0.9375	1
0.94375	1
0.94375	1
0.95	1
0.95	1
0.95625	1
0.95625	1
0.9625	1
0.9625	1
0.96875	1
0.96875	1
0.975	1
0.975	1
0.98125	1
0.98125	1
0.9875	1
0.9875	1
0.99375	1
0.99375	1
1	1
