2	1
160
0	2.0000008767388
0.0125	2.00000217155061
0.0125	2.00000115448379
0.025	1.99999279554812
0.025	1.99999172453822
0.0375	2.00000191379889
0.0375	2.00001000963811
0.05	2.00003931347552
0.05	2.00003022043077
0.0625	1.99992647800586
0.0625	1.99989933397757
0.075	1.99988454153622
0.075	1.99996274674275
0.0875	2.00048461670812
0.0875	2.00052912416339
0.1	2.00024001596677
0.1	1.99989214473604
0.1125	1.99779655851228
0.1125	1.99774344872858
0.125	1.99884220676089
0.125	2.00001539241177
0.1375	2.00776392347208
0.1375	2.00833687402238
0.15	2.01210254077399
0.15	2.01009223278652
0.1625	1.99760613042254
0.1625	1.99464786873267
0.175	1.96636981445825
0.175	1.96442551984183
0.1875	1.92735046504173
0.1875	1.92661162864941
0.2	1.88623093789295
0.2	1.88617211113528
0.2125	1.84505540030201
0.2125	1.84525779747902
0.225	1.80423711366385
0.225	1.80450831652161
0.2375	1.76374679414897
0.2375	1.76402875212272
0.25	1.72353986801183
0.25	1.72382631331
0.2625	1.68363203159715
0.2625	1.68392663066346
0.275	1.64407920426759
0.275	1.64438718655083
0.2875	1.60499606362522
0.2875	1.60533026409169
0.3	1.56665442384688
0.3	1.56704898891999
0.3125	1.52973119830353
0.3125	1.53027293903312
0.325	1.49588654094744
0.325	1.49678305575806
0.3375	1.46870454656518
0.3375	1.47028936468212
0.35	1.45318039639506
0.35	1.45536557853547
0.3625	1.45018016910518
0.3625	1.45179974264696
0.375	1.45255506736788
0.375	1.45291717114367
0.3875	1.45388341260145
0.3875	1.45374844744367
0.4	1.45397246149503
0.4	1.45390642417
0.4125	1.45394580843147
0.4125	1.45393727077833
0.425	1.45393148866076
0.425	1.45392062941862
0.4375	1.45385760837344
0.4375	1.45385222237578
0.45	1.45379743531011
0.45	1.45380541236366
0.4625	1.45382030951101
0.4625	1.45383444987668
0.475	1.45393247471472
0.475	1.45394394894818
0.4875	1.45405101375149
0.4875	1.45403907397427
0.5	1.45401433301042
0.5	1.45398714140243
0.5125	1.45384815474746
0.5125	1.45384188510921
0.525	1.4537337765996
0.525	1.45374893093461
0.5375	1.45377899958755
0.5375	1.45380953664098
0.55	1.45398278420462
0.55	1.45398942100757
0.5625	1.4540510908114
0.5625	1.4540054784205
0.575	1.45387339597215
0.575	1.45385911775736
0.5875	1.45376464119152
0.5875	1.45381071287471
0.6	1.45381249252119
0.6	1.45389723242752
0.6125	1.45378948542344
0.6125	1.4538181774199
0.625	1.45330081924084
0.625	1.45319172901167
0.6375	1.45251317000075
0.6375	1.45245772211833
0.65	1.45230969138514
0.65	1.45233440033169
0.6625	1.45271912809509
0.6625	1.45279935214599
0.675	1.45272821986222
0.675	1.45263946185542
0.6875	1.45244264718783
0.6875	1.45247243259021
0.7	1.45197935905575
0.7	1.45207793959016
0.7125	1.45255523612607
0.7125	1.45229247148366
0.725	1.45163709686776
0.725	1.4522573353227
0.7375	1.45252143315593
0.7375	1.45117713937048
0.75	1.451031258734
0.75	1.45301107773344
0.7625	1.45181923078735
0.7625	1.44948650515801
0.775	1.45709534356766
0.775	1.4690681542934
0.7875	1.4234931612781
0.7875	1.42756979731912
0.8	1.32192656830937
0.8	1.16831785444022
0.8125	1.07386129840198
0.8125	0.999802559100238
0.825	0.992113889393666
0.825	0.997203263525684
0.8375	1.00278010288794
0.8375	1.00155489822172
0.85	0.99924628021548
0.85	0.999423080196397
0.8625	1.00015836594547
0.8625	1.00017009612696
0.875	0.999981716963765
0.875	0.999960239295783
0.8875	0.999995956426492
0.8875	1.00000621851885
0.9	1.00000369958457
0.9	1.00000016281655
0.9125	0.999998412348769
0.9125	0.999999383638318
0.925	1.00000051139875
0.925	1.00000030583343
0.9375	0.999999868971268
0.9375	0.999999893923848
0.95	1.00000002493327
0.95	1.00000002910941
0.9625	0.999999997969441
0.9625	0.999999993794987
0.975	0.99999999902645
0.975	1.00000000081538
0.9875	1.00000000065182
0.9875	1.0000000000766
1	0.999999999748508
0	-3.88346768528741e-06
0.0125	-9.61877649721732e-06
0.0125	-5.11368951631201e-06
0.025	3.19116508729215e-05
0.025	3.66557521224997e-05
0.0375	-8.47723363561251e-06
0.0375	-4.43367875215912e-05
0.05	-0.000174139547458636
0.05	-0.000133855506168229
0.0625	0.000325652748856805
0.0625	0.000445882572247737
0.075	0.000511384147669373
0.075	0.000165190212483894
0.0875	-0.00214700546397332
0.0875	-0.00234417862154902
0.1	-0.00106323097745365
0.1	0.000480022125609639
0.1125	0.00975195718632777
0.1125	0.00998954799653464
0.125	0.00512255161221972
0.125	-3.1656690936778e-05
0.1375	-0.034493348170049
0.1375	-0.0370395859357402
0.15	-0.0538517963438941
0.15	-0.0447900666031399
0.1625	0.010592717943841
0.1625	0.024085887673823
0.175	0.147069107086702
0.175	0.156226145488816
0.1875	0.312959594327774
0.1875	0.316978361116331
0.2	0.482207195070344
0.2	0.483421047812634
0.2125	0.6458916377253
0.2125	0.646082101934332
0.225	0.802366542575236
0.225	0.802327015595285
0.2375	0.951828296772777
0.2375	0.951785915399573
0.25	1.09450340616471
0.25	1.09448361064284
0.2625	1.23039766640497
0.2625	1.23038643502675
0.275	1.35939214836668
0.275	1.35937031487853
0.2875	1.48122517298929
0.2875	1.48114478740281
0.3	1.59524202673915
0.3	1.59498027794227
0.3125	1.69982614322009
0.3125	1.69908880717148
0.325	1.79114188380898
0.325	1.789294571567
0.3375	1.86129475767863
0.3375	1.85748448829433
0.35	1.90007281407691
0.35	1.89469836185427
0.3625	1.90745998224383
0.3625	1.90347975913157
0.375	1.90161613556807
0.375	1.90072378154625
0.3875	1.89833589426259
0.3875	1.89866940425859
0.4	1.89811407080134
0.4	1.89827726605883
0.4125	1.89817790266881
0.4125	1.89819901090624
0.425	1.89821126195418
0.425	1.89823816648551
0.4375	1.89839155498619
0.4375	1.89840488969546
0.45	1.89853763429231
0.45	1.89851795080923
0.4625	1.8984784219208
0.4625	1.89844356314697
0.475	1.8981983340833
0.475	1.89817005602091
0.4875	1.89790198502635
0.4875	1.89793152674338
0.5	1.89798893391445
0.5	1.89805621043773
0.5125	1.89839561879948
0.5125	1.89841121006668
0.525	1.89867388678221
0.525	1.89863717363264
0.5375	1.8985565098383
0.5375	1.898482569566
0.55	1.89803947193433
0.55	1.89801605388434
0.5625	1.89785730809665
0.5625	1.89794212227863
0.575	1.89837558955994
0.575	1.89841912699141
0.5875	1.89888580838179
0.5875	1.89897294793934
0.6	1.89863005287811
0.6	1.89880781637676
0.6125	1.89683183220314
0.6125	1.89692737933532
0.625	1.89406654144585
0.625	1.89397998196081
0.6375	1.89216267548349
0.6375	1.89182596989394
0.65	1.89152108758373
0.65	1.89141183619961
0.6625	1.89142596845429
0.6625	1.89148540822149
0.675	1.89177443484935
0.675	1.89214180296114
0.6875	1.89141180421723
0.6875	1.89130721820723
0.7	1.89103347409974
0.7	1.89073914213119
0.7125	1.88836332577198
0.7125	1.88898245714992
0.725	1.88964007666466
0.725	1.88811491947988
0.7375	1.88659876217866
0.7375	1.88981370635027
0.75	1.88913795720881
0.75	1.88215344224161
0.7625	1.89090648123705
0.7625	1.90390763608002
0.775	1.89268603187089
0.775	1.92504624716309
0.7875	1.79846767131283
0.7875	1.86727829728333
0.8	0.834706497286134
0.8	0.820505505299975
0.8125	-0.0813526810357089
0.8125	0.00206470061906293
0.825	-0.0274024849452556
0.825	-0.00874159164087312
0.8375	0.00870073726627968
0.8375	0.00488213204517724
0.85	-0.00236736727382156
0.85	-0.00180618776004269
0.8625	0.00049566243423291
0.8625	0.000532839412903808
0.875	-5.73030898849132e-05
0.875	-0.000124530124858564
0.8875	-1.26658888795167e-05
0.8875	1.94770800344291e-05
0.9	1.15874403931899e-05
0.9	5.09981056322078e-07
0.9125	-4.97267883290519e-06
0.9125	-1.9305005720085e-06
0.925	1.60174754420487e-06
0.925	9.57898856972204e-07
0.9375	-4.10394253734609e-07
0.9375	-3.32240221258427e-07
0.95	7.80932871811552e-08
0.95	9.11733645866819e-08
0.9625	-6.35988873930942e-09
0.9625	-1.94346637904636e-08
0.975	-3.04924354043567e-09
0.975	2.55384524612934e-09
0.9875	2.04156042644768e-09
0.9875	2.39906772200751e-10
1	-7.87695381646127e-10
0	7.61910565820717e-05
0.0125	7.61910565820717e-05
0.0125	0
0.025	0
0.025	0.000367198377559212
0.0375	0.000367198377559212
0.0375	0.000664339618208551
0.05	0.000664339618208551
0.05	0
0.0625	0
0.0625	0.00222810517665611
0.075	0.00222810517665611
0.075	0.001031895785108
0.0875	0.001031895785108
0.0875	0
0.1	0
0.1	0.0273610076663268
0.1125	0.0273610076663268
0.1125	0.00582135825837306
0.125	0.00582135825837306
0.125	0.0216629435828768
0.1375	0.0216629435828768
0.1375	0.156638650667989
0.15	0.156638650667989
0.15	0
0.1625	0
0.1625	0.239556817641265
0.175	0.239556817641265
0.175	0.162032499806985
0.1875	0.162032499806985
0.1875	0.0635497616850082
0.2	0.0635497616850082
0.2	0.0057253064421316
0.2125	0.0057253064421316
0.2125	0.0175466844622895
0.225	0.0175466844622895
0.225	0.0242976585339869
0.2375	0.0242976585339869
0.2375	0.0258842803808518
0.25	0.0258842803808518
0.25	0.0269140107245319
0.2625	0.0269140107245319
0.2625	0.0283365706971397
0.275	0.0283365706971397
0.275	0.0303334385657715
0.2875	0.0303334385657715
0.2875	0.0336966849564246
0.3	0.0336966849564246
0.3	0.0406970372296432
0.3125	0.0406970372296432
0.3125	0.0570712804280252
0.325	0.0570712804280252
0.325	0.096223900562487
0.3375	0.096223900562487
0.3375	0.172693089270426
0.35	0.172693089270426
0.35	0.240669070303982
0.3625	0.240669070303982
0.3625	0.179907738208087
0.375	0.179907738208087
0.375	0.0409919144134933
0.3875	0.0409919144134933
0.3875	0.014765847925132
0.4	0.014765847925132
0.4	0.00737963825634177
0.4125	0.00737963825634177
0.4125	0.000952542614964746
0.425	0.000952542614964746
0.425	0.00119145055713074
0.4375	0.00119145055713074
0.4375	0.000608739590562897
0.45	0.000608739590562897
0.45	0.00086679906047372
0.4625	0.00086679906047372
0.4625	0.00155180869453108
0.475	0.00155180869453108
0.475	0.00127712388892652
0.4875	0.00127712388892652
0.4875	0.00127950880033306
0.5	0.00127950880033306
0.5	0.00300008829336418
0.5125	0.00300008829336418
0.5125	0.000720098627095125
0.525	0.000720098627095125
0.525	0.00164804634150184
0.5375	0.00164804634150184
0.5375	0.00335049689580958
0.55	0.00335049689580958
0.55	0.000792840324193335
0.5625	0.000792840324193335
0.5625	0.00500964833387863
0.575	0.00500964833387863
0.575	0.00158815634145221
0.5875	0.00158815634145221
0.5875	0.00511739539001477
0.6	0.00511739539001477
0.6	0.00934285399069982
0.6125	0.00934285399069982
0.6125	0.00308080575913539
0.625	0.00308080575913539
0.625	0.0121317241130993
0.6375	0.0121317241130993
0.6375	0.00611504226717748
0.65	0.00611504226717748
0.65	0.00276586559222982
0.6625	0.00276586559222982
0.6625	0.00921020050682322
0.675	0.00921020050682322
0.675	0.010322316640242
0.6875	0.010322316640242
0.6875	0.00395863796210365
0.7	0.00395863796210365
0.7	0.00964163889499313
0.7125	0.00964163889499313
0.7125	0.0272701758961324
0.725	0.0272701758961324
0.725	0.0668833669861357
0.7375	0.0668833669861357
0.7375	0.148548855260184
0.75	0.148548855260184
0.75	0.22214175810628
0.7625	0.22214175810628
0.7625	0.263521136157516
0.775	0.263521136157516
0.775	1.39576491630686
0.7875	1.39576491630686
0.7875	0.102636014327245
0.8	0.102636014327245
0.8	22.6199340050304
0.8125	22.6199340050304
0.8125	6.1547432644731
0.825	6.1547432644731
0.825	0
0.8375	0
0.8375	0.115058423323168
0.85	0.115058423323168
0.85	0
0.8625	0
0.8625	0.00195507369789534
0.875	0.00195507369789534
0.875	0.00155609032620757
0.8875	0.00155609032620757
0.8875	0
0.9	0
0.9	0.000352132440494345
0.9125	0.000352132440494345
0.9125	0
0.925	0
0.925	1.91063636825491e-05
0.9375	1.91063636825491e-05
0.9375	0
0.95	0
0.95	5.40730439968062e-07
0.9625	5.40730439968062e-07
0.9625	2.72087064960895e-07
0.975	2.72087064960895e-07
0.975	0
0.9875	0
0.9875	6.39957331634996e-08
1	6.39957331634996e-08
