2	1
40
0	1.99497390111086
0.05	2.00085695348156
0.05	2.00609784298365
0.1	2.02827527778991
0.1	2.02493049412094
0.15	1.9882317188096
0.15	1.97465800440157
0.2	1.86282963755528
0.2	1.85557960811364
0.25	1.71163896470802
0.25	1.71255141826713
0.3	1.57372855431848
0.3	1.57986209913686
0.35	1.47699093209083
0.35	1.48730041171586
0.4	1.44357078449294
0.4	1.45427257380124
0.45	1.45286124447762
0.45	1.45538252721975
0.5	1.45520331431199
0.5	1.45540271409016
0.55	1.45523555999061
0.55	1.45425813042178
0.6	1.45250587459147
0.6	1.45479174531219
0.65	1.45430370551131
0.65	1.45004093490416
0.7	1.45524254850865
0.7	1.46787319625255
0.75	1.44900941396275
0.75	1.48896028587781
0.8	1.31075132041715
0.8	1.16661362244247
0.85	0.977226493794678
0.85	0.952330954754331
0.9	1.00822399335249
0.9	1.01109764134539
0.95	1.00023232337538
0.95	0.998222537840849
1	0.999415662706972
0	0.022253085052681
0.05	-0.00385438948093064
0.05	-0.0267627653508668
0.1	-0.126584175444131
0.1	-0.11077891539445
0.15	0.051872042273349
0.15	0.11798195055514
0.2	0.575849657404432
0.2	0.616768378898948
0.25	1.13521612632201
0.25	1.14423162200251
0.3	1.57428471101003
0.3	1.56335961620896
0.35	1.83965017371965
0.35	1.81462976930355
0.4	1.92299084713456
0.4	1.8969283277498
0.45	1.90019672942895
0.45	1.89384832672113
0.5	1.89447921182595
0.5	1.89469462938465
0.55	1.89434188708382
0.55	1.89857840298973
0.6	1.89269273641225
0.6	1.88468376267314
0.65	1.87583141497207
0.65	1.88040147621731
0.7	1.89219319297584
0.7	1.92622742575469
0.75	1.90392747113938
0.75	2.13663997606526
0.8	1.01016639855443
0.8	0.752505957190483
0.85	-0.265709448631519
0.85	-0.143918010410748
0.9	0.0234764887728669
0.9	0.0350893535880288
0.95	0.000597193469081641
0.95	-0.00555579976738844
1	-0.00183286743375061
0	0.102513528194963
0.05	0.102513528194963
0.05	0.0650790217988347
0.1	0.0650790217988347
0.1	0
0.15	0
0.15	0.283042460508995
0.2	0.283042460508995
0.2	0.163403120082932
0.25	0.163403120082932
0.25	0.0217318757350469
0.3	0.0217318757350469
0.3	0.16031979565388
0.35	0.16031979565388
0.35	0.281429267615666
0.4	0.281429267615666
0.4	0.294827411887057
0.45	0.294827411887057
0.45	0.069813468499035
0.5	0.069813468499035
0.5	0.00538487743745432
0.55	0.00538487743745432
0.55	0.0268729865986176
0.6	0.0268729865986176
0.6	0.0628946940422671
0.65	0.0628946940422671
0.65	0.117668543430645
0.7	0.117668543430645
0.7	0.349878563789204
0.75	0.349878563789204
0.75	1.15368357664628
0.8	1.15368357664628
0.8	2.2402411461464
0.85	2.2402411461464
0.85	0
0.9	0
0.9	0.110247688229018
0.95	0.110247688229018
0.95	0.0511325604882139
1	0.0511325604882139
