2	0
1280
0	2
0.0015625	2
0.0015625	2
0.003125	2
0.003125	2
0.0046875	2
0.0046875	2
0.00625	2
0.00625	2
0.0078125	2
0.0078125	2
0.009375	2
0.009375	2
0.0109375	2
0.0109375	2
0.0125	2
0.0125	2
0.0140625	2
0.0140625	2
0.015625	2
0.015625	2
0.0171875	2
0.0171875	2
0.01875	2
0.01875	2
0.0203125	2
0.0203125	2
0.021875	2
0.021875	2
0.0234375	2
0.0234375	2
0.025	2
0.025	2
0.0265625	2
0.0265625	2
0.028125	2
0.028125	2
0.0296875	2
0.0296875	2
0.03125	2
0.03125	2
0.0328125	2
0.0328125	2
0.034375	2
0.034375	2
0.0359375	2
0.0359375	2
0.0375	2
0.0375	2
0.0390625	2
0.0390625	2
0.040625	2
0.040625	2
0.0421875	2
0.0421875	2
0.04375	2
0.04375	2
0.0453125	2
0.0453125	2
0.046875	2
0.046875	2
0.0484375	2
0.0484375	2
0.05	2
0.05	2
0.0515625	2
0.0515625	2
0.053125	2
0.053125	2
0.0546875	2
0.0546875	2
0.05625	2
0.05625	2
0.0578125	2
0.0578125	2
0.059375	2
0.059375	2
0.0609375	2
0.0609375	2
0.0625	2
0.0625	2
0.0640625	2
0.0640625	2
0.065625	2
0.065625	2
0.0671875	2
0.0671875	2
0.06875	2
0.06875	2
0.0703125	2
0.0703125	2
0.071875	2
0.071875	2
0.0734375	2
0.0734375	2
0.075	2
0.075	2
0.0765625	2
0.0765625	2
0.078125	2
0.078125	2
0.0796875	2
0.0796875	2
0.08125	2
0.08125	2
0.0828125	2
0.0828125	2
0.084375	2
0.084375	2
0.0859375	2
0.0859375	2
0.0875	2
0.0875	2
0.0890625	2
0.0890625	2
0.090625	2
0.090625	2
0.0921875	2
0.0921875	2
0.09375	2
0.09375	2
0.0953125	2
0.0953125	2
0.096875	2
0.096875	2
0.0984375	2
0.0984375	2
0.1	2
0.1	2
0.1015625	2
0.1015625	2
0.103125	2
0.103125	2
0.1046875	2
0.1046875	2
0.10625	2
0.10625	2
0.1078125	2
0.1078125	2
0.109375	2
0.109375	2
0.1109375	2
0.1109375	2
0.1125	2
0.1125	2
0.1140625	2
0.1140625	2
0.115625	2
0.115625	2
0.1171875	2
0.1171875	2
0.11875	2
0.11875	2
0.1203125	2
0.1203125	2
0.121875	2
0.121875	2
0.1234375	2
0.1234375	2
0.125	2
0.125	2
0.1265625	2
0.1265625	2
0.128125	2
0.128125	2
0.1296875	2
0.1296875	2
0.13125	2
0.13125	2
0.1328125	2
0.1328125	2
0.134375	2
0.134375	2
0.1359375	2
0.1359375	2
0.1375	2
0.1375	2
0.1390625	2
0.1390625	2
0.140625	2
0.140625	2
0.1421875	2
0.1421875	2
0.14375	2
0.14375	2
0.1453125	2
0.1453125	2
0.146875	2
0.146875	2
0.1484375	2
0.1484375	2
0.15	2
0.15	2
0.1515625	2
0.1515625	2
0.153125	2
0.153125	2
0.1546875	2
0.1546875	2
0.15625	2
0.15625	2
0.1578125	2
0.1578125	2
0.159375	2
0.159375	2
0.1609375	2
0.1609375	2
0.1625	2
0.1625	2
0.1640625	2
0.1640625	2
0.165625	2
0.165625	2
0.1671875	2
0.1671875	2
0.16875	2
0.16875	2
0.1703125	2
0.1703125	2
0.171875	2
0.171875	2
0.1734375	2
0.1734375	2
0.175	2
0.175	2
0.1765625	2
0.1765625	2
0.178125	2
0.178125	2
0.1796875	2
0.1796875	2
0.18125	2
0.18125	2
0.1828125	2
0.1828125	2
0.184375	2
0.184375	2
0.1859375	2
0.1859375	2
0.1875	2
0.1875	2
0.1890625	2
0.1890625	2
0.190625	2
0.190625	2
0.1921875	2
0.1921875	2
0.19375	2
0.19375	2
0.1953125	2
0.1953125	2
0.196875	2
0.196875	2
0.1984375	2
0.1984375	2
0.2	2
0.2	2
0.2015625	2
0.2015625	2
0.203125	2
0.203125	2
0.2046875	2
0.2046875	2.00092275361614
0.20625	1.99655623662169
0.20625	1.9961539735612
0.2078125	1.98989375919371
0.2078125	1.98989375919371
0.209375	1.98364337669342
0.209375	1.98364337669342
0.2109375	1.97740282606034
0.2109375	1.97740282606034
0.2125	1.97117210729447
0.2125	1.97117210729447
0.2140625	1.9649512203958
0.2140625	1.9649512203958
0.215625	1.95874016536433
0.215625	1.95874016536433
0.2171875	1.95253894220007
0.2171875	1.95253894220007
0.21875	1.94634755090302
0.21875	1.94634755090302
0.2203125	1.94016599147317
0.2203125	1.94016599147317
0.221875	1.93399426391052
0.221875	1.93399426391052
0.2234375	1.92783236821509
0.2234375	1.92783236821508
0.225	1.92168030438685
0.225	1.92168030438685
0.2265625	1.91553807242582
0.2265625	1.91553807242582
0.228125	1.909405672332
0.228125	1.909405672332
0.2296875	1.90328310410538
0.2296875	1.90328310410538
0.23125	1.89717036774597
0.23125	1.89717036774597
0.2328125	1.89106746325376
0.2328125	1.89106746325376
0.234375	1.88497439062876
0.234375	1.88497439062876
0.2359375	1.87889114987097
0.2359375	1.87889114987097
0.2375	1.87281774098038
0.2375	1.87281774098038
0.2390625	1.86675416395699
0.2390625	1.86675416395699
0.240625	1.86070041880081
0.240625	1.86070041880081
0.2421875	1.85465650551183
0.2421875	1.85465650551183
0.24375	1.84862242409006
0.24375	1.84862242409006
0.2453125	1.8425981745355
0.2453125	1.8425981745355
0.246875	1.83658375684814
0.246875	1.83658375684814
0.2484375	1.83057917102799
0.2484375	1.83057917102799
0.25	1.82458441707504
0.25	1.82458441707504
0.2515625	1.8185994949893
0.2515625	1.8185994949893
0.253125	1.81262440477076
0.253125	1.81262440477076
0.2546875	1.80665914641942
0.2546875	1.80665914641942
0.25625	1.8007037199353
0.25625	1.8007037199353
0.2578125	1.79475812531837
0.2578125	1.79475812531837
0.259375	1.78882236256866
0.259375	1.78882236256866
0.2609375	1.78289643168615
0.2609375	1.78289643168615
0.2625	1.77698033267084
0.2625	1.77698033267084
0.2640625	1.77107406552274
0.2640625	1.77107406552274
0.265625	1.76517763024184
0.265625	1.76517763024184
0.2671875	1.75929102682815
0.2671875	1.75929102682815
0.26875	1.75341425528167
0.26875	1.75341425528167
0.2703125	1.74754731560239
0.2703125	1.74754731560239
0.271875	1.74169020779031
0.271875	1.74169020779031
0.2734375	1.73584293184544
0.2734375	1.73584293184544
0.275	1.73000548776778
0.275	1.73000548776778
0.2765625	1.72417787555732
0.2765625	1.72417787555732
0.278125	1.71836009521407
0.278125	1.71836009521407
0.2796875	1.71255214673802
0.2796875	1.71255214673802
0.28125	1.70675403012918
0.28125	1.70675403012918
0.2828125	1.70096574538754
0.2828125	1.70096574538754
0.284375	1.69518729251311
0.284375	1.69518729251311
0.2859375	1.68941867150588
0.2859375	1.68941867150588
0.2875	1.68365988236586
0.2875	1.68365988236586
0.2890625	1.67791092509304
0.2890625	1.67791092509304
0.290625	1.67217179968743
0.290625	1.67217179968743
0.2921875	1.66644250614903
0.2921875	1.66644250614903
0.29375	1.66072304447783
0.29375	1.66072304447783
0.2953125	1.65501341467383
0.2953125	1.65501341467383
0.296875	1.64931361673704
0.296875	1.64931361673704
0.2984375	1.64362365066746
0.2984375	1.64362365066746
0.3	1.63794351646508
0.3	1.63794351646508
0.3015625	1.6322732141299
0.3015625	1.6322732141299
0.303125	1.62661274366194
0.303125	1.62661274366194
0.3046875	1.62096210506117
0.3046875	1.62096210506117
0.30625	1.61532129832761
0.30625	1.61532129832761
0.3078125	1.60969032346126
0.3078125	1.60969032346126
0.309375	1.60406918046211
0.309375	1.60406918046211
0.3109375	1.59845786933017
0.3109375	1.59845786933017
0.3125	1.59285639006544
0.3125	1.59285639006544
0.3140625	1.5872647426679
0.3140625	1.5872647426679
0.315625	1.58168292713758
0.315625	1.58168292713758
0.3171875	1.57611094347446
0.3171875	1.57611094347446
0.31875	1.57054879167854
0.31875	1.57054879167854
0.3203125	1.56499647174983
0.3203125	1.56499647174983
0.321875	1.55945398368833
0.321875	1.55945398368833
0.3234375	1.55392132749403
0.3234375	1.55392132749403
0.325	1.54839850316693
0.325	1.54954810122688
0.3265625	1.54954810122688
0.3265625	1.54954810122688
0.328125	1.54954810122688
0.328125	1.54954810122688
0.3296875	1.54954810122688
0.3296875	1.54954810122688
0.33125	1.54954810122688
0.33125	1.54954810122688
0.3328125	1.54954810122688
0.3328125	1.54954810122688
0.334375	1.54954810122688
0.334375	1.54954810122688
0.3359375	1.54954810122688
0.3359375	1.54954810122688
0.3375	1.54954810122688
0.3375	1.54954810122688
0.3390625	1.54954810122688
0.3390625	1.54954810122688
0.340625	1.54954810122688
0.340625	1.54954810122688
0.3421875	1.54954810122688
0.3421875	1.54954810122688
0.34375	1.54954810122688
0.34375	1.54954810122688
0.3453125	1.54954810122688
0.3453125	1.54954810122688
0.346875	1.54954810122688
0.346875	1.54954810122688
0.3484375	1.54954810122688
0.3484375	1.54954810122688
0.35	1.54954810122688
0.35	1.54954810122688
0.3515625	1.54954810122688
0.3515625	1.54954810122688
0.353125	1.54954810122688
0.353125	1.54954810122688
0.3546875	1.54954810122688
0.3546875	1.54954810122688
0.35625	1.54954810122688
0.35625	1.54954810122688
0.3578125	1.54954810122688
0.3578125	1.54954810122688
0.359375	1.54954810122688
0.359375	1.54954810122688
0.3609375	1.54954810122688
0.3609375	1.54954810122688
0.3625	1.54954810122688
0.3625	1.54954810122688
0.3640625	1.54954810122688
0.3640625	1.54954810122688
0.365625	1.54954810122688
0.365625	1.54954810122688
0.3671875	1.54954810122688
0.3671875	1.54954810122688
0.36875	1.54954810122688
0.36875	1.54954810122688
0.3703125	1.54954810122688
0.3703125	1.54954810122688
0.371875	1.54954810122688
0.371875	1.54954810122688
0.3734375	1.54954810122688
0.3734375	1.54954810122688
0.375	1.54954810122688
0.375	1.54954810122688
0.3765625	1.54954810122688
0.3765625	1.54954810122688
0.378125	1.54954810122688
0.378125	1.54954810122688
0.3796875	1.54954810122688
0.3796875	1.54954810122688
0.38125	1.54954810122688
0.38125	1.54954810122688
0.3828125	1.54954810122688
0.3828125	1.54954810122688
0.384375	1.54954810122688
0.384375	1.54954810122688
0.3859375	1.54954810122688
0.3859375	1.54954810122688
0.3875	1.54954810122688
0.3875	1.54954810122688
0.3890625	1.54954810122688
0.3890625	1.54954810122688
0.390625	1.54954810122688
0.390625	1.54954810122688
0.3921875	1.54954810122688
0.3921875	1.54954810122688
0.39375	1.54954810122688
0.39375	1.54954810122688
0.3953125	1.54954810122688
0.3953125	1.54954810122688
0.396875	1.54954810122688
0.396875	1.54954810122688
0.3984375	1.54954810122688
0.3984375	1.54954810122688
0.4	1.54954810122688
0.4	1.54954810122688
0.4015625	1.54954810122688
0.4015625	1.54954810122688
0.403125	1.54954810122688
0.403125	1.54954810122688
0.4046875	1.54954810122688
0.4046875	1.54954810122688
0.40625	1.54954810122688
0.40625	1.54954810122688
0.4078125	1.54954810122688
0.4078125	1.54954810122688
0.409375	1.54954810122688
0.409375	1.54954810122688
0.4109375	1.54954810122688
0.4109375	1.54954810122688
0.4125	1.54954810122688
0.4125	1.54954810122688
0.4140625	1.54954810122688
0.4140625	1.54954810122688
0.415625	1.54954810122688
0.415625	1.54954810122688
0.4171875	1.54954810122688
0.4171875	1.54954810122688
0.41875	1.54954810122688
0.41875	1.54954810122688
0.4203125	1.54954810122688
0.4203125	1.54954810122688
0.421875	1.54954810122688
0.421875	1.54954810122688
0.4234375	1.54954810122688
0.4234375	1.54954810122688
0.425	1.54954810122688
0.425	1.54954810122688
0.4265625	1.54954810122688
0.4265625	1.54954810122688
0.428125	1.54954810122688
0.428125	1.54954810122688
0.4296875	1.54954810122688
0.4296875	1.54954810122688
0.43125	1.54954810122688
0.43125	1.54954810122688
0.4328125	1.54954810122688
0.4328125	1.54954810122688
0.434375	1.54954810122688
0.434375	1.54954810122688
0.4359375	1.54954810122688
0.4359375	1.54954810122688
0.4375	1.54954810122688
0.4375	1.54954810122688
0.4390625	1.54954810122688
0.4390625	1.54954810122688
0.440625	1.54954810122688
0.440625	1.54954810122688
0.4421875	1.54954810122688
0.4421875	1.54954810122688
0.44375	1.54954810122688
0.44375	1.54954810122688
0.4453125	1.54954810122688
0.4453125	1.54954810122688
0.446875	1.54954810122688
0.446875	1.54954810122688
0.4484375	1.54954810122688
0.4484375	1.54954810122688
0.45	1.54954810122688
0.45	1.54954810122688
0.4515625	1.54954810122688
0.4515625	1.54954810122688
0.453125	1.54954810122688
0.453125	1.54954810122688
0.4546875	1.54954810122688
0.4546875	1.54954810122688
0.45625	1.54954810122688
0.45625	1.54954810122688
0.4578125	1.54954810122688
0.4578125	1.54954810122688
0.459375	1.54954810122688
0.459375	1.54954810122688
0.4609375	1.54954810122688
0.4609375	1.54954810122688
0.4625	1.54954810122688
0.4625	1.54954810122688
0.4640625	1.54954810122688
0.4640625	1.54954810122688
0.465625	1.54954810122688
0.465625	1.54954810122688
0.4671875	1.54954810122688
0.4671875	1.54954810122688
0.46875	1.54954810122688
0.46875	1.54954810122688
0.4703125	1.54954810122688
0.4703125	1.54954810122688
0.471875	1.54954810122688
0.471875	1.54954810122688
0.4734375	1.54954810122688
0.4734375	1.54954810122688
0.475	1.54954810122688
0.475	1.54954810122688
0.4765625	1.54954810122688
0.4765625	1.54954810122688
0.478125	1.54954810122688
0.478125	1.54954810122688
0.4796875	1.54954810122688
0.4796875	1.54954810122688
0.48125	1.54954810122688
0.48125	1.54954810122688
0.4828125	1.54954810122688
0.4828125	1.54954810122688
0.484375	1.54954810122688
0.484375	1.54954810122688
0.4859375	1.54954810122688
0.4859375	1.54954810122688
0.4875	1.54954810122688
0.4875	1.54954810122688
0.4890625	1.54954810122688
0.4890625	1.54954810122688
0.490625	1.54954810122688
0.490625	1.54954810122688
0.4921875	1.54954810122688
0.4921875	1.54954810122688
0.49375	1.54954810122688
0.49375	1.54954810122688
0.4953125	1.54954810122688
0.4953125	1.54954810122688
0.496875	1.54954810122688
0.496875	1.54954810122688
0.4984375	1.54954810122688
0.4984375	1.54954810122688
0.5	1.54954810122688
0.5	1.54954810122688
0.5015625	1.54954810122688
0.5015625	1.54954810122688
0.503125	1.54954810122688
0.503125	1.54954810122688
0.5046875	1.54954810122688
0.5046875	1.54954810122688
0.50625	1.54954810122688
0.50625	1.54954810122688
0.5078125	1.54954810122688
0.5078125	1.54954810122688
0.509375	1.54954810122688
0.509375	1.54954810122688
0.5109375	1.54954810122688
0.5109375	1.54954810122688
0.5125	1.54954810122688
0.5125	1.54954810122688
0.5140625	1.54954810122688
0.5140625	1.54954810122688
0.515625	1.54954810122688
0.515625	1.54954810122688
0.5171875	1.54954810122688
0.5171875	1.54954810122688
0.51875	1.54954810122688
0.51875	1.54954810122688
0.5203125	1.54954810122688
0.5203125	1.54954810122688
0.521875	1.54954810122688
0.521875	1.54954810122688
0.5234375	1.54954810122688
0.5234375	1.54954810122688
0.525	1.54954810122688
0.525	1.54954810122688
0.5265625	1.54954810122688
0.5265625	1.54954810122688
0.528125	1.54954810122688
0.528125	1.54954810122688
0.5296875	1.54954810122688
0.5296875	1.54954810122688
0.53125	1.54954810122688
0.53125	1.54954810122688
0.5328125	1.54954810122688
0.5328125	1.54954810122688
0.534375	1.54954810122688
0.534375	1.54954810122688
0.5359375	1.54954810122688
0.5359375	1.54954810122688
0.5375	1.54954810122688
0.5375	1.54954810122688
0.5390625	1.54954810122688
0.5390625	1.54954810122688
0.540625	1.54954810122688
0.540625	1.54954810122688
0.5421875	1.54954810122688
0.5421875	1.54954810122688
0.54375	1.54954810122688
0.54375	1.54954810122688
0.5453125	1.54954810122688
0.5453125	1.54954810122688
0.546875	1.54954810122688
0.546875	1.54954810122688
0.5484375	1.54954810122688
0.5484375	1.54954810122688
0.55	1.54954810122688
0.55	1.54954810122688
0.5515625	1.54954810122688
0.5515625	1.54954810122688
0.553125	1.54954810122688
0.553125	1.54954810122688
0.5546875	1.54954810122688
0.5546875	1.54954810122688
0.55625	1.54954810122688
0.55625	1.54954810122688
0.5578125	1.54954810122688
0.5578125	1.54954810122688
0.559375	1.54954810122688
0.559375	1.54954810122688
0.5609375	1.54954810122688
0.5609375	1.54954810122688
0.5625	1.54954810122688
0.5625	1.54954810122688
0.5640625	1.54954810122688
0.5640625	1.54954810122688
0.565625	1.54954810122688
0.565625	1.54954810122688
0.5671875	1.54954810122688
0.5671875	1.54954810122688
0.56875	1.54954810122688
0.56875	1.54954810122688
0.5703125	1.54954810122688
0.5703125	1.54954810122688
0.571875	1.54954810122688
0.571875	1.54954810122688
0.5734375	1.54954810122688
0.5734375	1.54954810122688
0.575	1.54954810122688
0.575	1.54954810122688
0.5765625	1.54954810122688
0.5765625	1.54954810122688
0.578125	1.54954810122688
0.578125	1.54954810122688
0.5796875	1.54954810122688
0.5796875	1.54954810122688
0.58125	1.54954810122688
0.58125	1.54954810122688
0.5828125	1.54954810122688
0.5828125	1.54954810122688
0.584375	1.54954810122688
0.584375	1.54954810122688
0.5859375	1.54954810122688
0.5859375	1.54954810122688
0.5875	1.54954810122688
0.5875	1.54954810122688
0.5890625	1.54954810122688
0.5890625	1.54954810122688
0.590625	1.54954810122688
0.590625	1.54954810122688
0.5921875	1.54954810122688
0.5921875	1.54954810122688
0.59375	1.54954810122688
0.59375	1.54954810122688
0.5953125	1.54954810122688
0.5953125	1.54954810122688
0.596875	1.54954810122688
0.596875	1.54954810122688
0.5984375	1.54954810122688
0.5984375	1.54954810122688
0.6	1.54954810122688
0.6	1.54954810122688
0.6015625	1.54954810122688
0.6015625	1.54954810122688
0.603125	1.54954810122688
0.603125	1.54954810122688
0.6046875	1.54954810122688
0.6046875	1.54954810122688
0.60625	1.54954810122688
0.60625	1.54954810122688
0.6078125	1.54954810122688
0.6078125	1.54954810122688
0.609375	1.54954810122688
0.609375	1.54954810122688
0.6109375	1.54954810122688
0.6109375	1.54954810122688
0.6125	1.54954810122688
0.6125	1.54954810122688
0.6140625	1.54954810122688
0.6140625	1.54954810122688
0.615625	1.54954810122688
0.615625	1.54954810122688
0.6171875	1.54954810122688
0.6171875	1.54954810122688
0.61875	1.54954810122688
0.61875	1.54954810122688
0.6203125	1.54954810122688
0.6203125	1.54954810122688
0.621875	1.54954810122688
0.621875	1.54954810122688
0.6234375	1.54954810122688
0.6234375	1.54954810122688
0.625	1.54954810122688
0.625	1.54954810122688
0.6265625	1.54954810122688
0.6265625	1.54954810122688
0.628125	1.54954810122688
0.628125	1.54954810122688
0.6296875	1.54954810122688
0.6296875	1.54954810122688
0.63125	1.54954810122688
0.63125	1.54954810122688
0.6328125	1.54954810122688
0.6328125	1.54954810122688
0.634375	1.54954810122688
0.634375	1.54954810122688
0.6359375	1.54954810122688
0.6359375	1.54954810122688
0.6375	1.54954810122688
0.6375	1.54954810122688
0.6390625	1.54954810122688
0.6390625	1.54954810122688
0.640625	1.54954810122688
0.640625	1.54954810122688
0.6421875	1.54954810122688
0.6421875	1.54954810122688
0.64375	1.54954810122688
0.64375	1.54954810122688
0.6453125	1.54954810122688
0.6453125	1.54954810122688
0.646875	1.54954810122688
0.646875	1.54954810122688
0.6484375	1.54954810122688
0.6484375	1.54954810122688
0.65	1.54954810122688
0.65	1.54954810122688
0.6515625	1.54954810122688
0.6515625	1.54954810122688
0.653125	1.54954810122688
0.653125	1.54954810122688
0.6546875	1.54954810122688
0.6546875	1.54954810122688
0.65625	1.54954810122688
0.65625	1.54954810122688
0.6578125	1.54954810122688
0.6578125	1.54954810122688
0.659375	1.54954810122688
0.659375	1.54954810122688
0.6609375	1.54954810122688
0.6609375	1.54954810122688
0.6625	1.54954810122688
0.6625	1.54954810122688
0.6640625	1.54954810122688
0.6640625	1.54954810122688
0.665625	1.54954810122688
0.665625	1.54954810122688
0.6671875	1.54954810122688
0.6671875	1.54954810122688
0.66875	1.54954810122688
0.66875	1.54954810122688
0.6703125	1.54954810122688
0.6703125	1.54954810122688
0.671875	1.54954810122688
0.671875	1.54954810122688
0.6734375	1.54954810122688
0.6734375	1.54954810122688
0.675	1.54954810122688
0.675	1.54954810122688
0.6765625	1.54954810122688
0.6765625	1.54954810122688
0.678125	1.54954810122688
0.678125	1.54954810122688
0.6796875	1.54954810122688
0.6796875	1.54954810122688
0.68125	1.54954810122688
0.68125	1.54954810122688
0.6828125	1.54954810122688
0.6828125	1.54954810122688
0.684375	1.54954810122688
0.684375	1.54954810122688
0.6859375	1.54954810122688
0.6859375	1.54954810122688
0.6875	1.54954810122688
0.6875	1.54954810122688
0.6890625	1.54954810122688
0.6890625	1.54954810122688
0.690625	1.54954810122688
0.690625	1.54954810122688
0.6921875	1.54954810122688
0.6921875	1.54954810122688
0.69375	1.54954810122688
0.69375	1.54954810122688
0.6953125	1.54954810122688
0.6953125	1.54954810122688
0.696875	1.54954810122688
0.696875	1.54954810122688
0.6984375	1.54954810122688
0.6984375	1.54954810122688
0.7	1.54954810122688
0.7	1.54954810122688
0.7015625	1.54954810122688
0.7015625	1.54954810122688
0.703125	1.54954810122688
0.703125	1.54954810122688
0.7046875	1.54954810122688
0.7046875	1.54954810122688
0.70625	1.54954810122688
0.70625	1.54954810122688
0.7078125	1.54954810122688
0.7078125	1.54954810122688
0.709375	1.54954810122688
0.709375	1.54954810122688
0.7109375	1.54954810122688
0.7109375	1.54954810122688
0.7125	1.54954810122688
0.7125	1.54954810122688
0.7140625	1.54954810122688
0.7140625	1.54954810122688
0.715625	1.54954810122688
0.715625	1.54954810122688
0.7171875	1.54954810122688
0.7171875	1.54954810122688
0.71875	1.54954810122688
0.71875	1.54954810122688
0.7203125	1.54954810122688
0.7203125	1.54954810122688
0.721875	1.54954810122688
0.721875	1.54954810122688
0.7234375	1.54954810122688
0.7234375	1.54954810122688
0.725	1.54954810122688
0.725	1.54954810122688
0.7265625	1.54954810122688
0.7265625	1.54954810122688
0.728125	1.54954810122688
0.728125	1.54954810122688
0.7296875	1.54954810122688
0.7296875	1.54954810122688
0.73125	1.54954810122688
0.73125	1.54954810122688
0.7328125	1.54954810122688
0.7328125	1.54954810122688
0.734375	1.54954810122688
0.734375	1.54954810122688
0.7359375	1.54954810122688
0.7359375	1.54954810122688
0.7375	1.54954810122688
0.7375	1.54954810122688
0.7390625	1.54954810122688
0.7390625	1.54954810122688
0.740625	1.54954810122688
0.740625	1.54954810122688
0.7421875	1.54954810122688
0.7421875	1.54954810122688
0.74375	1.54954810122688
0.74375	1.54954810122688
0.7453125	1.54954810122688
0.7453125	1.54954810122688
0.746875	1.54954810122688
0.746875	1.54954810122688
0.7484375	1.54954810122688
0.7484375	1.54954810122688
0.75	1.54954810122688
0.75	1.54954810122688
0.7515625	1.54954810122688
0.7515625	1.54954810122688
0.753125	1.54954810122688
0.753125	1.54954810122688
0.7546875	1.54954810122688
0.7546875	1.54954810122688
0.75625	1.54954810122688
0.75625	1.54954810122688
0.7578125	1.54954810122688
0.7578125	1.54954810122688
0.759375	1.54954810122688
0.759375	1.54954810122688
0.7609375	1.54954810122688
0.7609375	1.54954810122688
0.7625	1.54954810122688
0.7625	1.54954810122688
0.7640625	1.54954810122688
0.7640625	1.54954810122688
0.765625	1.54954810122688
0.765625	1.54954810122688
0.7671875	1.54954810122688
0.7671875	1.54954810122688
0.76875	1.54954810122688
0.76875	1.54954810122688
0.7703125	1.54954810122688
0.7703125	1.54954810122688
0.771875	1.54954810122688
0.771875	1.54954810122688
0.7734375	1.54954810122688
0.7734375	1.54954810122688
0.775	1.54954810122688
0.775	1.54954810122688
0.7765625	1.54954810122688
0.7765625	1.54954810122688
0.778125	1.54954810122688
0.778125	1.54954810122688
0.7796875	1.54954810122688
0.7796875	1.54954810122688
0.78125	1.54954810122688
0.78125	1.54954810122688
0.7828125	1.54954810122688
0.7828125	1.54954810122688
0.784375	1.54954810122688
0.784375	1.54954810122688
0.7859375	1.54954810122688
0.7859375	1.54954810122688
0.7875	1.54954810122688
0.7875	1.54954810122688
0.7890625	1.54954810122688
0.7890625	1.54954810122688
0.790625	1.54954810122688
0.790625	1.54954810122688
0.7921875	1.54954810122688
0.7921875	1.54954810122688
0.79375	1.54954810122688
0.79375	1.54954810122688
0.7953125	1.54954810122688
0.7953125	1.54954810122688
0.796875	1.54954810122688
0.796875	1.54954810122688
0.7984375	1.54954810122688
0.7984375	1.54954810122688
0.8	1.54954810122688
0.8	1.54954810122688
0.8015625	1.54954810122688
0.8015625	1.54954810122688
0.803125	1.54954810122688
0.803125	1.54954810122688
0.8046875	1.54954810122688
0.8046875	1.54954810122688
0.80625	1.54954810122688
0.80625	1.54954810122688
0.8078125	1.54954810122688
0.8078125	1.54954810122688
0.809375	1.54954810122688
0.809375	1.54954810122688
0.8109375	1.54954810122688
0.8109375	1.54954810122688
0.8125	1.54954810122688
0.8125	1.54954810122688
0.8140625	1.54954810122688
0.8140625	1.54954810122688
0.815625	1.54954810122688
0.815625	1.54954810122688
0.8171875	1.54954810122688
0.8171875	1.54954810122688
0.81875	1.54954810122688
0.81875	1.54954810122688
0.8203125	1.54954810122688
0.8203125	1.54954810122688
0.821875	1.54954810122688
0.821875	1.54954810122688
0.8234375	1.54954810122688
0.8234375	1.54954810122688
0.825	1.54954810122688
0.825	1.54954810122688
0.8265625	1.54954810122688
0.8265625	1.54954810122688
0.828125	1.54954810122688
0.828125	1.54954810122688
0.8296875	1.54954810122688
0.8296875	1.75069666687737
0.83125	0.79885143434951
0.83125	1
0.8328125	1
0.8328125	1
0.834375	1
0.834375	1
0.8359375	1
0.8359375	1
0.8375	1
0.8375	1
0.8390625	1
0.8390625	1
0.840625	1
0.840625	1
0.8421875	1
0.8421875	1
0.84375	1
0.84375	1
0.8453125	1
0.8453125	1
0.846875	1
0.846875	1
0.8484375	1
0.8484375	1
0.85	1
0.85	1
0.8515625	1
0.8515625	1
0.853125	1
0.853125	1
0.8546875	1
0.8546875	1
0.85625	1
0.85625	1
0.8578125	1
0.8578125	1
0.859375	1
0.859375	1
0.8609375	1
0.8609375	1
0.8625	1
0.8625	1
0.8640625	1
0.8640625	1
0.865625	1
0.865625	1
0.8671875	1
0.8671875	1
0.86875	1
0.86875	1
0.8703125	1
0.8703125	1
0.871875	1
0.871875	1
0.8734375	1
0.8734375	1
0.875	1
0.875	1
0.8765625	1
0.8765625	1
0.878125	1
0.878125	1
0.8796875	1
0.8796875	1
0.88125	1
0.88125	1
0.8828125	1
0.8828125	1
0.884375	1
0.884375	1
0.8859375	1
0.8859375	1
0.8875	1
0.8875	1
0.8890625	1
0.8890625	1
0.890625	1
0.890625	1
0.8921875	1
0.8921875	1
0.89375	1
0.89375	1
0.8953125	1
0.8953125	1
0.896875	1
0.896875	1
0.8984375	1
0.8984375	1
0.9	1
0.9	1
0.9015625	1
0.9015625	1
0.903125	1
0.903125	1
0.9046875	1
0.9046875	1
0.90625	1
0.90625	1
0.9078125	1
0.9078125	1
0.909375	1
0.909375	1
0.9109375	1
0.9109375	1
0.9125	1
0.9125	1
0.9140625	1
0.9140625	1
0.915625	1
0.915625	1
0.9171875	1
0.9171875	1
0.91875	1
0.91875	1
0.9203125	1
0.9203125	1
0.921875	1
0.921875	1
0.9234375	1
0.9234375	1
0.925	1
0.925	1
0.9265625	1
0.9265625	1
0.928125	1
0.928125	1
0.9296875	1
0.9296875	1
0.93125	1
0.93125	1
0.9328125	1
0.9328125	1
0.934375	1
0.934375	1
0.9359375	1
0.9359375	1
0.9375	1
0.9375	1
0.9390625	1
0.9390625	1
0.940625	1
0.940625	1
0.9421875	1
0.9421875	1
0.94375	1
0.94375	1
0.9453125	1
0.9453125	1
0.946875	1
0.946875	1
0.9484375	1
0.9484375	1
0.95	1
0.95	1
0.9515625	1
0.9515625	1
0.953125	1
0.953125	1
0.9546875	1
0.9546875	1
0.95625	1
0.95625	1
0.9578125	1
0.9578125	1
0.959375	1
0.959375	1
0.9609375	1
0.9609375	1
0.9625	1
0.9625	1
0.9640625	1
0.9640625	1
0.965625	1
0.965625	1
0.9671875	1
0.9671875	1
0.96875	1
0.96875	1
0.9703125	1
0.9703125	1
0.971875	1
0.971875	1
0.9734375	1
0.9734375	1
0.975	1
0.975	1
0.9765625	1
0.9765625	1
0.978125	1
0.978125	1
0.9796875	1
0.9796875	1
0.98125	1
0.98125	1
0.9828125	1
0.9828125	1
0.984375	1
0.984375	1
0.9859375	1
0.9859375	1
0.9875	1
0.9875	1
0.9890625	1
0.9890625	1
0.990625	1
0.990625	1
0.9921875	1
0.9921875	1
0.99375	1
0.99375	1
0.9953125	1
0.9953125	1
0.996875	1
0.996875	1
0.9984375	1
0.9984375	1
1	1
0	1
0.0015625	1
0.0015625	1
0.003125	1
0.003125	1
0.0046875	1
0.0046875	1
0.00625	1
0.00625	1
0.0078125	1
0.0078125	1
0.009375	1
0.009375	1
0.0109375	1
0.0109375	1
0.0125	1
0.0125	1
0.0140625	1
0.0140625	1
0.015625	1
0.015625	1
0.0171875	1
0.0171875	1
0.01875	1
0.01875	1
0.0203125	1
0.0203125	1
0.021875	1
0.021875	1
0.0234375	1
0.0234375	1
0.025	1
0.025	1
0.0265625	1
0.0265625	1
0.028125	1
0.028125	1
0.0296875	1
0.0296875	1
0.03125	1
0.03125	1
0.0328125	1
0.0328125	1
0.034375	1
0.034375	1
0.0359375	1
0.0359375	1
0.0375	1
0.0375	1
0.0390625	1
0.0390625	1
0.040625	1
0.040625	1
0.0421875	1
0.0421875	1
0.04375	1
0.04375	1
0.0453125	1
0.0453125	1
0.046875	1
0.046875	1
0.0484375	1
0.0484375	1
0.05	1
0.05	1
0.0515625	1
0.0515625	1
0.053125	1
0.053125	1
0.0546875	1
0.0546875	1
0.05625	1
0.05625	1
0.0578125	1
0.0578125	1
0.059375	1
0.059375	1
0.0609375	1
0.0609375	1
0.0625	1
0.0625	1
0.0640625	1
0.0640625	1
0.065625	1
0.065625	1
0.0671875	1
0.0671875	1
0.06875	1
0.06875	1
0.0703125	1
0.0703125	1
0.071875	1
0.071875	1
0.0734375	1
0.0734375	1
0.075	1
0.075	1
0.0765625	1
0.0765625	1
0.078125	1
0.078125	1
0.0796875	1
0.0796875	1
0.08125	1
0.08125	1
0.0828125	1
0.0828125	1
0.084375	1
0.084375	1
0.0859375	1
0.0859375	1
0.0875	1
0.0875	1
0.0890625	1
0.0890625	1
0.090625	1
0.090625	1
0.0921875	1
0.0921875	1
0.09375	1
0.09375	1
0.0953125	1
0.0953125	1
0.096875	1
0.096875	1
0.0984375	1
0.0984375	1
0.1	1
0.1	1
0.1015625	1
0.1015625	1
0.103125	1
0.103125	1
0.1046875	1
0.1046875	1
0.10625	1
0.10625	1
0.1078125	1
0.1078125	1
0.109375	1
0.109375	1
0.1109375	1
0.1109375	1
0.1125	1
0.1125	1
0.1140625	1
0.1140625	1
0.115625	1
0.115625	1
0.1171875	1
0.1171875	1
0.11875	1
0.11875	1
0.1203125	1
0.1203125	1
0.121875	1
0.121875	1
0.1234375	1
0.1234375	1
0.125	1
0.125	1
0.1265625	1
0.1265625	1
0.128125	1
0.128125	1
0.1296875	1
0.1296875	1
0.13125	1
0.13125	1
0.1328125	1
0.1328125	1
0.134375	1
0.134375	1
0.1359375	1
0.1359375	1
0.1375	1
0.1375	1
0.1390625	1
0.1390625	1
0.140625	1
0.140625	1
0.1421875	1
0.1421875	1
0.14375	1
0.14375	1
0.1453125	1
0.1453125	1
0.146875	1
0.146875	1
0.1484375	1
0.1484375	1
0.15	1
0.15	1
0.1515625	1
0.1515625	1
0.153125	1
0.153125	1
0.1546875	1
0.1546875	1
0.15625	1
0.15625	1
0.1578125	1
0.1578125	1
0.159375	1
0.159375	1
0.1609375	1
0.1609375	1
0.1625	1
0.1625	1
0.1640625	1
0.1640625	1
0.165625	1
0.165625	1
0.1671875	1
0.1671875	1
0.16875	1
0.16875	1
0.1703125	1
0.1703125	1
0.171875	1
0.171875	1
0.1734375	1
0.1734375	1
0.175	1
0.175	1
0.1765625	1
0.1765625	1
0.178125	1
0.178125	1
0.1796875	1
0.1796875	1
0.18125	1
0.18125	1
0.1828125	1
0.1828125	1
0.184375	1
0.184375	1
0.1859375	1
0.1859375	1
0.1875	1
0.1875	1
0.1890625	1
0.1890625	1
0.190625	1
0.190625	1
0.1921875	1
0.1921875	1
0.19375	1
0.19375	1
0.1953125	1
0.1953125	1
0.196875	1
0.196875	1
0.1984375	1
0.1984375	1
0.2	1
0.2	1
0.2015625	1
0.2015625	1
0.203125	1
0.203125	1
0.2046875	1
0.2046875	0.996377953494078
0.20625	1.01351766158748
0.20625	1.01509904443217
0.2078125	1.03955301249493
0.2078125	1.03955298973597
0.209375	1.06383833576537
0.209375	1.06383831300641
0.2109375	1.08795544666358
0.2109375	1.08795542390463
0.2125	1.1119047548507
0.2125	1.11190473209175
0.2140625	1.13568666998786
0.2140625	1.13568664722891
0.215625	1.1593016017362
0.215625	1.15930157897724
0.2171875	1.18274995975684
0.2171875	1.18274993699789
0.21875	1.20603215371092
0.21875	1.20603213095198
0.2203125	1.22914859325958
0.2203125	1.22914857050063
0.221875	1.25209968806396
0.221875	1.252099665305
0.2234375	1.27488584778517
0.2234375	1.27488582502622
0.225	1.29750748208435
0.225	1.2975074593254
0.2265625	1.31996500062264
0.2265625	1.3199649778637
0.228125	1.34225881306118
0.228125	1.34225879030223
0.2296875	1.3643893290611
0.2296875	1.36438930630214
0.23125	1.38635695828352
0.23125	1.38635693552457
0.2328125	1.40816211038959
0.2328125	1.40816208763064
0.234375	1.42980519504043
0.234375	1.42980517228148
0.2359375	1.45128662189719
0.2359375	1.45128659913823
0.2375	1.47260680062099
0.2375	1.47260677786203
0.2390625	1.49376614087296
0.2390625	1.49376611811401
0.240625	1.51476505231425
0.240625	1.5147650295553
0.2421875	1.53560394460598
0.2421875	1.53560392184702
0.24375	1.55628322740929
0.24375	1.55628320465034
0.2453125	1.57680331038531
0.2453125	1.57680328762636
0.246875	1.59716460319518
0.246875	1.59716458043623
0.2484375	1.61736751550002
0.2484375	1.61736749274107
0.25	1.63741245696098
0.25	1.63741243420203
0.2515625	1.65729983723919
0.2515625	1.65729981448023
0.253125	1.67703006599577
0.253125	1.67703004323681
0.2546875	1.69660355289186
0.2546875	1.69660353013291
0.25625	1.71602070758861
0.25625	1.71602068482966
0.2578125	1.73528193974713
0.2578125	1.73528191698818
0.259375	1.75438765902857
0.259375	1.75438763626962
0.2609375	1.77333827509406
0.2609375	1.7733382523351
0.2625	1.79213419760472
0.2625	1.79213417484577
0.2640625	1.8107758362217
0.2640625	1.81077581346274
0.265625	1.82926360060613
0.265625	1.82926357784717
0.2671875	1.84759790041914
0.2671875	1.84759787766018
0.26875	1.86577914532186
0.26875	1.86577912256291
0.2703125	1.88380774497543
0.2703125	1.88380772221648
0.271875	1.90168410904099
0.271875	1.90168408628204
0.2734375	1.91940864717966
0.2734375	1.91940862442071
0.275	1.93698176905258
0.275	1.93698174629363
0.2765625	1.95440388432088
0.2765625	1.95440386156193
0.278125	1.9716754026457
0.278125	1.97167537988675
0.2796875	1.98879673368817
0.2796875	1.98879671092922
0.28125	2.00576828710943
0.28125	2.00576826435047
0.2828125	2.02259047257059
0.2828125	2.02259044981164
0.284375	2.03926369973281
0.284375	2.03926367697386
0.2859375	2.05578837825722
0.2859375	2.05578835549827
0.2875	2.07216491780494
0.2875	2.07216489504599
0.2890625	2.08839372803712
0.2890625	2.08839370527816
0.290625	2.10447521861487
0.290625	2.10447519585592
0.2921875	2.12040979919935
0.2921875	2.1204097764404
0.29375	2.13619787945168
0.29375	2.13619785669273
0.2953125	2.15183986903299
0.2953125	2.15183984627404
0.296875	2.16733617760442
0.296875	2.16733615484548
0.2984375	2.18268721482711
0.2984375	2.18268719206816
0.3	2.19789339036218
0.3	2.19789336760323
0.3015625	2.21295511387078
0.3015625	2.21295509111182
0.303125	2.22787279501402
0.303125	2.22787277225507
0.3046875	2.24264684345305
0.3046875	2.2426468206941
0.30625	2.257277668849
0.30625	2.25727764609005
0.3078125	2.27176568086301
0.3078125	2.27176565810406
0.309375	2.2861112891562
0.309375	2.28611126639725
0.3109375	2.30031490338972
0.3109375	2.30031488063077
0.3125	2.31437693322469
0.3125	2.31437691046574
0.3140625	2.32829778832224
0.3140625	2.32829776556329
0.315625	2.34207787834352
0.315625	2.34207785558457
0.3171875	2.35571761294966
0.3171875	2.35571759019071
0.31875	2.36921740180178
0.31875	2.36921737904283
0.3203125	2.38257765456103
0.3203125	2.38257763180207
0.321875	2.39579878088853
0.321875	2.39579875812958
0.3234375	2.40888119044542
0.3234375	2.40888116768647
0.325	2.42182529289283
0.325	2.41913081534014
0.3265625	2.41913081534014
0.3265625	2.41913081534014
0.328125	2.41913081534014
0.328125	2.41913081534014
0.3296875	2.41913081534014
0.3296875	2.41913081534014
0.33125	2.41913081534014
0.33125	2.41913081534014
0.3328125	2.41913081534014
0.3328125	2.41913081534014
0.334375	2.41913081534014
0.334375	2.41913081534014
0.3359375	2.41913081534014
0.3359375	2.41913081534014
0.3375	2.41913081534014
0.3375	2.41913081534014
0.3390625	2.41913081534014
0.3390625	2.41913081534014
0.340625	2.41913081534014
0.340625	2.41913081534014
0.3421875	2.41913081534014
0.3421875	2.41913081534014
0.34375	2.41913081534014
0.34375	2.41913081534014
0.3453125	2.41913081534014
0.3453125	2.41913081534014
0.346875	2.41913081534014
0.346875	2.41913081534014
0.3484375	2.41913081534014
0.3484375	2.41913081534014
0.35	2.41913081534014
0.35	2.41913081534014
0.3515625	2.41913081534014
0.3515625	2.41913081534014
0.353125	2.41913081534014
0.353125	2.41913081534014
0.3546875	2.41913081534014
0.3546875	2.41913081534014
0.35625	2.41913081534014
0.35625	2.41913081534014
0.3578125	2.41913081534014
0.3578125	2.41913081534014
0.359375	2.41913081534014
0.359375	2.41913081534014
0.3609375	2.41913081534014
0.3609375	2.41913081534014
0.3625	2.41913081534014
0.3625	2.41913081534014
0.3640625	2.41913081534014
0.3640625	2.41913081534014
0.365625	2.41913081534014
0.365625	2.41913081534014
0.3671875	2.41913081534014
0.3671875	2.41913081534014
0.36875	2.41913081534014
0.36875	2.41913081534014
0.3703125	2.41913081534014
0.3703125	2.41913081534014
0.371875	2.41913081534014
0.371875	2.41913081534014
0.3734375	2.41913081534014
0.3734375	2.41913081534014
0.375	2.41913081534014
0.375	2.41913081534014
0.3765625	2.41913081534014
0.3765625	2.41913081534014
0.378125	2.41913081534014
0.378125	2.41913081534014
0.3796875	2.41913081534014
0.3796875	2.41913081534014
0.38125	2.41913081534014
0.38125	2.41913081534014
0.3828125	2.41913081534014
0.3828125	2.41913081534014
0.384375	2.41913081534014
0.384375	2.41913081534014
0.3859375	2.41913081534014
0.3859375	2.41913081534014
0.3875	2.41913081534014
0.3875	2.41913081534014
0.3890625	2.41913081534014
0.3890625	2.41913081534014
0.390625	2.41913081534014
0.390625	2.41913081534014
0.3921875	2.41913081534014
0.3921875	2.41913081534014
0.39375	2.41913081534014
0.39375	2.41913081534014
0.3953125	2.41913081534014
0.3953125	2.41913081534014
0.396875	2.41913081534014
0.396875	2.41913081534014
0.3984375	2.41913081534014
0.3984375	2.41913081534014
0.4	2.41913081534014
0.4	2.41913081534014
0.4015625	2.41913081534014
0.4015625	2.41913081534014
0.403125	2.41913081534014
0.403125	2.41913081534014
0.4046875	2.41913081534014
0.4046875	2.41913081534014
0.40625	2.41913081534014
0.40625	2.41913081534014
0.4078125	2.41913081534014
0.4078125	2.41913081534014
0.409375	2.41913081534014
0.409375	2.41913081534014
0.4109375	2.41913081534014
0.4109375	2.41913081534014
0.4125	2.41913081534014
0.4125	2.41913081534014
0.4140625	2.41913081534014
0.4140625	2.41913081534014
0.415625	2.41913081534014
0.415625	2.41913081534014
0.4171875	2.41913081534014
0.4171875	2.41913081534014
0.41875	2.41913081534014
0.41875	2.41913081534014
0.4203125	2.41913081534014
0.4203125	2.41913081534014
0.421875	2.41913081534014
0.421875	2.41913081534014
0.4234375	2.41913081534014
0.4234375	2.41913081534014
0.425	2.41913081534014
0.425	2.41913081534014
0.4265625	2.41913081534014
0.4265625	2.41913081534014
0.428125	2.41913081534014
0.428125	2.41913081534014
0.4296875	2.41913081534014
0.4296875	2.41913081534014
0.43125	2.41913081534014
0.43125	2.41913081534014
0.4328125	2.41913081534014
0.4328125	2.41913081534014
0.434375	2.41913081534014
0.434375	2.41913081534014
0.4359375	2.41913081534014
0.4359375	2.41913081534014
0.4375	2.41913081534014
0.4375	2.41913081534014
0.4390625	2.41913081534014
0.4390625	2.41913081534014
0.440625	2.41913081534014
0.440625	2.41913081534014
0.4421875	2.41913081534014
0.4421875	2.41913081534014
0.44375	2.41913081534014
0.44375	2.41913081534014
0.4453125	2.41913081534014
0.4453125	2.41913081534014
0.446875	2.41913081534014
0.446875	2.41913081534014
0.4484375	2.41913081534014
0.4484375	2.41913081534014
0.45	2.41913081534014
0.45	2.41913081534014
0.4515625	2.41913081534014
0.4515625	2.41913081534014
0.453125	2.41913081534014
0.453125	2.41913081534014
0.4546875	2.41913081534014
0.4546875	2.41913081534014
0.45625	2.41913081534014
0.45625	2.41913081534014
0.4578125	2.41913081534014
0.4578125	2.41913081534014
0.459375	2.41913081534014
0.459375	2.41913081534014
0.4609375	2.41913081534014
0.4609375	2.41913081534014
0.4625	2.41913081534014
0.4625	2.41913081534014
0.4640625	2.41913081534014
0.4640625	2.41913081534014
0.465625	2.41913081534014
0.465625	2.41913081534014
0.4671875	2.41913081534014
0.4671875	2.41913081534014
0.46875	2.41913081534014
0.46875	2.41913081534014
0.4703125	2.41913081534014
0.4703125	2.41913081534014
0.471875	2.41913081534014
0.471875	2.41913081534014
0.4734375	2.41913081534014
0.4734375	2.41913081534014
0.475	2.41913081534014
0.475	2.41913081534014
0.4765625	2.41913081534014
0.4765625	2.41913081534014
0.478125	2.41913081534014
0.478125	2.41913081534014
0.4796875	2.41913081534014
0.4796875	2.41913081534014
0.48125	2.41913081534014
0.48125	2.41913081534014
0.4828125	2.41913081534014
0.4828125	2.41913081534014
0.484375	2.41913081534014
0.484375	2.41913081534014
0.4859375	2.41913081534014
0.4859375	2.41913081534014
0.4875	2.41913081534014
0.4875	2.41913081534014
0.4890625	2.41913081534014
0.4890625	2.41913081534014
0.490625	2.41913081534014
0.490625	2.41913081534014
0.4921875	2.41913081534014
0.4921875	2.41913081534014
0.49375	2.41913081534014
0.49375	2.41913081534014
0.4953125	2.41913081534014
0.4953125	2.41913081534014
0.496875	2.41913081534014
0.496875	2.41913081534014
0.4984375	2.41913081534014
0.4984375	2.41913081534014
0.5	2.41913081534014
0.5	2.41913081534014
0.5015625	2.41913081534014
0.5015625	2.41913081534014
0.503125	2.41913081534014
0.503125	2.41913081534014
0.5046875	2.41913081534014
0.5046875	2.41913081534014
0.50625	2.41913081534014
0.50625	2.41913081534014
0.5078125	2.41913081534014
0.5078125	2.41913081534014
0.509375	2.41913081534014
0.509375	2.41913081534014
0.5109375	2.41913081534014
0.5109375	2.41913081534014
0.5125	2.41913081534014
0.5125	2.41913081534014
0.5140625	2.41913081534014
0.5140625	2.41913081534014
0.515625	2.41913081534014
0.515625	2.41913081534014
0.5171875	2.41913081534014
0.5171875	2.41913081534014
0.51875	2.41913081534014
0.51875	2.41913081534014
0.5203125	2.41913081534014
0.5203125	2.41913081534014
0.521875	2.41913081534014
0.521875	2.41913081534014
0.5234375	2.41913081534014
0.5234375	2.41913081534014
0.525	2.41913081534014
0.525	2.41913081534014
0.5265625	2.41913081534014
0.5265625	2.41913081534014
0.528125	2.41913081534014
0.528125	2.41913081534014
0.5296875	2.41913081534014
0.5296875	2.41913081534014
0.53125	2.41913081534014
0.53125	2.41913081534014
0.5328125	2.41913081534014
0.5328125	2.41913081534014
0.534375	2.41913081534014
0.534375	2.41913081534014
0.5359375	2.41913081534014
0.5359375	2.41913081534014
0.5375	2.41913081534014
0.5375	2.41913081534014
0.5390625	2.41913081534014
0.5390625	2.41913081534014
0.540625	2.41913081534014
0.540625	2.41913081534014
0.5421875	2.41913081534014
0.5421875	2.41913081534014
0.54375	2.41913081534014
0.54375	2.41913081534014
0.5453125	2.41913081534014
0.5453125	2.41913081534014
0.546875	2.41913081534014
0.546875	2.41913081534014
0.5484375	2.41913081534014
0.5484375	2.41913081534014
0.55	2.41913081534014
0.55	2.41913081534014
0.5515625	2.41913081534014
0.5515625	2.41913081534014
0.553125	2.41913081534014
0.553125	2.41913081534014
0.5546875	2.41913081534014
0.5546875	2.41913081534014
0.55625	2.41913081534014
0.55625	2.41913081534014
0.5578125	2.41913081534014
0.5578125	2.41913081534014
0.559375	2.41913081534014
0.559375	2.41913081534014
0.5609375	2.41913081534014
0.5609375	2.41913081534014
0.5625	2.41913081534014
0.5625	2.41913081534014
0.5640625	2.41913081534014
0.5640625	2.41913081534014
0.565625	2.41913081534014
0.565625	2.41913081534014
0.5671875	2.41913081534014
0.5671875	2.41913081534014
0.56875	2.41913081534014
0.56875	2.41913081534014
0.5703125	2.41913081534014
0.5703125	2.41913081534014
0.571875	2.41913081534014
0.571875	2.41913081534014
0.5734375	2.41913081534014
0.5734375	2.41913081534014
0.575	2.41913081534014
0.575	2.41913081534014
0.5765625	2.41913081534014
0.5765625	2.41913081534014
0.578125	2.41913081534014
0.578125	2.41913081534014
0.5796875	2.41913081534014
0.5796875	2.41913081534014
0.58125	2.41913081534014
0.58125	2.41913081534014
0.5828125	2.41913081534014
0.5828125	2.41913081534014
0.584375	2.41913081534014
0.584375	2.41913081534014
0.5859375	2.41913081534014
0.5859375	2.41913081534014
0.5875	2.41913081534014
0.5875	2.41913081534014
0.5890625	2.41913081534014
0.5890625	2.41913081534014
0.590625	2.41913081534014
0.590625	2.41913081534014
0.5921875	2.41913081534014
0.5921875	2.41913081534014
0.59375	2.41913081534014
0.59375	2.41913081534014
0.5953125	2.41913081534014
0.5953125	2.41913081534014
0.596875	2.41913081534014
0.596875	2.41913081534014
0.5984375	2.41913081534014
0.5984375	2.41913081534014
0.6	2.41913081534014
0.6	2.41913081534014
0.6015625	2.41913081534014
0.6015625	2.41913081534014
0.603125	2.41913081534014
0.603125	2.41913081534014
0.6046875	2.41913081534014
0.6046875	2.41913081534014
0.60625	2.41913081534014
0.60625	2.41913081534014
0.6078125	2.41913081534014
0.6078125	2.41913081534014
0.609375	2.41913081534014
0.609375	2.41913081534014
0.6109375	2.41913081534014
0.6109375	2.41913081534014
0.6125	2.41913081534014
0.6125	2.41913081534014
0.6140625	2.41913081534014
0.6140625	2.41913081534014
0.615625	2.41913081534014
0.615625	2.41913081534014
0.6171875	2.41913081534014
0.6171875	2.41913081534014
0.61875	2.41913081534014
0.61875	2.41913081534014
0.6203125	2.41913081534014
0.6203125	2.41913081534014
0.621875	2.41913081534014
0.621875	2.41913081534014
0.6234375	2.41913081534014
0.6234375	2.41913081534014
0.625	2.41913081534014
0.625	2.41913081534014
0.6265625	2.41913081534014
0.6265625	2.41913081534014
0.628125	2.41913081534014
0.628125	2.41913081534014
0.6296875	2.41913081534014
0.6296875	2.41913081534014
0.63125	2.41913081534014
0.63125	2.41913081534014
0.6328125	2.41913081534014
0.6328125	2.41913081534014
0.634375	2.41913081534014
0.634375	2.41913081534014
0.6359375	2.41913081534014
0.6359375	2.41913081534014
0.6375	2.41913081534014
0.6375	2.41913081534014
0.6390625	2.41913081534014
0.6390625	2.41913081534014
0.640625	2.41913081534014
0.640625	2.41913081534014
0.6421875	2.41913081534014
0.6421875	2.41913081534014
0.64375	2.41913081534014
0.64375	2.41913081534014
0.6453125	2.41913081534014
0.6453125	2.41913081534014
0.646875	2.41913081534014
0.646875	2.41913081534014
0.6484375	2.41913081534014
0.6484375	2.41913081534014
0.65	2.41913081534014
0.65	2.41913081534014
0.6515625	2.41913081534014
0.6515625	2.41913081534014
0.653125	2.41913081534014
0.653125	2.41913081534014
0.6546875	2.41913081534014
0.6546875	2.41913081534014
0.65625	2.41913081534014
0.65625	2.41913081534014
0.6578125	2.41913081534014
0.6578125	2.41913081534014
0.659375	2.41913081534014
0.659375	2.41913081534014
0.6609375	2.41913081534014
0.6609375	2.41913081534014
0.6625	2.41913081534014
0.6625	2.41913081534014
0.6640625	2.41913081534014
0.6640625	2.41913081534014
0.665625	2.41913081534014
0.665625	2.41913081534014
0.6671875	2.41913081534014
0.6671875	2.41913081534014
0.66875	2.41913081534014
0.66875	2.41913081534014
0.6703125	2.41913081534014
0.6703125	2.41913081534014
0.671875	2.41913081534014
0.671875	2.41913081534014
0.6734375	2.41913081534014
0.6734375	2.41913081534014
0.675	2.41913081534014
0.675	2.41913081534014
0.6765625	2.41913081534014
0.6765625	2.41913081534014
0.678125	2.41913081534014
0.678125	2.41913081534014
0.6796875	2.41913081534014
0.6796875	2.41913081534014
0.68125	2.41913081534014
0.68125	2.41913081534014
0.6828125	2.41913081534014
0.6828125	2.41913081534014
0.684375	2.41913081534014
0.684375	2.41913081534014
0.6859375	2.41913081534014
0.6859375	2.41913081534014
0.6875	2.41913081534014
0.6875	2.41913081534014
0.6890625	2.41913081534014
0.6890625	2.41913081534014
0.690625	2.41913081534014
0.690625	2.41913081534014
0.6921875	2.41913081534014
0.6921875	2.41913081534014
0.69375	2.41913081534014
0.69375	2.41913081534014
0.6953125	2.41913081534014
0.6953125	2.41913081534014
0.696875	2.41913081534014
0.696875	2.41913081534014
0.6984375	2.41913081534014
0.6984375	2.41913081534014
0.7	2.41913081534014
0.7	2.41913081534014
0.7015625	2.41913081534014
0.7015625	2.41913081534014
0.703125	2.41913081534014
0.703125	2.41913081534014
0.7046875	2.41913081534014
0.7046875	2.41913081534014
0.70625	2.41913081534014
0.70625	2.41913081534014
0.7078125	2.41913081534014
0.7078125	2.41913081534014
0.709375	2.41913081534014
0.709375	2.41913081534014
0.7109375	2.41913081534014
0.7109375	2.41913081534014
0.7125	2.41913081534014
0.7125	2.41913081534014
0.7140625	2.41913081534014
0.7140625	2.41913081534014
0.715625	2.41913081534014
0.715625	2.41913081534014
0.7171875	2.41913081534014
0.7171875	2.41913081534014
0.71875	2.41913081534014
0.71875	2.41913081534014
0.7203125	2.41913081534014
0.7203125	2.41913081534014
0.721875	2.41913081534014
0.721875	2.41913081534014
0.7234375	2.41913081534014
0.7234375	2.41913081534014
0.725	2.41913081534014
0.725	2.41913081534014
0.7265625	2.41913081534014
0.7265625	2.41913081534014
0.728125	2.41913081534014
0.728125	2.41913081534014
0.7296875	2.41913081534014
0.7296875	2.41913081534014
0.73125	2.41913081534014
0.73125	2.41913081534014
0.7328125	2.41913081534014
0.7328125	2.41913081534014
0.734375	2.41913081534014
0.734375	2.41913081534014
0.7359375	2.41913081534014
0.7359375	2.41913081534014
0.7375	2.41913081534014
0.7375	2.41913081534014
0.7390625	2.41913081534014
0.7390625	2.41913081534014
0.740625	2.41913081534014
0.740625	2.41913081534014
0.7421875	2.41913081534014
0.7421875	2.41913081534014
0.74375	2.41913081534014
0.74375	2.41913081534014
0.7453125	2.41913081534014
0.7453125	2.41913081534014
0.746875	2.41913081534014
0.746875	2.41913081534014
0.7484375	2.41913081534014
0.7484375	2.41913081534014
0.75	2.41913081534014
0.75	2.41913081534014
0.7515625	2.41913081534014
0.7515625	2.41913081534014
0.753125	2.41913081534014
0.753125	2.41913081534014
0.7546875	2.41913081534014
0.7546875	2.41913081534014
0.75625	2.41913081534014
0.75625	2.41913081534014
0.7578125	2.41913081534014
0.7578125	2.41913081534014
0.759375	2.41913081534014
0.759375	2.41913081534014
0.7609375	2.41913081534014
0.7609375	2.41913081534014
0.7625	2.41913081534014
0.7625	2.41913081534014
0.7640625	2.41913081534014
0.7640625	2.41913081534014
0.765625	2.41913081534014
0.765625	2.41913081534014
0.7671875	2.41913081534014
0.7671875	2.41913081534014
0.76875	2.41913081534014
0.76875	2.41913081534014
0.7703125	2.41913081534014
0.7703125	2.41913081534014
0.771875	2.41913081534014
0.771875	2.41913081534014
0.7734375	2.41913081534014
0.7734375	2.41913081534014
0.775	2.41913081534014
0.775	2.41913081534014
0.7765625	2.41913081534014
0.7765625	2.41913081534014
0.778125	2.41913081534014
0.778125	2.41913081534014
0.7796875	2.41913081534014
0.7796875	2.41913081534014
0.78125	2.41913081534014
0.78125	2.41913081534014
0.7828125	2.41913081534014
0.7828125	2.41913081534014
0.784375	2.41913081534014
0.784375	2.41913081534014
0.7859375	2.41913081534014
0.7859375	2.41913081534014
0.7875	2.41913081534014
0.7875	2.41913081534014
0.7890625	2.41913081534014
0.7890625	2.41913081534014
0.790625	2.41913081534014
0.790625	2.41913081534014
0.7921875	2.41913081534014
0.7921875	2.41913081534014
0.79375	2.41913081534014
0.79375	2.41913081534014
0.7953125	2.41913081534014
0.7953125	2.41913081534014
0.796875	2.41913081534014
0.796875	2.41913081534014
0.7984375	2.41913081534014
0.7984375	2.41913081534014
0.8	2.41913081534014
0.8	2.41913081534014
0.8015625	2.41913081534014
0.8015625	2.41913081534014
0.803125	2.41913081534014
0.803125	2.41913081534014
0.8046875	2.41913081534014
0.8046875	2.41913081534014
0.80625	2.41913081534014
0.80625	2.41913081534014
0.8078125	2.41913081534014
0.8078125	2.41913081534014
0.809375	2.41913081534014
0.809375	2.41913081534014
0.8109375	2.41913081534014
0.8109375	2.41913081534014
0.8125	2.41913081534014
0.8125	2.41913081534014
0.8140625	2.41913081534014
0.8140625	2.41913081534014
0.815625	2.41913081534014
0.815625	2.41913081534014
0.8171875	2.41913081534014
0.8171875	2.41913081534014
0.81875	2.41913081534014
0.81875	2.41913081534014
0.8203125	2.41913081534014
0.8203125	2.41913081534014
0.821875	2.41913081534014
0.821875	2.41913081534014
0.8234375	2.41913081534014
0.8234375	2.41913081534014
0.825	2.41913081534014
0.825	2.41913081534014
0.8265625	2.41913081534014
0.8265625	2.41913081534014
0.828125	2.41913081534014
0.828125	2.41913081534014
0.8296875	2.41913081534014
0.8296875	3.30459414883218
0.83125	-0.885463333492037
0.83125	0
0.8328125	0
0.8328125	0
0.834375	0
0.834375	0
0.8359375	0
0.8359375	0
0.8375	0
0.8375	0
0.8390625	0
0.8390625	0
0.840625	0
0.840625	0
0.8421875	0
0.8421875	0
0.84375	0
0.84375	0
0.8453125	0
0.8453125	0
0.846875	0
0.846875	0
0.8484375	0
0.8484375	0
0.85	0
0.85	0
0.8515625	0
0.8515625	0
0.853125	0
0.853125	0
0.8546875	0
0.8546875	0
0.85625	0
0.85625	0
0.8578125	0
0.8578125	0
0.859375	0
0.859375	0
0.8609375	0
0.8609375	0
0.8625	0
0.8625	0
0.8640625	0
0.8640625	0
0.865625	0
0.865625	0
0.8671875	0
0.8671875	0
0.86875	0
0.86875	0
0.8703125	0
0.8703125	0
0.871875	0
0.871875	0
0.8734375	0
0.8734375	0
0.875	0
0.875	0
0.8765625	0
0.8765625	0
0.878125	0
0.878125	0
0.8796875	0
0.8796875	0
0.88125	0
0.88125	0
0.8828125	0
0.8828125	0
0.884375	0
0.884375	0
0.8859375	0
0.8859375	0
0.8875	0
0.8875	0
0.8890625	0
0.8890625	0
0.890625	0
0.890625	0
0.8921875	0
0.8921875	0
0.89375	0
0.89375	0
0.8953125	0
0.8953125	0
0.896875	0
0.896875	0
0.8984375	0
0.8984375	0
0.9	0
0.9	0
0.9015625	0
0.9015625	0
0.903125	0
0.903125	0
0.9046875	0
0.9046875	0
0.90625	0
0.90625	0
0.9078125	0
0.9078125	0
0.909375	0
0.909375	0
0.9109375	0
0.9109375	0
0.9125	0
0.9125	0
0.9140625	0
0.9140625	0
0.915625	0
0.915625	0
0.9171875	0
0.9171875	0
0.91875	0
0.91875	0
0.9203125	0
0.9203125	0
0.921875	0
0.921875	0
0.9234375	0
0.9234375	0
0.925	0
0.925	0
0.9265625	0
0.9265625	0
0.928125	0
0.928125	0
0.9296875	0
0.9296875	0
0.93125	0
0.93125	0
0.9328125	0
0.9328125	0
0.934375	0
0.934375	0
0.9359375	0
0.9359375	0
0.9375	0
0.9375	0
0.9390625	0
0.9390625	0
0.940625	0
0.940625	0
0.9421875	0
0.9421875	0
0.94375	0
0.94375	0
0.9453125	0
0.9453125	0
0.946875	0
0.946875	0
0.9484375	0
0.9484375	0
0.95	0
0.95	0
0.9515625	0
0.9515625	0
0.953125	0
0.953125	0
0.9546875	0
0.9546875	0
0.95625	0
0.95625	0
0.9578125	0
0.9578125	0
0.959375	0
0.959375	0
0.9609375	0
0.9609375	0
0.9625	0
0.9625	0
0.9640625	0
0.9640625	0
0.965625	0
0.965625	0
0.9671875	0
0.9671875	0
0.96875	0
0.96875	0
0.9703125	0
0.9703125	0
0.971875	0
0.971875	0
0.9734375	0
0.9734375	0
0.975	0
0.975	0
0.9765625	0
0.9765625	0
0.978125	0
0.978125	0
0.9796875	0
0.9796875	0
0.98125	0
0.98125	0
0.9828125	0
0.9828125	0
0.984375	0
0.984375	0
0.9859375	0
0.9859375	0
0.9875	0
0.9875	0
0.9890625	0
0.9890625	0
0.990625	0
0.990625	0
0.9921875	0
0.9921875	0
0.99375	0
0.99375	0
0.9953125	0
0.9953125	0
0.996875	0
0.996875	0
0.9984375	0
0.9984375	0
1	0
