2	1
80
0	1.99980663984529
0.025	2.00051190675743
0.025	2.00070612539764
0.05	2.00046314668365
0.05	1.9997929576856
0.075	1.99613252997644
0.075	1.99622960438696
0.1	2.00156972040714
0.1	2.00436497356062
0.125	2.01851529052348
0.125	2.0173072442685
0.15	2.00662224123779
0.15	2.00030974013558
0.175	1.95200730993607
0.175	1.94713800814062
0.2	1.87642600137237
0.2	1.87483855583369
0.225	1.79649970838045
0.225	1.7968071897323
0.25	1.71768757416192
0.25	1.71873629182994
0.275	1.64162349811827
0.275	1.64302721968589
0.3	1.57023444583384
0.3	1.57203185293082
0.325	1.50765520449939
0.325	1.51026408271059
0.35	1.46304529226985
0.35	1.46735549106947
0.375	1.4472969968565
0.375	1.45203244879922
0.4	1.45168908846516
0.4	1.45318863692123
0.425	1.45475284343995
0.425	1.45440625743105
0.45	1.45419834237738
0.45	1.45411993592887
0.475	1.4541759864863
0.475	1.45427655985792
0.5	1.45416306984908
0.5	1.45397900602093
0.525	1.45336621503113
0.525	1.45347148333784
0.55	1.45377471169199
0.55	1.45390194479473
0.575	1.45446366973067
0.575	1.45435893729647
0.6	1.45369393940611
0.6	1.45410653488929
0.625	1.453677013226
0.625	1.45300714285574
0.65	1.45032619587062
0.65	1.45106136670003
0.675	1.45210802500432
0.675	1.45071843760891
0.7	1.45210463934636
0.7	1.45433133510028
0.725	1.45067735952719
0.725	1.44743370399724
0.75	1.45877039674621
0.75	1.47083125438578
0.775	1.43145659233978
0.775	1.45327434543965
0.8	1.3268019658397
0.8	1.17218199788085
0.825	1.02748218367366
0.825	0.973530232795037
0.85	0.99754094391814
0.85	1.0042039298084
0.875	1.00248937652272
0.875	1.00014471810981
0.9	0.998939718552914
0.9	0.999576904813971
0.925	1.00033348961127
0.925	1.00020134842263
0.95	0.999917732051071
0.95	0.999933514221376
0.975	1.00001506401239
0.975	1.00001733596747
1	0.999998701880713
0	0.000856743798428255
0.025	-0.00226808684165354
0.025	-0.00312859065751816
0.05	-0.00205180030869505
0.05	0.000924016957965387
0.075	0.0171058844134126
0.075	0.0167077374328579
0.1	-0.00698070434625991
0.1	-0.0192526330359612
0.125	-0.0825822073024493
0.125	-0.0771082427085533
0.15	-0.0294167895556089
0.15	-0.000135993627346259
0.175	0.208726738811744
0.175	0.23227052710891
0.2	0.521645365875935
0.2	0.531598170912049
0.225	0.831317608006623
0.225	0.833911159705161
0.25	1.11471553220478
0.25	1.11473522452471
0.275	1.36714820350921
0.275	1.36600710235035
0.3	1.58475317611528
0.3	1.58217060234527
0.325	1.75980839912274
0.325	1.75429595927354
0.35	1.87543934268015
0.35	1.86492618490938
0.375	1.91440392158499
0.375	1.90281080511188
0.4	1.90363655765858
0.4	1.89994311972167
0.425	1.89605918692659
0.425	1.89691760261738
0.45	1.89741155648322
0.45	1.89760473129014
0.475	1.8974452591059
0.475	1.89720010745147
0.5	1.89745312731929
0.5	1.89790866296817
0.525	1.89936779947468
0.525	1.89905488240312
0.55	1.898394451669
0.55	1.89806196940128
0.575	1.8971960464302
0.575	1.89813754128795
0.6	1.89859838722724
0.6	1.89877857634303
0.625	1.89207204649747
0.625	1.89306817264065
0.65	1.88954123986928
0.65	1.88575318189225
0.675	1.8828678498252
0.675	1.88678788274166
0.7	1.88791952524231
0.7	1.88230655745986
0.725	1.89151514135845
0.725	1.89830853452145
0.75	1.88799502796743
0.75	1.92694855601728
0.775	1.86735807491616
0.775	1.99999102324933
0.8	0.898271109235351
0.8	0.798397396688688
0.825	-0.159627552802125
0.825	-0.0812513390912669
0.85	-0.00810421118491472
0.85	0.0132154999676874
0.875	0.00779814669585218
0.875	0.000464189892693807
0.9	-0.00332504698820533
0.9	-0.00132475944461079
0.925	0.00104432960909565
0.925	0.000630820922140089
0.95	-0.000257769059494685
0.95	-0.000208229223325047
0.975	4.71772954437818e-05
0.975	5.42986958111624e-05
1	-4.0661888287943e-06
0	0.00824281319039005
0.025	0.00824281319039005
0.025	0
0.05	0
0.05	0.0250032932291452
0.075	0.0250032932291452
0.075	0.0560292161408096
0.1	0.0560292161408096
0.1	0.034885698948292
0.125	0.034885698948292
0.125	0.24801193800662
0.15	0.24801193800662
0.15	0
0.175	0
0.175	0.210576967667193
0.2	0.210576967667193
0.2	0.0747872012565674
0.225	0.0747872012565674
0.225	0.0116547322635313
0.25	0.0116547322635313
0.25	0.0492543167123815
0.275	0.0492543167123815
0.275	0.0696272315521082
0.3	0.0696272315521082
0.3	0.0930520642459222
0.325	0.0930520642459222
0.325	0.139256880939962
0.35	0.139256880939962
0.35	0.234970423283265
0.375	0.234970423283265
0.375	0.264064408428564
0.4	0.264064408428564
0.4	0.0874023693041289
0.425	0.0874023693041289
0.425	0.0186739433027332
0.45	0.0186739433027332
0.45	0.00484441675582518
0.475	0.00484441675582518
0.475	0.00578161718105371
0.5	0.00578161718105371
0.5	0.0101101937503738
0.525	0.0101101937503738
0.525	0.00546916608014244
0.55	0.00546916608014244
0.55	0.00699140408174502
0.575	0.00699140408174502
0.575	0.00426612958667643
0.6	0.00426612958667643
0.6	0.0204925476151578
0.625	0.0204925476151578
0.625	0.0352187544295091
0.65	0.0352187544295091
0.65	0.0381667487496926
0.675	0.0381667487496926
0.675	0.0757392859732941
0.7	0.0757392859732941
0.7	0.129566660568488
0.725	0.129566660568488
0.725	0.19792643817268
0.75	0.19792643817268
0.75	0.748570044029439
0.775	0.748570044029439
0.775	1.17049168019947
0.8	1.17049168019947
0.8	3.98788042991438
0.825	3.98788042991438
0.825	0.469456360189398
0.85	0.469456360189398
0.85	0
0.875	0
0.875	0.112194400927126
0.9	0.112194400927126
0.9	0
0.925	0
0.925	0.00636013106742343
0.95	0.00636013106742343
0.95	0
0.975	0
0.975	5.63550807482275e-05
1	5.63550807482275e-05
