2	0
20
0	2.01140661751008
0.1	2.03062628351985
0.1	2.01996206132852
0.2	1.9175793173153
0.2	1.89579237566776
0.3	1.69100054758185
0.3	1.68892674600903
0.4	1.52779958136873
0.4	1.55453430626417
0.5	1.53549502994122
0.5	1.5496978109687
0.6	1.55173249015468
0.6	1.54868264065387
0.7	1.55921723761045
0.7	1.61794710438267
0.8	1.48252953361961
0.8	1.45551054913311
0.9	0.946745831733753
0.9	0.887186077620122
1	1.01462895204752
0	0.959223860408079
0.1	0.878824027246516
0.1	0.926998300802615
0.2	1.31216676631097
0.2	1.41547732718539
0.3	2.05026571173641
0.3	2.07419629566288
0.4	2.46727826717825
0.4	2.40694430272759
0.5	2.45014908673354
0.5	2.41582935994347
0.6	2.41198714736517
0.6	2.41718889880684
0.7	2.4641582033364
0.7	2.75291812722693
0.8	2.07264804315926
0.8	1.980494657211
0.9	-0.412459034749108
0.9	-0.32010701455498
1	0.0162590917872295
