2	1
640
0	2
0.003125	2
0.003125	2
0.00625	2
0.00625	2
0.009375	2
0.009375	2
0.0125	2
0.0125	2
0.015625	2
0.015625	2
0.01875	2
0.01875	2
0.021875	2
0.021875	2
0.025	2
0.025	2
0.028125	2
0.028125	2
0.03125	2
0.03125	2
0.034375	2
0.034375	2
0.0375	2
0.0375	2
0.040625	2
0.040625	1.99999999999999
0.04375	1.99999999999998
0.04375	1.99999999999998
0.046875	1.99999999999999
0.046875	2
0.05	2
0.05	1.99999999999999
0.053125	1.9999999999999
0.053125	1.99999999999989
0.05625	1.99999999999996
0.05625	2.00000000000003
0.059375	2.00000000000038
0.059375	2.00000000000034
0.0625	1.99999999999949
0.0625	1.99999999999916
0.065625	1.99999999999837
0.065625	1.999999999999
0.06875	2.00000000000431
0.06875	2.00000000000522
0.071875	2.00000000000327
0.071875	1.99999999999912
0.075	1.99999999997458
0.075	1.99999999997438
0.078125	2.0000000000076
0.078125	2.00000000002777
0.08125	2.00000000011737
0.08125	2.00000000010066
0.084375	1.99999999987047
0.084375	1.99999999978999
0.0875	1.99999999953596
0.0875	1.99999999966954
0.090625	2.00000000089057
0.090625	2.00000000116722
0.09375	2.0000000016421
0.09375	2.00000000090392
0.096875	1.99999999526615
0.096875	1.99999999441275
0.1	1.99999999447421
0.1	1.99999999791124
0.103125	2.00000002195214
0.103125	2.00000002450346
0.10625	2.00000001948554
0.10625	2.00000000506869
0.109375	1.99999990714408
0.109375	1.99999989855608
0.1125	1.99999991992349
0.1125	1.99999997582714
0.115625	2.00000036145271
0.115625	2.0000003983788
0.11875	2.00000038528648
0.11875	2.00000018568297
0.121875	1.99999873944365
0.121875	1.99999855280982
0.125	1.99999805754046
0.125	1.9999986868656
0.128125	2.0000035958627
0.128125	2.00000452358875
0.13125	2.000009080634
0.13125	2.0000075283318
0.134375	1.99999410632433
0.134375	1.99999010409596
0.1375	1.99996461863667
0.1375	1.99996635171979
0.140625	1.99998611627051
0.140625	1.9999995887394
0.14375	2.00009765580911
0.14375	2.00010577366143
0.146875	2.00015650800623
0.146875	2.00012809170095
0.15	1.99991065210653
0.15	1.99985569057394
0.153125	1.99942620161039
0.153125	1.99942731355708
0.15625	1.99937842779634
0.15625	1.99951158878501
0.159375	2.00050957007101
0.159375	2.00070200617346
0.1625	2.00248760778915
0.1625	2.00251889030698
0.165625	2.00360853257935
0.165625	2.00333445129355
0.16875	2.00205065621927
0.16875	2.00156130355725
0.171875	1.99719925879284
0.171875	1.99669950052791
0.175	1.98963744255948
0.175	1.98926248323209
0.178125	1.98034579081538
0.178125	1.98011855287892
0.18125	1.97012588513063
0.18125	1.97001022646872
0.184375	1.95946489606395
0.184375	1.95941642795855
0.1875	1.94861069543126
0.1875	1.94859701534677
0.190625	1.93767302690859
0.190625	1.93767519012744
0.19375	1.92669326150516
0.19375	1.92670168104282
0.196875	1.91568318959937
0.196875	1.91569366317716
0.2	1.90464434409559
0.2	1.90465541333061
0.203125	1.89357658406515
0.203125	1.89358800812159
0.20625	1.88248112961522
0.20625	1.88249308604039
0.209375	1.87136100280413
0.209375	1.87137372161098
0.2125	1.86022052735238
0.2125	1.86023416578004
0.215625	1.84906470170884
0.215625	1.84907933032402
0.21875	1.83789873492104
0.21875	1.83791436068143
0.221875	1.82672776517413
0.221875	1.82674435488723
0.225	1.81555669188096
0.225	1.81557418737993
0.228125	1.80439006846599
0.228125	1.80440839611224
0.23125	1.79323203998956
0.23125	1.79325111936913
0.234375	1.78208633312952
0.234375	1.78210608631608
0.2375	1.77095629889547
0.2375	1.77097665816319
0.240625	1.75984498858244
0.240625	1.75986589952678
0.24375	1.74875522727753
0.24375	1.748776646094
0.246875	1.73768965408086
0.246875	1.73771154144644
0.25	1.72665072520023
0.25	1.72667304202144
0.253125	1.71564071348672
0.253125	1.71566342407945
0.25625	1.7046617633305
0.25625	1.70468484797999
0.259375	1.69371605106875
0.259375	1.69373952369285
0.2625	1.68280605064384
0.2625	1.68282997127225
0.265625	1.67193482774698
0.265625	1.67195929777064
0.26875	1.66110622141662
0.26875	1.66113135462715
0.271875	1.65032476384807
0.271875	1.65035063748286
0.275	1.63959526221184
0.275	1.63962186487037
0.278125	1.62892210529969
0.278125	1.62894930567715
0.28125	1.61830850441035
0.28125	1.61833606053198
0.284375	1.60775595239177
0.284375	1.60778356474268
0.2875	1.59726412901271
0.2875	1.59729151931488
0.290625	1.5868313017366
0.290625	1.58685828423689
0.29375	1.57645505526555
0.29375	1.57648157038574
0.296875	1.56613306139611
0.296875	1.5661591644043
0.3	1.55586366947822
0.3	1.55588949859723
0.303125	1.5456463496581
0.303125	1.54567212035819
0.30625	1.53548233771875
0.30625	1.53550840926737
0.309375	1.52537605914283
0.309375	1.52540309866168
0.3125	1.5153379929342
0.3125	1.51536724518969
0.315625	1.50538974403102
0.315625	1.50542344710214
0.31875	1.49557277548912
0.31875	1.49561491695473
0.321875	1.48596462504795
0.321875	1.48602261016946
0.325	1.4767117892813
0.325	1.47680007555795
0.328125	1.46809359256194
0.328125	1.46823936604008
0.33125	1.46061227273776
0.33125	1.46085574768065
0.334375	1.45500716941659
0.334375	1.45537368819975
0.3375	1.45195032573418
0.3375	1.45238450109759
0.340625	1.45138290096094
0.340625	1.45172987845612
0.34375	1.45221787686784
0.34375	1.4523556763114
0.346875	1.4531196910468
0.346875	1.45309002826173
0.35	1.45349823718954
0.35	1.45343011563929
0.353125	1.45351518396418
0.353125	1.45348255629133
0.35625	1.45347840595473
0.35625	1.45347812687611
0.359375	1.45350443619401
0.359375	1.45351109799631
0.3625	1.45356557065998
0.3625	1.45356736318923
0.365625	1.45362042835021
0.365625	1.45361874421792
0.36875	1.45366062968665
0.36875	1.45365904601495
0.371875	1.45369430383301
0.371875	1.45369366257017
0.375	1.45372572186753
0.375	1.45372512702072
0.378125	1.45375193038784
0.378125	1.45375071390772
0.38125	1.45376886398195
0.38125	1.45376729087731
0.384375	1.45377714107018
0.384375	1.45377611029033
0.3875	1.45378320439482
0.3875	1.45378337714116
0.390625	1.45379413095969
0.390625	1.45379502028808
0.39375	1.45380991867761
0.39375	1.45381018812776
0.396875	1.45382320492413
0.396875	1.45382231782736
0.4	1.45382902112163
0.4	1.4538280455436
0.403125	1.45383176414009
0.403125	1.45383186737019
0.40625	1.45383855629451
0.40625	1.45383925987838
0.409375	1.45384839132164
0.409375	1.45384829261131
0.4125	1.45385368368588
0.4125	1.45385262766724
0.415625	1.45385217466973
0.415625	1.4538515438551
0.41875	1.45385097891667
0.41875	1.45385160460311
0.421875	1.45385625271478
0.421875	1.45385710962787
0.425	1.45386392705288
0.425	1.45386362883081
0.428125	1.45386565997334
0.428125	1.45386453774839
0.43125	1.45386133528933
0.43125	1.45386097111492
0.434375	1.45385946258092
0.434375	1.45386034980799
0.4375	1.45386473200015
0.4375	1.45386552379872
0.440625	1.45387103096071
0.440625	1.45387050374402
0.44375	1.45387032502628
0.44375	1.45386918526912
0.446875	1.45386445111839
0.446875	1.45386430434508
0.45	1.45386250423868
0.45	1.45386353715434
0.453125	1.45386821932152
0.453125	1.45386910320892
0.45625	1.45387638700505
0.45625	1.45387632735803
0.459375	1.4538815368877
0.459375	1.45388102380892
0.4625	1.45388300449893
0.4625	1.45388246277875
0.465625	1.45388069638816
0.465625	1.45387995960265
0.46875	1.45387387578839
0.46875	1.45387329111452
0.471875	1.45386644080804
0.471875	1.45386690011942
0.475	1.45386577989776
0.475	1.45386709302546
0.478125	1.45387258043709
0.478125	1.4538731864626
0.48125	1.45387777144136
0.48125	1.45387684910145
0.484375	1.4538742447026
0.484375	1.4538730796114
0.4875	1.45386712700351
0.4875	1.4538673712766
0.490625	1.45386664160144
0.490625	1.45386794494183
0.49375	1.45387399251588
0.49375	1.45387468733907
0.496875	1.45388156285372
0.496875	1.45388118419431
0.5	1.45388478989426
0.5	1.45388424015566
0.503125	1.45388502113286
0.503125	1.45388460090035
0.50625	1.45388206515442
0.50625	1.45388132017352
0.509375	1.45387428138338
0.509375	1.45387368960837
0.5125	1.45386645316463
0.5125	1.45386712283805
0.515625	1.45386699326302
0.515625	1.45386849335012
0.51875	1.45387555937325
0.51875	1.45387619334357
0.521875	1.45388321404474
0.521875	1.45388264191461
0.525	1.45388552518193
0.525	1.45388492018584
0.528125	1.4538852171544
0.528125	1.45388491655836
0.53125	1.45388255379473
0.53125	1.45388186094095
0.534375	1.45387459778888
0.534375	1.45387380928483
0.5375	1.45386509487415
0.5375	1.45386563420529
0.540625	1.45386501309586
0.540625	1.45386704792749
0.54375	1.45387768082076
0.54375	1.45387892007248
0.546875	1.4538889900255
0.546875	1.45388738703975
0.55	1.45388297386948
0.55	1.4538802829276
0.553125	1.45386590608282
0.553125	1.45386579240785
0.55625	1.45385931763991
0.55625	1.4538617444677
0.559375	1.45386875031244
0.559375	1.45387023840223
0.5625	1.45387968712733
0.5625	1.45387908164231
0.565625	1.45388320502674
0.565625	1.45388236886289
0.56875	1.45388281550768
0.56875	1.45388237307747
0.571875	1.45387913486463
0.571875	1.45387823932236
0.575	1.45386964252798
0.575	1.45386900194127
0.578125	1.45386137543007
0.578125	1.45386251014818
0.58125	1.45386500260193
0.58125	1.45386687981175
0.584375	1.45387646670431
0.584375	1.45387662955734
0.5875	1.45388234802867
0.5875	1.45388117461084
0.590625	1.4538813149717
0.590625	1.45388090317959
0.59375	1.45388058151508
0.59375	1.45388061498881
0.596875	1.45387803407274
0.596875	1.45387710450299
0.6	1.45386813787053
0.6	1.45386727316187
0.603125	1.45385866187007
0.603125	1.45385988235888
0.60625	1.45386279255952
0.60625	1.45386498824855
0.609375	1.45387601567083
0.609375	1.45387610330288
0.6125	1.45388168430355
0.6125	1.4538801547447
0.615625	1.45387908847229
0.615625	1.45387876714083
0.61875	1.45387860972379
0.61875	1.45387889170574
0.621875	1.45387684548977
0.621875	1.453875752859
0.625	1.45386618584937
0.625	1.45386522769788
0.628125	1.45385665324957
0.628125	1.45385815595552
0.63125	1.45386230562028
0.63125	1.45386449450777
0.634375	1.45387511375606
0.634375	1.45387470301098
0.6375	1.4538759594543
0.6375	1.45387367088883
0.640625	1.45386346107324
0.640625	1.45386244207645
0.64375	1.45385432062043
0.64375	1.45385600606596
0.646875	1.45386235123667
0.646875	1.45386461803955
0.65	1.45387799157093
0.65	1.45387728358143
0.653125	1.45388113476469
0.653125	1.45387931970941
0.65625	1.45387732846321
0.65625	1.45387803815982
0.659375	1.45387884661263
0.659375	1.45387976761429
0.6625	1.45387440067064
0.6625	1.45387478359846
0.665625	1.45385475752345
0.665625	1.45385916374242
0.66875	1.45382154902301
0.66875	1.45383349961116
0.671875	1.4537647295977
0.671875	1.45378177331044
0.675	1.45364556671984
0.675	1.45365753725337
0.678125	1.45342312314255
0.678125	1.45342406123048
0.68125	1.45313066143985
0.68125	1.45312200041883
0.684375	1.45285493758934
0.684375	1.45283543861418
0.6875	1.45265568288309
0.6875	1.4526313615027
0.690625	1.45257348460706
0.690625	1.45255646274049
0.69375	1.45262074122003
0.69375	1.45261492192189
0.696875	1.45276581262989
0.696875	1.45276992685571
0.7	1.4529508215177
0.7	1.4529566503573
0.703125	1.45309699262061
0.703125	1.45310150142231
0.70625	1.45318523380261
0.70625	1.45319540074251
0.709375	1.45324310208209
0.709375	1.45324994899293
0.7125	1.45324654048478
0.7125	1.45324539831795
0.715625	1.45320656430698
0.715625	1.45320686017102
0.71875	1.45316944230324
0.71875	1.4531696998148
0.721875	1.45314696603222
0.721875	1.45314954822247
0.725	1.45314971169304
0.725	1.4531505739794
0.728125	1.45313308575467
0.728125	1.4531262375224
0.73125	1.45308839235343
0.73125	1.45309127563421
0.734375	1.4530856602472
0.734375	1.45308872100754
0.7375	1.45306873313014
0.7375	1.45306194591056
0.740625	1.45302434081504
0.740625	1.45302764043636
0.74375	1.45300716229204
0.74375	1.45300886020973
0.746875	1.45298365675962
0.746875	1.4529858489234
0.75	1.45298107793316
0.75	1.45298497642743
0.753125	1.45296368447326
0.753125	1.45295538163988
0.75625	1.45291061122257
0.75625	1.45290758078303
0.759375	1.45285197702832
0.759375	1.45285355561365
0.7625	1.45284736510754
0.7625	1.45285024786297
0.765625	1.45286057919115
0.765625	1.45287771558514
0.76875	1.45287532994814
0.76875	1.45283391128517
0.771875	1.45276475624018
0.771875	1.45281942727139
0.775	1.45278501771848
0.775	1.45272805743286
0.778125	1.45283657160526
0.778125	1.45289240510333
0.78125	1.4524669849251
0.78125	1.45244517279765
0.784375	1.45305126754878
0.784375	1.45284977054168
0.7875	1.45197646931471
0.7875	1.45263967019961
0.790625	1.45473010763888
0.790625	1.45621433066202
0.79375	1.44601262704139
0.79375	1.45038036398208
0.796875	1.41365593967788
0.796875	1.35347016043603
0.8	1.32190454761603
0.8	1.15542226120137
0.803125	1.12441890875553
0.803125	1.02967702458513
0.80625	1.01080741748619
0.80625	0.998373913496419
0.809375	0.998912491138455
0.809375	0.999937521894914
0.8125	1.00045139633017
0.8125	1.0001760575221
0.815625	0.999854283537495
0.815625	0.99991281937631
0.81875	1.00003797258776
0.81875	1.00003074905088
0.821875	0.999992530928636
0.821875	0.999991306081408
0.825	1.00000067079556
0.825	1.00000193532359
0.828125	1.0000002880487
0.828125	0.99999972777268
0.83125	0.999999790925908
0.83125	0.999999977177704
0.834375	1.00000008526751
0.834375	1.00000003535827
0.8375	0.999999973083139
0.8375	0.999999983358558
0.840625	1.00000000684402
0.840625	1.00000000572046
0.84375	0.999999998708974
0.84375	0.999999998418502
0.846875	1.00000000009195
0.846875	1.00000000034113
0.85	1.00000000006236
0.85	0.999999999956205
0.853125	0.999999999959283
0.853125	0.999999999993746
0.85625	1.00000000001605
0.85625	1.00000000000702
0.859375	0.999999999995031
0.859375	0.99999999999682
0.8625	1.00000000000122
0.8625	1.00000000000105
0.865625	0.999999999999769
0.865625	0.999999999999704
0.86875	1
0.86875	1.00000000000005
0.871875	1.00000000000001
0.871875	0.999999999999986
0.875	0.999999999999986
0.875	0.999999999999993
0.878125	0.999999999999999
0.878125	0.999999999999998
0.88125	0.999999999999997
0.88125	0.999999999999997
0.884375	0.999999999999999
0.884375	0.999999999999999
0.8875	1
0.8875	1
0.890625	1
0.890625	1
0.89375	1
0.89375	1
0.896875	1
0.896875	1
0.9	1
0.9	1
0.903125	1
0.903125	1
0.90625	1
0.90625	1
0.909375	1
0.909375	1
0.9125	1
0.9125	1
0.915625	1
0.915625	1
0.91875	1
0.91875	1
0.921875	1
0.921875	1
0.925	1
0.925	1
0.928125	1
0.928125	1
0.93125	1
0.93125	1
0.934375	1
0.934375	1
0.9375	1
0.9375	1
0.940625	1
0.940625	1
0.94375	1
0.94375	1
0.946875	1
0.946875	1
0.95	1
0.95	1
0.953125	1
0.953125	1
0.95625	1
0.95625	1
0.959375	1
0.959375	1
0.9625	1
0.9625	1
0.965625	1
0.965625	1
0.96875	1
0.96875	1
0.971875	1
0.971875	1
0.975	1
0.975	1
0.978125	1
0.978125	1
0.98125	1
0.98125	1
0.984375	1
0.984375	1
0.9875	1
0.9875	1
0.990625	1
0.990625	1
0.99375	1
0.99375	1
0.996875	1
0.996875	1
1	1
0	7.92159856180407e-16
0.003125	-4.21063887881325e-16
0.003125	7.63369233432349e-17
0.00625	-1.02705927104223e-16
0.00625	3.05950954823432e-16
0.009375	-4.9601148066215e-16
0.009375	2.96768326199456e-16
0.0125	-2.49490881740215e-18
0.0125	9.67489776965616e-17
0.015625	-3.38139755266752e-16
0.015625	4.59326297532301e-16
0.01875	-4.59817451012758e-16
0.01875	3.24367337188813e-16
0.021875	-1.88671646624637e-16
0.021875	2.25167365654013e-16
0.025	-3.2951092996548e-16
0.025	4.07997234935075e-16
0.028125	-4.34311757748939e-16
0.028125	1.82191330419624e-16
0.03125	8.30863583166228e-17
0.03125	-5.52935233878126e-17
0.034375	-1.05138155909121e-16
0.034375	9.53161538810238e-16
0.0375	5.07799108323293e-15
0.0375	5.33332336758979e-15
0.040625	1.84475360948356e-14
0.040625	2.41657830612418e-14
0.04375	6.35628277552197e-14
0.04375	6.28395223801105e-14
0.046875	2.29417035197578e-14
0.046875	1.10310235654295e-15
0.05	-2.2315871694708e-14
0.05	2.54116279474158e-14
0.053125	4.19038451920403e-13
0.053125	4.6990004393897e-13
0.05625	1.77264063744034e-13
0.05625	-1.4946156478638e-13
0.059375	-1.70832440836224e-12
0.059375	-1.52140812372462e-12
0.0625	2.24205759146644e-12
0.0625	3.69793882471756e-12
0.065625	7.1782908486444e-12
0.065625	4.38309913878328e-12
0.06875	-1.91188950021508e-11
0.06875	-2.31696363243008e-11
0.071875	-1.45355334013944e-11
0.071875	3.85533531415976e-12
0.075	1.12580437691036e-10
0.075	1.13440485588358e-10
0.078125	-3.36935550454161e-11
0.078125	-1.23018230014571e-10
0.08125	-5.19896546633792e-10
0.08125	-4.45893137124944e-10
0.084375	5.73690402393824e-10
0.084375	9.30201422126811e-10
0.0875	2.05541512770806e-09
0.0875	1.4636905189723e-09
0.090625	-3.94476291049708e-09
0.090625	-5.17019566225304e-09
0.09375	-7.27365582467518e-09
0.09375	-4.00393595032252e-09
0.096875	2.09682715204668e-08
0.096875	2.4748371376652e-08
0.1	2.44761321126788e-08
0.1	9.25201018657466e-09
0.103125	-9.72359014969178e-08
0.103125	-1.085368487326e-07
0.10625	-8.63102395394784e-08
0.10625	-2.24515658708725e-08
0.109375	4.11300297422301e-07
0.109375	4.49340375710012e-07
0.1125	3.54694551244316e-07
0.1125	1.07072439925215e-07
0.115625	-1.60103588103532e-06
0.115625	-1.7645981067028e-06
0.11875	-1.70660634639889e-06
0.11875	-8.22471864915794e-07
0.121875	5.58356471407089e-06
0.121875	6.41024897327219e-06
0.125	8.60401428436573e-06
0.125	5.81647273155581e-06
0.128125	-1.59277084845509e-05
0.128125	-2.0037020848675e-05
0.13125	-4.02223231915423e-05
0.13125	-3.33463423263933e-05
0.134375	2.61056645991813e-05
0.134375	4.38335500167791e-05
0.1375	0.000156717782891275
0.1375	0.000149041933945494
0.140625	6.14964113506587e-05
0.140625	1.82740330496005e-06
0.14375	-0.000432577570550375
0.14375	-0.000468536512476594
0.146875	-0.000693284741655163
0.146875	-0.000567377249973732
0.15	0.000395748410771672
0.15	0.000639272808861019
0.153125	0.00254106066955363
0.153125	0.00253616648176589
0.15625	0.00275253238260519
0.15625	0.00216365145395753
0.159375	-0.00225768600020202
0.159375	-0.00310858393040708
0.1625	-0.0110290407806222
0.1625	-0.0111672300116009
0.165625	-0.0160054915284377
0.165625	-0.0147874649585046
0.16875	-0.00909028714984265
0.16875	-0.00690965571703542
0.171875	0.012392510624406
0.171875	0.0146283444691149
0.175	0.0457214405202718
0.175	0.0474131136249819
0.178125	0.0864139529694288
0.178125	0.0874611323494768
0.18125	0.130838975647483
0.18125	0.131401905741635
0.184375	0.17680881524147
0.184375	0.177082427392526
0.1875	0.223219904072967
0.1875	0.223345275067385
0.190625	0.269586784729033
0.190625	0.26964569076976
0.19375	0.315726021315116
0.19375	0.31575948580337
0.196875	0.36158287399701
0.196875	0.361608720902323
0.2	0.40714647813825
0.2	0.407170846042437
0.203125	0.452412969039749
0.203125	0.452436870939638
0.20625	0.4973729366157
0.20625	0.497395655942606
0.209375	0.542009919027998
0.209375	0.542030531235266
0.2125	0.586302729341971
0.2125	0.586320615701946
0.215625	0.630228169879323
0.215625	0.630243063696507
0.21875	0.673762967566528
0.21875	0.67377485732914
0.221875	0.716884906408716
0.221875	0.716893937138349
0.225	0.759573456629319
0.225	0.75957986829934
0.228125	0.801810139998712
0.228125	0.801814228558566
0.23125	0.843578698163458
0.23125	0.843580781102774
0.234375	0.884865055002524
0.234375	0.884865435834068
0.2375	0.925657081519994
0.2375	0.925656021048023
0.240625	0.965944251175019
0.240625	0.965941957097816
0.24375	1.00571732059115
0.24375	1.00571395860401
0.246875	1.04496814473251
0.246875	1.04496386179627
0.25	1.0836896307004
0.25	1.08368457045295
0.253125	1.12187570407836
0.253125	1.12186999530425
0.25625	1.1595210863532
0.25625	1.15951479872027
0.259375	1.19662072937629
0.259375	1.19661381317235
0.2625	1.23316893727152
0.2625	1.23316118339299
0.265625	1.26915845717088
0.265625	1.2691495175193
0.26875	1.30458000526534
0.26875	1.30456949406198
0.271875	1.33942267602131
0.271875	1.33941033383091
0.275	1.37367540386967
0.275	1.37366126553443
0.278125	1.40732918734883
0.278125	1.40731367561272
0.28125	1.44037935274762
0.28125	1.44036323815756
0.284375	1.47282697323132
0.284375	1.47281119653553
0.2875	1.50467881655469
0.2875	1.50466423806241
0.290625	1.53594579805588
0.290625	1.53593298028543
0.29375	1.56664056320318
0.29375	1.56662967693166
0.296875	1.59677512432293
0.296875	1.59676599324799
0.3	1.62635918966934
0.3	1.62635139326032
0.303125	1.65539904439456
0.303125	1.65539193833863
0.30625	1.68389597172983
0.30625	1.68388849693951
0.309375	1.71184268169025
0.309375	1.71183290115173
0.3125	1.73921616584742
0.3125	1.73920052015544
0.315625	1.76596530347317
0.315625	1.76593748575987
0.31875	1.79198996188988
0.31875	1.79193889318005
0.321875	1.81710254685523
0.321875	1.81700796138809
0.325	1.84095015902101
0.325	1.84077322922387
0.328125	1.86286437545717
0.328125	1.86253391799335
0.33125	1.88165422140053
0.33125	1.88106863505542
0.334375	1.89558916756496
0.334375	1.89468978324854
0.3375	1.90313719628013
0.3375	1.90206840438846
0.340625	1.90453431346136
0.340625	1.90368044843145
0.34375	1.90247806765255
0.34375	1.90213883734556
0.346875	1.90025407864161
0.346875	1.90032738905602
0.35	1.89931957700057
0.35	1.899487784971
0.353125	1.89927770858907
0.353125	1.89935827694978
0.35625	1.89936850931996
0.35625	1.89936919913313
0.359375	1.89930421649058
0.359375	1.89928776806338
0.3625	1.89915322772496
0.3625	1.8991488025066
0.365625	1.89901772665327
0.365625	1.89902188737255
0.36875	1.89891841616731
0.36875	1.89892232886328
0.371875	1.89883522144152
0.371875	1.89883680603578
0.375	1.89875759471279
0.375	1.8987590645958
0.378125	1.89869283404924
0.378125	1.89869583959709
0.38125	1.89865098319904
0.38125	1.89865486948385
0.384375	1.89863051594741
0.384375	1.89863306244445
0.3875	1.89861551770914
0.3875	1.89861509118749
0.390625	1.89858850431476
0.390625	1.89858630741959
0.39375	1.89854947976585
0.39375	1.89854881416253
0.396875	1.89851663440706
0.396875	1.89851882625059
0.4	1.89850224413098
0.4	1.89850465454503
0.403125	1.89849544570892
0.403125	1.89849519069576
0.40625	1.89847864284806
0.40625	1.89847690466702
0.409375	1.89845432152324
0.409375	1.89845456554158
0.4125	1.89844122290425
0.4125	1.89844383208528
0.415625	1.89844492825727
0.415625	1.89844648692066
0.41875	1.89844785936968
0.41875	1.8984463135991
0.421875	1.89843480521741
0.421875	1.8984326880775
0.425	1.89841581916858
0.425	1.89841655609136
0.428125	1.89841151265267
0.428125	1.89841428556414
0.43125	1.89842217258793
0.43125	1.89842307246246
0.434375	1.89842677354173
0.434375	1.89842458149974
0.4375	1.89841372745481
0.4375	1.89841177122662
0.440625	1.89839813687468
0.440625	1.89839943962739
0.44375	1.89839985331504
0.44375	1.8984026695382
0.446875	1.8984143382453
0.446875	1.89841470101622
0.45	1.89841911964413
0.45	1.8984165676649
0.453125	1.89840496919809
0.453125	1.89840278541799
0.45625	1.89838475802767
0.45625	1.89838490554749
0.459375	1.89837200252514
0.459375	1.89837327039949
0.4625	1.89836834455443
0.4625	1.89836968318523
0.465625	1.89837401512572
0.465625	1.89837583576698
0.46875	1.89839083458522
0.46875	1.8983922793836
0.471875	1.89840917105467
0.471875	1.89840803632357
0.475	1.89841076923658
0.475	1.89840752492667
0.478125	1.89839393082925
0.478125	1.89839243361553
0.48125	1.89838106827268
0.48125	1.89838334737875
0.484375	1.89838974488851
0.484375	1.89839262380059
0.4875	1.8984072931349
0.4875	1.89840668975554
0.490625	1.89840845324624
0.490625	1.89840523314584
0.49375	1.89839025029075
0.49375	1.89838853370319
0.496875	1.89837150395786
0.496875	1.89837243976216
0.5	1.89836348810843
0.5	1.8983648466275
0.503125	1.89836287336025
0.503125	1.89836391189382
0.50625	1.89837013266961
0.50625	1.8983719736445
0.509375	1.89838931947363
0.509375	1.89839078189088
0.5125	1.89840861463116
0.5125	1.89840696022064
0.515625	1.89840723198468
0.515625	1.89840352582555
0.51875	1.89838601723138
0.51875	1.89838445106266
0.521875	1.89836705286145
0.521875	1.89836846676158
0.525	1.89836129009045
0.525	1.8983627852087
0.528125	1.89836199746843
0.528125	1.89836274046919
0.53125	1.89836852302101
0.53125	1.89837023527076
0.534375	1.89838812423129
0.534375	1.89839007282114
0.5375	1.89841154563997
0.5375	1.89841021336828
0.540625	1.89841168746314
0.540625	1.89840666019925
0.54375	1.89838032580074
0.54375	1.89837726419101
0.546875	1.89835231838705
0.546875	1.89835627952487
0.55	1.89836711768595
0.55	1.89837376709814
0.553125	1.89840922134779
0.553125	1.89840950261911
0.55625	1.89842542989128
0.55625	1.89841943417517
0.559375	1.89840205145356
0.559375	1.89839837513014
0.5625	1.89837495380641
0.5625	1.89837645030155
0.565625	1.89836618446867
0.565625	1.89836825095863
0.56875	1.89836706722528
0.56875	1.89836816088298
0.571875	1.89837607915544
0.571875	1.89837829244045
0.575	1.89839944784686
0.575	1.89840103117092
0.578125	1.89841978589828
0.578125	1.89841698281697
0.58125	1.89841073251459
0.58125	1.89840609494997
0.584375	1.8983823120892
0.584375	1.89838191033685
0.5875	1.89836768195289
0.5875	1.89837058194635
0.590625	1.89837013249113
0.590625	1.89837115065413
0.59375	1.89837183881034
0.59375	1.89837175683294
0.596875	1.89837802302202
0.596875	1.898380320668
0.6	1.89840236021796
0.6	1.89840449761947
0.603125	1.89842565406018
0.603125	1.89842263941124
0.60625	1.89841532362593
0.60625	1.89840989955238
0.609375	1.89838252201764
0.609375	1.89838230648874
0.6125	1.89836838025168
0.6125	1.89837216072048
0.615625	1.89837465265478
0.615625	1.89837544822807
0.61875	1.89837568628438
0.61875	1.89837499136411
0.621875	1.89837988539556
0.621875	1.89838258490724
0.625	1.89840605499009
0.625	1.89840841708847
0.628125	1.89842945166165
0.628125	1.89842573469829
0.63125	1.8984153690757
0.63125	1.89840998577572
0.634375	1.89838359017285
0.634375	1.89838468638207
0.6375	1.8983810988828
0.6375	1.89838683058356
0.640625	1.89841101698626
0.640625	1.89841338836083
0.64375	1.89843249026191
0.64375	1.89842774085099
0.646875	1.89841329405873
0.646875	1.89840688411277
0.65	1.89837957397709
0.65	1.89838109653396
0.653125	1.89838087719482
0.653125	1.89838642423363
0.65625	1.89839823859901
0.65625	1.89839877630522
0.659375	1.89839368177556
0.659375	1.89839600474476
0.6625	1.8983876555907
0.6625	1.89840080418768
0.665625	1.89837904057853
0.665625	1.89840707853763
0.66875	1.89827805669742
0.66875	1.89832596686525
0.671875	1.89792595250773
0.671875	1.89799160331748
0.675	1.89718735021951
0.675	1.89725416875313
0.678125	1.89605148118596
0.678125	1.8960767780087
0.68125	1.89462439200318
0.68125	1.89457277980362
0.684375	1.8931928644805
0.684375	1.89308954140511
0.6875	1.89219451101072
0.6875	1.89208678220897
0.690625	1.89188208803274
0.690625	1.89179947527808
0.69375	1.89219004352616
0.69375	1.89214878580407
0.696875	1.89286722439012
0.696875	1.89286378769012
0.7	1.89364524216293
0.7	1.89367862477312
0.703125	1.89438499258892
0.703125	1.89443945126306
0.70625	1.8949344769441
0.70625	1.89497139401329
0.709375	1.89516323958882
0.709375	1.89518871524982
0.7125	1.89518872892266
0.7125	1.89520899592988
0.715625	1.89511859495996
0.715625	1.89511706015178
0.71875	1.89497908335872
0.71875	1.89497149637304
0.721875	1.89482588658154
0.721875	1.8948149415308
0.725	1.89464912665436
0.725	1.89464616304232
0.728125	1.89453906727639
0.728125	1.89455605094255
0.73125	1.89450012505595
0.73125	1.894491831238
0.734375	1.89435948724634
0.734375	1.89435038688675
0.7375	1.89426285289906
0.7375	1.89428027989369
0.740625	1.89424005556625
0.740625	1.89423617600294
0.74375	1.89413863017361
0.74375	1.89414081306476
0.746875	1.89402129371879
0.746875	1.894020490149
0.75	1.89381545471445
0.75	1.89380527520414
0.753125	1.89362812922466
0.753125	1.89364290406932
0.75625	1.89354398827562
0.75625	1.89354420526883
0.759375	1.89351362862229
0.759375	1.8935057508488
0.7625	1.893388633903
0.7625	1.89338335048956
0.765625	1.89323179144305
0.765625	1.89319586201216
0.76875	1.8930493499655
0.76875	1.89315926168084
0.771875	1.89313407930061
0.771875	1.89300375706129
0.775	1.89285414431014
0.775	1.89299591918638
0.778125	1.89247979402729
0.778125	1.89236446595483
0.78125	1.89311464379189
0.78125	1.89317803401739
0.784375	1.89112143204652
0.784375	1.89088857686685
0.7875	1.89448912325915
0.7875	1.8942741365551
0.790625	1.89429014821513
0.790625	1.91213715152133
0.79375	1.86650742223891
0.79375	1.8757348159863
0.796875	1.59096085337065
0.796875	1.61403974855828
0.8	0.720263246520453
0.8	0.775108177550438
0.803125	0.0325237305767521
0.803125	0.13701182515799
0.80625	-0.0245249467802959
0.80625	-0.00511047299600554
0.809375	-0.00337955621210134
0.809375	-0.000195657775072432
0.8125	0.00141400891842603
0.8125	0.000551719557196572
0.815625	-0.000456550943586618
0.815625	-0.000273040051880447
0.81875	0.000118925016165368
0.81875	9.63119734025695e-05
0.821875	-2.33954483167325e-05
0.821875	-2.72299749346009e-05
0.825	2.10092804296129e-06
0.825	6.06162148707688e-06
0.828125	9.02191722002979e-07
0.828125	-8.52640360356086e-07
0.83125	-6.54839375707651e-07
0.83125	-7.14815077521916e-08
0.834375	2.67065698957758e-07
0.834375	1.10745388631308e-07
0.8375	-8.43060720485456e-08
0.8375	-5.2122507827069e-08
0.840625	2.14361048521822e-08
0.840625	1.79170208811499e-08
0.84375	-4.04359617237552e-09
0.84375	-4.95337975746461e-09
0.846875	2.8800970449708e-10
0.846875	1.06845970469717e-09
0.85	1.9532810736471e-10
0.85	-1.37156619049517e-10
0.853125	-1.27516805741185e-10
0.853125	-1.95759033878692e-11
0.85625	5.02678141581841e-11
0.85625	2.20127662315339e-11
0.859375	-1.55513161240322e-11
0.859375	-9.94960961071168e-12
0.8625	3.82220135762912e-12
0.8625	3.29950671516637e-12
0.865625	-7.15306316852112e-13
0.865625	-9.20505506755755e-13
0.86875	1.59680026114649e-14
0.86875	1.68816294940274e-13
0.871875	2.53959390918e-14
0.871875	-3.80655200584969e-14
0.875	-3.76208581084334e-14
0.875	-1.75565726335236e-14
0.878125	9.21668811003706e-16
0.878125	-3.54386222768029e-15
0.88125	-6.80160372337151e-15
0.88125	-6.32229632553103e-15
0.884375	-3.00069422212331e-15
0.884375	-2.57846102309868e-15
0.8875	-1.70603314387366e-17
0.8875	2.09368077228824e-16
0.890625	1.82194840748729e-17
0.890625	-1.25355131336924e-16
0.89375	-8.83240812274461e-17
0.89375	1.9041946875006e-16
0.896875	-1.85675249990483e-16
0.896875	9.46595449110825e-17
0.9	-6.01594921147564e-18
0.9	3.50829812293695e-17
0.903125	-1.08471811097068e-16
0.903125	1.7174901021383e-16
0.90625	-1.98331794396749e-16
0.90625	7.1727999435686e-17
0.909375	6.81671876168385e-17
0.909375	-1.76005787857767e-17
0.9125	-1.02913623571553e-16
0.9125	1.74730690937802e-16
0.915625	-1.86290657125396e-16
0.915625	9.34163511892771e-17
0.91875	5.2379378406494e-18
0.91875	2.53843105686302e-17
0.921875	-1.05333703492872e-16
0.921875	1.71792968274847e-16
0.925	-1.98277536594703e-16
0.925	7.2319275579644e-17
0.928125	6.68812695953531e-17
0.928125	-1.16315050716803e-17
0.93125	-1.13218532039486e-16
0.93125	1.70049424450958e-16
0.934375	-1.64455298306841e-16
0.934375	6.85975050294633e-17
0.9375	2.4463225175854e-17
0.9375	1.54816398407967e-17
0.940625	-1.01956869960107e-16
0.940625	1.72596946208005e-16
0.94375	-1.99999407396246e-16
0.94375	9.29658077621937e-17
0.946875	2.77690224659743e-17
0.946875	5.13493290273619e-18
0.95	-9.84063033855347e-17
0.95	1.51451453538278e-16
0.953125	-1.57860918449629e-16
0.953125	6.19380196027887e-17
0.95625	3.71896116997288e-17
0.95625	6.33437385470453e-18
0.959375	-9.94221750604007e-17
0.959375	1.60147847830999e-16
0.9625	-1.74329619998757e-16
0.9625	1.00339535180094e-16
0.965625	-1.92585642775435e-17
0.965625	3.87763833426357e-17
0.96875	-9.88346878590029e-17
0.96875	1.55415353110053e-16
0.971875	-1.81966866102921e-16
0.971875	1.14910873549851e-16
0.975	-3.45791245003373e-17
0.975	5.59526706696211e-17
0.978125	-1.17492091363663e-16
0.978125	1.61364506698006e-16
0.98125	-1.74467211685326e-16
0.98125	1.00477951296169e-16
0.984375	-1.99373384133547e-17
0.984375	5.32540440544594e-17
0.9875	-1.26841056136971e-16
0.9875	1.69495710537103e-16
0.990625	-1.75356858895974e-16
0.990625	1.05013687730021e-16
0.99375	-3.17399423846373e-17
0.99375	2.87401019905762e-17
0.996875	-6.23771342692068e-17
0.996875	1.7818795151089e-16
1	-2.77180252613262e-16
0	0
0.003125	0
0.003125	0
0.00625	0
0.00625	0
0.009375	0
0.009375	0
0.0125	0
0.0125	0
0.015625	0
0.015625	0
0.01875	0
0.01875	0
0.021875	0
0.021875	0
0.025	0
0.025	0
0.028125	0
0.028125	0
0.03125	0
0.03125	0
0.034375	0
0.034375	7.10542735760101e-14
0.0375	7.10542735760101e-14
0.0375	0
0.040625	0
0.040625	4.26325641456063e-13
0.04375	4.26325641456063e-13
0.04375	0
0.046875	0
0.046875	1.70530256582424e-12
0.05	1.70530256582424e-12
0.05	3.48165940522459e-12
0.053125	3.48165940522459e-12
0.053125	1.34647848426544e-11
0.05625	1.34647848426544e-11
0.05625	1.26476606965285e-11
0.059375	1.26476606965285e-11
0.059375	0
0.0625	0
0.0625	1.05373487713288e-10
0.065625	1.05373487713288e-10
0.065625	5.10169684275342e-11
0.06875	5.10169684275342e-11
0.06875	0
0.071875	0
0.071875	1.31386457270251e-09
0.075	1.31386457270251e-09
0.075	3.2683900031015e-09
0.078125	3.2683900031015e-09
0.078125	5.11121811523278e-09
0.08125	5.11121811523278e-09
0.08125	0
0.084375	0
0.084375	2.5827304743662e-08
0.0875	2.5827304743662e-08
0.0875	2.38558328614854e-08
0.090625	2.38558328614854e-08
0.090625	2.3246485609003e-07
0.09375	2.3246485609003e-07
0.09375	0
0.096875	0
0.096875	2.78716499547465e-07
0.1	2.78716499547465e-07
0.1	1.21887352951311e-07
0.103125	1.21887352951311e-07
0.103125	4.56642945951799e-06
0.10625	4.56642945951799e-06
0.10625	0
0.109375	0
0.109375	2.85406257452535e-06
0.1125	2.85406257452535e-06
0.1125	2.7633054093296e-06
0.115625	2.7633054093296e-06
0.115625	6.31952401188552e-05
0.11875	6.31952401188552e-05
0.11875	0
0.121875	0
0.121875	6.08302310075642e-05
0.125	6.08302310075642e-05
0.125	5.02726793335323e-05
0.128125	5.02726793335323e-05
0.128125	0.000487057209170113
0.13125	0.000487057209170113
0.13125	0
0.134375	0
0.134375	0.0012817629558307
0.1375	0.0012817629558307
0.1375	0.00052549737551437
0.140625	0.00052549737551437
0.140625	0.000816840199040631
0.14375	0.000816840199040631
0.14375	0.00897777383141131
0.146875	0.00897777383141131
0.146875	0
0.15	0
0.15	0.0176035269716553
0.153125	0.0176035269716553
0.153125	7.46459490830814e-05
0.15625	7.46459490830814e-05
0.15625	0.00970455846932778
0.159375	0.00970455846932778
0.159375	0.0106984168567735
0.1625	0.0106984168567735
0.1625	0.0868056499312071
0.165625	0.0868056499312071
0.165625	0.156097001204412
0.16875	0.156097001204412
0.16875	0
0.171875	0
0.171875	0.160678828079485
0.175	0.160678828079485
0.175	0.121305847841592
0.178125	0.121305847841592
0.178125	0.0739859859694064
0.18125	0.0739859859694064
0.18125	0.0379076543459905
0.184375	0.0379076543459905
0.184375	0.016002840914629
0.1875	0.016002840914629
0.1875	0.00456734656667525
0.190625	0.00456734656667525
0.190625	0.000690591206559157
0.19375	0.000690591206559157
0.19375	0.00279556038268437
0.196875	0.00279556038268437
0.196875	0.00350653855429699
0.2	0.00350653855429699
0.2	0.00372948532732844
0.203125	0.00372948532732844
0.203125	0.00387155990946599
0.20625	0.00387155990946599
0.20625	0.00407544603534062
0.209375	0.00407544603534062
0.209375	0.00436081962086216
0.2125	0.00436081962086216
0.2125	0.00470416481097285
0.215625	0.00470416481097285
0.215625	0.0050763966712825
0.21875	0.0050763966712825
0.21875	0.00545574469666996
0.221875	0.00545574469666996
0.221875	0.00582816427445928
0.225	0.00582816427445928
0.225	0.00618465025526814
0.228125	0.00618465025526814
0.228125	0.00651936013909351
0.23125	0.00651936013909351
0.23125	0.00682941830567588
0.234375	0.00682941830567588
0.234375	0.00711521467551138
0.2375	0.00711521467551138
0.2375	0.00737995477671978
0.240625	0.00737995477671978
0.240625	0.00762807881273882
0.24375	0.00762807881273882
0.24375	0.00786315402174157
0.246875	0.00786315402174157
0.246875	0.00808658035434434
0.25	0.00808658035434434
0.25	0.00829820061408077
0.253125	0.00829820061408077
0.253125	0.00849902234095637
0.25625	0.00849902234095637
0.25625	0.00869479202385027
0.259375	0.00869479202385027
0.259375	0.00889810140816708
0.2625	0.00889810140816708
0.2625	0.0091266571029129
0.265625	0.0091266571029129
0.265625	0.00939684799725
0.26875	0.00939684799725
0.26875	0.00971433875638334
0.271875	0.00971433875638334
0.271875	0.0100659059269399
0.275	0.0100659059269399
0.275	0.010417542260406
0.278125	0.010417542260406
0.278125	0.010721937868469
0.28125	0.010721937868469
0.28125	0.0109341080602127
0.284375	0.0109341080602127
0.284375	0.0110290481892087
0.2875	0.0110290481892087
0.2875	0.0110127869184743
0.290625	0.0110127869184743
0.290625	0.0109204605242513
0.29375	0.0109204605242513
0.29375	0.0108019736730691
0.296875	0.0108019736730691
0.296875	0.0107039988282375
0.3	0.0107039988282375
0.3	0.0106612714162819
0.303125	0.0106612714162819
0.303125	0.0107069463008014
0.30625	0.0107069463008014
0.30625	0.0109026748342783
0.309375	0.0109026748342783
0.309375	0.0113805572050591
0.3125	0.0113805572050591
0.3125	0.0123902074347636
0.315625	0.0123902074347636
0.315625	0.0143645053118115
0.31875	0.0143645053118115
0.31875	0.0180705923605258
0.321875	0.0180705923605258
0.321875	0.0250113925524014
0.325	0.0250113925524014
0.325	0.038295764600466
0.328125	0.038295764600466
0.328125	0.0635630273422792
0.33125	0.0635630273422792
0.33125	0.106658024054836
0.334375	0.106658024054836
0.334375	0.161154209861096
0.3375	0.161154209861096
0.3375	0.191400506796069
0.340625	0.191400506796069
0.340625	0.153283403608872
0.34375	0.153283403608872
0.34375	0.061132380197797
0.346875	0.061132380197797
0.346875	0.0128629714987708
0.35	0.0128629714987708
0.35	0.0300238387692645
0.353125	0.0300238387692645
0.353125	0.014449420073918
0.35625	0.014449420073918
0.35625	0.000159165688698649
0.359375	0.000159165688698649
0.359375	0.00293720939693991
0.3625	0.00293720939693991
0.3625	0.000799531473094979
0.365625	0.000799531473094979
0.365625	0.000738931353831194
0.36875	0.000738931353831194
0.36875	0.00069918418957476
0.371875	0.00069918418957476
0.371875	0.000283428064002643
0.375	0.000283428064002643
0.375	0.000261009318522465
0.378125	0.000261009318522465
0.378125	0.000534272792897481
0.38125	0.000534272792897481
0.38125	0.000692632828410543
0.384375	0.000692632828410543
0.384375	0.00045579288384865
0.3875	0.00045579288384865
0.3875	7.36921798339383e-05
0.390625	7.36921798339383e-05
0.390625	0.000391394542309301
0.39375	0.000391394542309301
0.39375	0.000120952764606331
0.396875	0.000120952764606331
0.396875	0.000388897081957217
0.4	0.000388897081957217
0.4	0.000430858797908382
0.403125	0.000430858797908382
0.403125	4.31657653649501e-05
0.40625	4.31657653649501e-05
0.40625	0.00031005578058721
0.409375	0.00031005578058721
0.409375	4.10184114734355e-05
0.4125	4.10184114734355e-05
0.4125	0.000464147341704346
0.415625	0.000464147341704346
0.415625	0.000279974084613572
0.41875	0.000279974084613572
0.41875	0.000273453217773144
0.421875	0.000273453217773144
0.421875	0.000378512262035346
0.425	0.000378512262035346
0.425	0.00012861083858852
0.428125	0.00012861083858852
0.428125	0.000493962337739467
0.43125	0.000493962337739467
0.43125	0.000163026318287106
0.434375	0.000163026318287106
0.434375	0.000389051051545195
0.4375	0.000389051051545195
0.4375	0.000350492063431867
0.440625	0.000350492063431867
0.440625	0.000229512581401078
0.44375	0.000229512581401078
0.44375	0.000502297956043269
0.446875	0.000502297956043269
0.446875	6.74844716729638e-05
0.45	6.74844716729638e-05
0.45	0.000453529615408653
0.453125	0.000453529615408653
0.453125	0.000390691958723891
0.45625	0.000390691958723891
0.45625	2.46520098489492e-05
0.459375	2.46520098489492e-05
0.459375	0.000225670532533306
0.4625	0.000225670532533306
0.4625	0.000238258527947028
0.465625	0.000238258527947028
0.465625	0.000323934695352206
0.46875	0.000323934695352206
0.46875	0.000258657635745637
0.471875	0.000258657635745637
0.471875	0.00019968730089275
0.475	0.00019968730089275
0.475	0.000577745270775634
0.478125	0.000577745270775634
0.478125	0.000269692346390325
0.48125	0.000269692346390325
0.48125	0.000403692525738697
0.484375	0.000403692525738697
0.484375	0.000514488830048077
0.4875	0.000514488830048077
0.4875	0.000104287403997744
0.490625	0.000104287403997744
0.490625	0.000573373707948219
0.49375	0.000573373707948219
0.49375	0.000308217053591693
0.496875	0.000308217053591693
0.496875	0.000165381206211348
0.5	0.000165381206211348
0.5	0.000242417658645219
0.503125	0.000242417658645219
0.503125	0.000184705190349299
0.50625	0.000184705190349299
0.50625	0.000327266732993017
0.509375	0.000327266732993017
0.509375	0.000262129987009007
0.5125	0.000262129987009007
0.5125	0.000291967505132919
0.515625	0.000291967505132919
0.515625	0.000660468848978725
0.51875	0.000660468848978725
0.51875	0.000281910019646317
0.521875	0.000281910019646317
0.521875	0.000250577390037182
0.525	0.000250577390037182
0.525	0.000267176819363139
0.528125	0.000267176819363139
0.528125	0.000132190346043551
0.53125	0.000132190346043551
0.53125	0.000303902951519744
0.534375	0.000303902951519744
0.534375	0.000348321476508573
0.5375	0.000348321476508573
0.5375	0.000233731670662699
0.540625	0.000233731670662699
0.540625	0.000894459090199225
0.54375	0.000894459090199225
0.54375	0.000550066448489872
0.546875	0.000550066448489872
0.546875	0.00070030416867214
0.55	0.00070030416867214
0.55	0.00118655424254466
0.553125	0.00118655424254466
0.553125	5.69640688538916e-05
0.55625	5.69640688538916e-05
0.55625	0.00106669074164152
0.559375	0.00106669074164152
0.559375	0.00065959163943511
0.5625	0.00065959163943511
0.5625	0.000264083378743599
0.565625	0.000264083378743599
0.565625	0.000369169390706801
0.56875	0.000369169390706801
0.56875	0.000194525732526177
0.571875	0.000194525732526177
0.571875	0.000393235485253043
0.575	0.000393235485253043
0.575	0.000284469547771453
0.578125	0.000284469547771453
0.578125	0.00049589043400024
0.58125	0.00049589043400024
0.58125	0.000827788495255374
0.584375	0.000827788495255374
0.584375	7.59849915564273e-05
0.5875	7.59849915564273e-05
0.5875	0.000516398646796773
0.590625	0.000516398646796773
0.590625	0.000183488516459122
0.59375	0.000183488516459122
0.59375	1.57718771727301e-05
0.596875	1.57718771727301e-05
0.596875	0.000407337566410175
0.6	0.000407337566410175
0.6	0.000383343124835621
0.603125	0.000383343124835621
0.603125	0.000532811838842483
0.60625	0.000532811838842483
0.60625	0.000968175423041242
0.609375	0.000968175423041242
0.609375	4.39889423898647e-05
0.6125	4.39889423898647e-05
0.6125	0.000673510716794801
0.615625	0.000673510716794801
0.615625	0.000144686036300991
0.61875	0.000144686036300991
0.61875	0.000125744454802522
0.621875	0.000125744454802522
0.621875	0.000478525382072968
0.625	0.000478525382072968
0.625	0.000425344583544955
0.628125	0.000425344583544955
0.628125	0.000656875631917811
0.63125	0.000656875631917811
0.63125	0.00096636096184364
0.634375	0.00096636096184364
0.634375	0.000174776897689609
0.6375	0.000174776897689609
0.6375	0.00100706280186674
0.640625	0.00100706280186674
0.640625	0.000453787546768414
0.64375	0.000453787546768414
0.64375	0.000736996173991142
0.646875	0.000736996173991142
0.646875	0.00100124176956977
0.65	0.00100124176956977
0.65	0.000304413491674127
0.653125	0.000304413491674127
0.653125	0.000801135995911163
0.65625	0.000801135995911163
0.65625	0.000309376653729333
0.659375	0.000309376653729333
0.659375	0.000411812194342099
0.6625	0.000411812194342099
0.6625	0.000178553290639887
0.665625	0.000178553290639887
0.665625	0.00195374407905433
0.66875	0.00195374407905433
0.66875	0.00527715739386966
0.671875	0.00527715739386966
0.671875	0.00751407346589663
0.675	0.00751407346589663
0.675	0.00525820080576219
0.678125	0.00525820080576219
0.678125	0.000358984924207939
0.68125	0.000358984924207939
0.68125	0.0038741216099243
0.684375	0.0038741216099243
0.684375	0.00861043047869241
0.6875	0.00861043047869241
0.6875	0.0107059230205389
0.690625	0.0107059230205389
0.690625	0.00747021361198463
0.69375	0.00747021361198463
0.69375	0.00253040565417196
0.696875	0.00253040565417196
0.696875	0.00184071202419378
0.7	0.00184071202419378
0.7	0.00259680173786937
0.703125	0.00259680173786937
0.703125	0.00198403486765332
0.70625	0.00198403486765332
0.70625	0.00445926527167107
0.709375	0.00445926527167107
0.709375	0.00301595673876664
0.7125	0.00301595673876664
0.7125	0.000517722114019052
0.715625	0.000517722114019052
0.715625	0.000117123287907349
0.71875	0.000117123287907349
0.71875	0.000113496052829224
0.721875	0.000113496052829224
0.721875	0.00113278197545443
0.725	0.00113278197545443
0.725	0.000400516559149524
0.728125	0.000400516559149524
0.728125	0.00301800561020946
0.73125	0.00301800561020946
0.73125	0.00124309181143839
0.734375	0.00124309181143839
0.734375	0.00137794053573094
0.7375	0.00137794053573094
0.7375	0.0029951576719647
0.740625	0.0029951576719647
0.740625	0.0014421867867787
0.74375	0.0014421867867787
0.74375	0.000761700595399605
0.746875	0.000761700595399605
0.746875	0.000942197359508977
0.75	0.000942197359508977
0.75	0.00174466486463427
0.753125	0.00174466486463427
0.753125	0.00367525546725073
0.75625	0.00367525546725073
0.75625	0.00131000808354985
0.759375	0.00131000808354985
0.759375	0.000636313715314407
0.7625	0.000636313715314407
0.7625	0.00132879404108506
0.765625	0.00132879404108506
0.765625	0.0075260664112056
0.76875	0.0075260664112056
0.76875	0.0182415208006294
0.771875	0.0182415208006294
0.771875	0.024196008327389
0.775	0.024196008327389
0.775	0.0256123290674417
0.778125	0.0256123290674417
0.778125	0.0259836195207441
0.78125	0.0259836195207441
0.78125	0.0124201395101781
0.784375	0.0124201395101781
0.784375	0.0847249288952487
0.7875	0.0847249288952487
0.7875	0.289621485712744
0.790625	0.289621485712744
0.790625	0.66209019081515
0.79375	0.66209019081515
0.79375	1.98803845740638
0.796875	1.98803845740638
0.796875	29.1648835248437
0.8	29.1648835248437
0.8	93.7120701960847
0.803125	93.7120701960847
0.803125	58.9147145103843
0.80625	58.9147145103843
0.80625	4.22831195381076
0.809375	4.22831195381076
0.809375	0
0.8125	0
0.8125	0.106842107128502
0.815625	0.106842107128502
0.815625	0
0.81875	0
0.81875	0.00210328744810449
0.821875	0.00210328744810449
0.821875	0
0.825	0
0.825	0.000778888896007733
0.828125	0.000778888896007733
0.828125	0.000234612881362206
0.83125	0.000234612881362206
0.83125	0
0.834375	0
0.834375	1.92934989957296e-05
0.8375	1.92934989957296e-05
0.8375	0
0.840625	0
0.840625	3.01667810077397e-07
0.84375	3.01667810077397e-07
0.84375	0
0.846875	0
0.846875	1.53908530333782e-07
0.85	1.53908530333782e-07
0.85	4.42418013354489e-08
0.853125	4.42418013354489e-08
0.853125	0
0.85625	0
0.85625	3.46997097721803e-09
0.859375	3.46997097721803e-09
0.859375	0
0.8625	0
0.8625	3.91509047403666e-11
0.865625	3.91509047403666e-11
0.865625	0
0.86875	0
0.86875	3.026912054338e-11
0.871875	3.026912054338e-11
0.871875	8.20676859802915e-12
0.875	8.20676859802915e-12
0.875	0
0.878125	0
0.878125	4.61852778244076e-13
0.88125	4.61852778244076e-13
0.88125	0
0.884375	0
0.884375	1.42108547152023e-13
0.8875	1.42108547152023e-13
0.8875	0
0.890625	0
0.890625	0
0.89375	0
0.89375	0
0.896875	0
0.896875	0
0.9	0
0.9	0
0.903125	0
0.903125	0
0.90625	0
0.90625	0
0.909375	0
0.909375	3.55271367880058e-14
0.9125	3.55271367880058e-14
0.9125	0
0.915625	0
0.915625	0
0.91875	0
0.91875	0
0.921875	0
0.921875	0
0.925	0
0.925	0
0.928125	0
0.928125	3.55271367880045e-14
0.93125	3.55271367880045e-14
0.93125	0
0.934375	0
0.934375	0
0.9375	0
0.9375	3.55271367880045e-14
0.940625	3.55271367880045e-14
0.940625	0
0.94375	0
0.94375	0
0.946875	0
0.946875	0
0.95	0
0.95	0
0.953125	0
0.953125	0
0.95625	0
0.95625	3.55271367880058e-14
0.959375	3.55271367880058e-14
0.959375	0
0.9625	0
0.9625	0
0.965625	0
0.965625	0
0.96875	0
0.96875	0
0.971875	0
0.971875	0
0.975	0
0.975	0
0.978125	0
0.978125	0
0.98125	0
0.98125	0
0.984375	0
0.984375	0
0.9875	0
0.9875	0
0.990625	0
0.990625	0
0.99375	0
0.99375	0
0.996875	0
0.996875	0
1	0
