2	1
320
0	1.99999999998977
0.00625	1.99999999993511
0.00625	1.9999999999481
0.0125	2.00000000014031
0.0125	2.00000000019351
0.01875	2.00000000008524
0.01875	1.99999999987974
0.025	1.99999999892366
0.025	1.99999999905869
0.03125	2.00000000175601
0.03125	2.00000000268721
0.0375	2.00000000298598
0.0375	2.00000000037275
0.04375	1.99999998414673
0.04375	1.99999998372498
0.05	2.00000001010312
0.05	2.00000002508371
0.05625	2.00000007254699
0.05625	2.00000005138491
0.0625	1.99999984161988
0.0625	1.99999979456364
0.06875	1.99999981929862
0.06875	1.99999998453532
0.075	2.00000101385079
0.075	2.00000105595983
0.08125	1.99999992416356
0.08125	1.99999911442985
0.0875	1.99999518372052
0.0875	1.99999564351637
0.09375	2.00000335926677
0.09375	2.00000656105806
0.1	2.00002011730931
0.1	2.00001672028063
0.10625	1.9999801131099
0.10625	1.99996842451395
0.1125	1.99991788554899
0.1125	1.99993205770443
0.11875	2.00006998529796
0.11875	2.00011289317408
0.125	2.00033595747268
0.125	2.00029895300515
0.13125	1.99992248997254
0.13125	1.99976953285741
0.1375	1.99878152082326
0.1375	1.99879415139813
0.14375	1.99909996854989
0.14375	1.99953391106292
0.15	2.00271460489296
0.15	2.00311740902507
0.15625	2.00659645089281
0.15625	2.00619254745815
0.1625	2.00476997179989
0.1625	2.00361469620978
0.16875	1.99473634211096
0.16875	1.99354140299155
0.175	1.97845470687948
0.175	1.97766811044399
0.18125	1.9589199822828
0.18125	1.95854689249967
0.1875	1.93810970172983
0.1875	1.93799172715964
0.19375	1.91692609064059
0.19375	1.91692716957247
0.2	1.89567339658632
0.2	1.89571757805835
0.20625	1.87441127261162
0.20625	1.8744664882838
0.2125	1.85313216189645
0.2125	1.85318940188054
0.21875	1.83183161913483
0.21875	1.83189110438222
0.225	1.81052467470694
0.225	1.81058855910242
0.23125	1.78924014273547
0.23125	1.78930969666589
0.2375	1.76801029894796
0.2375	1.76808538482508
0.24375	1.7468628150943
0.24375	1.74694227776051
0.25	1.72581663288576
0.25	1.72589890118357
0.25625	1.70488169646844
0.25625	1.70496540961755
0.2625	1.6840621843833
0.2625	1.6841466733941
0.26875	1.66336155318031
0.26875	1.66344694160961
0.275	1.64278654020195
0.275	1.64287337607282
0.28125	1.62234772035285
0.28125	1.62243639787028
0.2875	1.60205713839215
0.2875	1.60214766833042
0.29375	1.58192717873114
0.29375	1.58201978017175
0.3	1.56197674595493
0.3	1.56207335480775
0.30625	1.54225020924735
0.30625	1.54235671795481
0.3125	1.5228544502879
0.3125	1.52298401692094
0.31875	1.50402717702027
0.31875	1.50420684002421
0.325	1.48627156296735
0.325	1.48655625485365
0.33125	1.47059346875342
0.33125	1.47107989327478
0.3375	1.45867094151197
0.3375	1.4594470259926
0.34375	1.45221164165408
0.34375	1.45315677555625
0.35	1.45105341497788
0.35	1.45175482510377
0.35625	1.45240732995249
0.35625	1.45261329583461
0.3625	1.45349561286042
0.3625	1.45341932525635
0.36875	1.45373382877098
0.36875	1.45365569115594
0.375	1.45368455686529
0.375	1.45366737039634
0.38125	1.45367253215323
0.38125	1.45367482566446
0.3875	1.45369028444668
0.3875	1.45368989782337
0.39375	1.45370053436803
0.39375	1.45370021028055
0.4	1.45371848952595
0.4	1.4537214971203
0.40625	1.4537605711545
0.40625	1.45376367452138
0.4125	1.45380920821016
0.4125	1.45380766716489
0.41875	1.45383221982964
0.41875	1.45382750335702
0.425	1.453830056862
0.425	1.45382838079944
0.43125	1.45383247689157
0.43125	1.45383417733619
0.4375	1.45384592347535
0.4375	1.45384603125593
0.44375	1.45385211827031
0.44375	1.45385053779846
0.45	1.4538515327473
0.45	1.45385192492042
0.45625	1.4538608521229
0.45625	1.45386266445727
0.4625	1.4538771352539
0.4625	1.45387662352075
0.46875	1.45388036433983
0.46875	1.45387767744141
0.475	1.45386840535749
0.475	1.4538673797087
0.48125	1.45386123547036
0.48125	1.4538632938827
0.4875	1.45387309868805
0.4875	1.45387575538419
0.49375	1.45389140623287
0.49375	1.45388991267519
0.5	1.45388361288311
0.5	1.45387859833208
0.50625	1.45385741888885
0.50625	1.45385937621749
0.5125	1.45387652167145
0.5125	1.45388604755705
0.51875	1.45394002972753
0.51875	1.45393965769877
0.525	1.45394595305115
0.525	1.45393159633109
0.53125	1.45386167088986
0.53125	1.45385480942229
0.5375	1.45380318581616
0.5375	1.4538163899438
0.54375	1.45385978891107
0.54375	1.45387365977587
0.55	1.45394495059126
0.55	1.45393849217715
0.55625	1.45393512190415
0.55625	1.4539205196763
0.5625	1.45386440315913
0.5625	1.45386413106781
0.56875	1.45384478704651
0.56875	1.45385490759738
0.575	1.4538791911372
0.575	1.45388101000613
0.58125	1.45388939598319
0.58125	1.45388404471272
0.5875	1.45387138457649
0.5875	1.45387127747465
0.59375	1.45386838829499
0.59375	1.4538709744795
0.6	1.45388112949155
0.6	1.45388219909746
0.60625	1.45389602078191
0.60625	1.45389205265025
0.6125	1.45388348347868
0.6125	1.4538763771394
0.61875	1.45386613367492
0.61875	1.45387941580892
0.625	1.45392207420752
0.625	1.45395204301563
0.63125	1.45393482630555
0.63125	1.45394645377395
0.6375	1.45371085849158
0.6375	1.45370776180817
0.64375	1.45333440367167
0.64375	1.45332985975172
0.65	1.45301758943543
0.65	1.45300446621955
0.65625	1.45284850998262
0.65625	1.45282269297213
0.6625	1.45277954094918
0.6625	1.45275872639186
0.66875	1.45280773207285
0.66875	1.45281514100126
0.675	1.45292302864655
0.675	1.45293398358421
0.68125	1.45299756880163
0.68125	1.45300646258914
0.6875	1.45302145933543
0.6875	1.4530276920513
0.69375	1.45296469985744
0.69375	1.4529545536683
0.7	1.45285260007642
0.7	1.45286207970542
0.70625	1.45285423259507
0.70625	1.45287648474985
0.7125	1.45288239301629
0.7125	1.45285486974851
0.71875	1.45267897129759
0.71875	1.45267043079148
0.725	1.45255980312166
0.725	1.45255967013154
0.73125	1.45252449879124
0.73125	1.45255410278187
0.7375	1.45253754376941
0.7375	1.45250582015964
0.74375	1.45253346798161
0.74375	1.45255866824372
0.75	1.45225633615689
0.75	1.45224488419459
0.75625	1.45256406134906
0.75625	1.45253834472497
0.7625	1.45202764340638
0.7625	1.45226895242226
0.76875	1.45272917872198
0.76875	1.45198303908303
0.775	1.45110045452676
0.775	1.45228497346162
0.78125	1.45347788283236
0.78125	1.45342241011118
0.7875	1.45176508948727
0.7875	1.46083311507184
0.79375	1.41890370524138
0.79375	1.38375627456147
0.8	1.32860834217854
0.8	1.16286122637829
0.80625	1.10836363989408
0.80625	1.0202106538696
0.8125	0.998522905341607
0.8125	0.994922292129584
0.81875	1.00096318322053
0.81875	1.00133677527489
0.825	0.999982780123823
0.825	0.999732943970231
0.83125	0.999927324886445
0.83125	1.00002566646645
0.8375	1.00003978958158
0.8375	1.00000946152378
0.84375	0.999985304226694
0.84375	0.999992816950307
0.85	1.0000043141157
0.85	1.0000029661279
0.85625	0.999998992917762
0.85625	0.999999056762194
0.8625	1.00000015918233
0.8625	1.00000024137586
0.86875	1.00000000276092
0.86875	0.999999954043201
0.875	0.999999984879845
0.875	1.00000000344735
0.88125	1.0000000077165
0.88125	1.00000000213287
0.8875	0.999999997238553
0.8875	0.999999998581309
0.89375	1.00000000079027
0.89375	1.00000000056355
0.9	0.999999999821417
0.9	0.999999999825245
0.90625	1.00000000002598
0.90625	1.00000000004349
0.9125	1.00000000000169
0.9125	0.999999999992142
0.91875	0.999999999996847
0.91875	1.00000000000037
0.925	1.0000000000015
0.925	1.00000000000047
0.93125	0.999999999999471
0.93125	0.999999999999708
0.9375	1.00000000000014
0.9375	1.0000000000001
0.94375	0.999999999999964
0.94375	0.999999999999963
0.95	1
0.95	1
0.95625	0.999999999999998
0.95625	0.999999999999996
0.9625	0.999999999999998
0.9625	0.999999999999999
0.96875	1
0.96875	1
0.975	1
0.975	1
0.98125	1
0.98125	1
0.9875	1
0.9875	1
0.99375	1
0.99375	1
1	1
0	4.53102932012165e-11
0.00625	2.87433655219462e-10
0.00625	2.29892635653869e-10
0.0125	-6.21515505119943e-10
0.0125	-8.57172825189574e-10
0.01875	-3.77565327438413e-10
0.01875	5.32658830125035e-10
0.025	4.76755124851076e-09
0.025	4.16945111931902e-09
0.03125	-7.77819276791897e-09
0.03125	-1.19029005491388e-08
0.0375	-1.32262921623431e-08
0.0375	-1.65112291472104e-09
0.04375	7.0221184008789e-08
0.04375	7.2089318716359e-08
0.05	-4.47512703818961e-08
0.05	-1.11107014753053e-07
0.05625	-3.21343105119479e-07
0.05625	-2.27606732520686e-07
0.0625	7.01536239619892e-07
0.0625	9.09969375878287e-07
0.06875	8.00407031269979e-07
0.06875	6.85006005742201e-08
0.075	-4.49080010336876e-06
0.075	-4.67731933677266e-06
0.08125	3.35913409111795e-07
0.08125	3.92259242091358e-06
0.0875	2.13334155908789e-05
0.0875	1.92968362010028e-05
0.09375	-1.4879745613425e-05
0.09375	-2.90618292016811e-05
0.1	-8.91092251057681e-05
0.1	-7.40613346776579e-05
0.10625	8.80872557128717e-05
0.10625	0.000139861573531626
0.1125	0.000363710128315249
0.1125	0.000300954465022222
0.11875	-0.000310010997433726
0.11875	-0.000500049255116182
0.125	-0.00148829300545655
0.125	-0.00132426869241808
0.13125	0.000343313947457199
0.13125	0.00102125602717097
0.1375	0.00539471753165972
0.1375	0.00533918016774214
0.14375	0.00398478692494386
0.14375	0.00207043079653155
0.15	-0.0120372712864906
0.15	-0.013818453806634
0.15625	-0.0292909978189531
0.15625	-0.0274923015231189
0.1625	-0.0211665076935584
0.1625	-0.0159916817395414
0.16875	0.0232684334753403
0.16875	0.0286621445518245
0.175	0.0946587214954517
0.175	0.098280817480944
0.18125	0.179145622466179
0.18125	0.180981437002742
0.1875	0.267740365342125
0.1875	0.268489347347357
0.19375	0.356423752204595
0.19375	0.356676237892341
0.2	0.443866117798053
0.2	0.443945581938608
0.20625	0.529805017930908
0.20625	0.529845741612351
0.2125	0.614259381089182
0.2125	0.614298255589174
0.21875	0.697233683287313
0.21875	0.6972699203633
0.225	0.778657293293263
0.225	0.778682412570769
0.23125	0.858412576800073
0.23125	0.858421815581293
0.2375	0.936377908401904
0.2375	0.936371922768545
0.24375	1.01245751682886
0.24375	1.01244076643164
0.25	1.08659441309416
0.25	1.08657274659578
0.25625	1.15876789234735
0.25625	1.1587462358013
0.2625	1.22897950778316
0.2625	1.22896021328572
0.26875	1.29723439012833
0.26875	1.29721700327697
0.275	1.36352827664667
0.275	1.36351093827989
0.28125	1.42784699285475
0.28125	1.42782839289166
0.2875	1.49017508201854
0.2875	1.49015514594023
0.29375	1.55049970040276
0.29375	1.55047757203512
0.3	1.6087928942797
0.3	1.6087622156169
0.30625	1.66496078680667
0.30625	1.66490304997061
0.3125	1.71875155642339
0.3125	1.71862668691583
0.31875	1.76959591798531
0.31875	1.76932407847023
0.325	1.81630209006707
0.325	1.81572789724761
0.33125	1.85653333866418
0.33125	1.8554005643302
0.3375	1.88648976020775
0.3375	1.88459282669011
0.34375	1.90248800597853
0.34375	1.90016196475186
0.35	1.90533970570366
0.35	1.90361426577242
0.35625	1.90200603067273
0.35625	1.90149876426474
0.3625	1.89932086038902
0.3625	1.89950928930164
0.36875	1.89873234830388
0.36875	1.89892535467487
0.375	1.89885388511235
0.375	1.89889633728783
0.38125	1.89888341066105
0.38125	1.89887774667533
0.3875	1.89883938033278
0.3875	1.89884033706682
0.39375	1.89881387336876
0.39375	1.89881467533587
0.4	1.89876932322021
0.4	1.89876189597633
0.40625	1.89866516460056
0.40625	1.8986575011085
0.4125	1.89854479512195
0.4125	1.89854860433992
0.41875	1.89848771953552
0.41875	1.89849937379367
0.425	1.89849283206648
0.425	1.89849697491588
0.43125	1.89848661184636
0.43125	1.89848241258394
0.4375	1.89845313690619
0.4375	1.89845287250454
0.44375	1.89843756759453
0.44375	1.89844147469023
0.45	1.89843873884059
0.45	1.89843777219329
0.45625	1.89841542419271
0.45625	1.89841094877457
0.4625	1.89837488940536
0.4625	1.89837615642193
0.46875	1.89836659406035
0.46875	1.89837323575728
0.475	1.89839581008096
0.475	1.89839834717458
0.48125	1.89841317623991
0.48125	1.89840809362285
0.4875	1.89838349737913
0.4875	1.89837693664652
0.49375	1.89833787520156
0.49375	1.89834156924177
0.5	1.89835672450884
0.5	1.8983691190367
0.50625	1.89842101558142
0.50625	1.89841618406915
0.5125	1.89837336198446
0.5125	1.89834983136238
0.51875	1.8982159557328
0.51875	1.89821688018527
0.525	1.89820081015962
0.525	1.89823629531854
0.53125	1.89840852728526
0.53125	1.89842548820214
0.5375	1.89855245100936
0.5375	1.89851983758521
0.54375	1.89841199307718
0.54375	1.89837773149397
0.55	1.89820091213946
0.55	1.89821687993712
0.55625	1.89822450385967
0.55625	1.89826059960333
0.5625	1.89839849272665
0.5625	1.89839917274478
0.56875	1.89844613845725
0.56875	1.89842111220861
0.575	1.89836031951944
0.575	1.89835580230898
0.58125	1.89833450226805
0.58125	1.89834798327016
0.5875	1.89837818623941
0.5875	1.89837930530695
0.59375	1.8983818116306
0.59375	1.89837544362523
0.6	1.89834127723606
0.6	1.89833304105672
0.60625	1.89830417437814
0.60625	1.89830090088636
0.6125	1.89838762011744
0.6125	1.89840269597893
0.61875	1.8985584347254
0.61875	1.89857680337261
0.625	1.89847709776895
0.625	1.89853620602111
0.63125	1.8980238304498
0.63125	1.89816245250329
0.6375	1.89723650912557
0.6375	1.89732894472238
0.64375	1.89593127679019
0.64375	1.89586544947094
0.65	1.89429367652686
0.65	1.89413348494461
0.65625	1.89304217343574
0.65625	1.89292267813111
0.6625	1.89273781801431
0.6625	1.8927031449509
0.66875	1.8931143486431
0.66875	1.89311158091586
0.675	1.89357077227093
0.675	1.8936144945166
0.68125	1.89389560591789
0.68125	1.8939444933482
0.6875	1.893898441828
0.6875	1.89392088150756
0.69375	1.89373749296185
0.69375	1.89377252698524
0.7	1.8935537155795
0.7	1.89353630248837
0.70625	1.89304517731042
0.70625	1.89299888113564
0.7125	1.89242444019822
0.7125	1.89248996316124
0.71875	1.89233996162027
0.71875	1.89234126684199
0.725	1.89210143990465
0.725	1.89208016984996
0.73125	1.89178901179758
0.73125	1.89171170192231
0.7375	1.89145652545516
0.7375	1.891550756478
0.74375	1.89114641199726
0.74375	1.8911070216114
0.75	1.89139524548235
0.75	1.89144140235486
0.75625	1.89006927797429
0.75625	1.89015703179192
0.7625	1.89073261640544
0.7625	1.89021521751045
0.76875	1.88802736043501
0.76875	1.88944535511417
0.775	1.89102193476808
0.775	1.88663492864529
0.78125	1.89167267784944
0.78125	1.90869181051336
0.7875	1.8876367915753
0.7875	1.90661488138142
0.79375	1.7012766480182
0.79375	1.73554538981988
0.8	0.775627123217296
0.8	0.811596623124575
0.80625	-0.0131505948925803
0.80625	0.0854563473566958
0.8125	-0.0312455035470856
0.8125	-0.0158433781554708
0.81875	0.00299104671171473
0.81875	0.00419179793396191
0.825	-5.60097790950455e-05
0.825	-0.000836211181711618
0.83125	-0.000227668576020543
0.83125	8.03919305332388e-05
0.8375	0.000124626828149736
0.8375	2.96367214619985e-05
0.84375	-4.6029617416532e-05
0.84375	-2.24978527174583e-05
0.85	1.35121485691867e-05
0.85	9.29021908584856e-06
0.85625	-3.15429248702827e-06
0.85625	-2.95430543641358e-06
0.8625	4.98572836264727e-07
0.8625	7.56011555864535e-07
0.86875	8.64739134619536e-09
0.86875	-1.43940894694042e-07
0.875	-4.73576990748569e-08
0.875	1.07974358086575e-08
0.88125	2.41687902437489e-08
0.88125	6.68036773847618e-09
0.8875	-8.64909134083349e-09
0.8875	-4.44345493697112e-09
0.89375	2.47520587620977e-09
0.89375	1.7651091864744e-09
0.9	-5.59324444039847e-10
0.9	-5.47332550977697e-10
0.90625	8.13778254752825e-11
0.90625	1.36222519321512e-10
0.9125	5.31700372411641e-12
0.9125	-2.46018159281293e-11
0.91875	-9.8668764266832e-12
0.91875	1.15686728588721e-12
0.925	4.70050096278508e-12
0.925	1.47978183767472e-12
0.93125	-1.65213046545499e-12
0.93125	-9.08783580285185e-13
0.9375	4.35827387773992e-13
0.9375	3.22669142193326e-13
0.94375	-1.07606059891834e-13
0.94375	-1.12399799630336e-13
0.95	1.62572208741159e-15
0.95	1.36564256353812e-14
0.95625	-3.41535951487877e-15
0.95625	-8.95891098685148e-15
0.9625	-5.57314268330445e-15
0.9625	-3.26107914780599e-15
0.96875	6.03167936911632e-16
0.96875	3.05908640672167e-16
0.975	-1.51640859720167e-16
0.975	3.63109717624824e-17
0.98125	-1.55143811636677e-16
0.98125	1.27673133609811e-16
0.9875	-4.0786035645849e-17
0.9875	5.12524804861479e-17
0.99375	-1.05162474308427e-16
0.99375	2.02794078339841e-16
1	-2.73470685460117e-16
0	1.16962439735562e-09
0.00625	1.16962439735562e-09
0.00625	3.72683217613291e-09
0.0125	3.72683217613291e-09
0.0125	0
0.01875	0
0.01875	3.09358583282128e-08
0.025	3.09358583282128e-08
0.025	6.92699231212674e-08
0.03125	6.92699231212674e-08
0.03125	3.85299898095049e-07
0.0375	3.85299898095049e-07
0.0375	0
0.04375	0
0.04375	1.2542133582355e-06
0.05	1.2542133582355e-06
0.05	2.91561640782595e-06
0.05625	2.91561640782595e-06
0.05625	0
0.0625	0
0.0625	8.00622321785913e-06
0.06875	8.00622321785913e-06
0.06875	7.01038696673186e-06
0.075	7.01038696673186e-06
0.075	0
0.08125	0
0.08125	0.000126057712654556
0.0875	0.000126057712654556
0.0875	0.000228523216648208
0.09375	0.000228523216648208
0.09375	0.000464565902414075
0.1	0.000464565902414075
0.1	0
0.10625	0
0.10625	0.00188762200710691
0.1125	0.00188762200710691
0.1125	0.00245981543022287
0.11875	0.00245981543022287
0.11875	0.00504806406298104
0.125	0.00504806406298104
0.125	0
0.13125	0
0.13125	0.024257983232727
0.1375	0.024257983232727
0.1375	0.000199801736817367
0.14375	0.000199801736817367
0.14375	8.03010304469656e-06
0.15	8.03010304469656e-06
0.15	0.0585152026785662
0.15625	0.0585152026785662
0.15625	0.181720871497135
0.1625	0.181720871497135
0.1625	0
0.16875	0
0.16875	0.194221454563463
0.175	0.194221454563463
0.175	0.130833722580556
0.18125	0.130833722580556
0.18125	0.0634682256150439
0.1875	0.0634682256150439
0.1875	0.0207348645452171
0.19375	0.0207348645452171
0.19375	0.000285305245518192
0.2	0.000285305245518192
0.2	0.00736110448867061
0.20625	0.00736110448867061
0.20625	0.00945716225927174
0.2125	0.00945716225927174
0.2125	0.00993813681324165
0.21875	0.00993813681324165
0.21875	0.0104390056010761
0.225	0.0104390056010761
0.225	0.0113348201341304
0.23125	0.0113348201341304
0.23125	0.0124891345989437
0.2375	0.0124891345989437
0.2375	0.0136533238862837
0.24375	0.0136533238862837
0.24375	0.0146361627112089
0.25	0.0146361627112089
0.25	0.0153489359386908
0.25625	0.0153489359386908
0.25625	0.0158178518399531
0.2625	0.0158178518399531
0.2625	0.0161643243641374
0.26875	0.0161643243641374
0.26875	0.0165383662081046
0.275	0.0165383662081046
0.275	0.0170274286289855
0.28125	0.0170274286289855
0.28125	0.0176079377428713
0.2875	0.0176079377428713
0.2875	0.018205177454469
0.29375	0.018205177454469
0.29375	0.0188561983006414
0.3	0.0188561983006414
0.3	0.0199074435692841
0.30625	0.0199074435692841
0.30625	0.0221881535050117
0.3125	0.0221881535050117
0.3125	0.0272607844777744
0.31875	0.0272607844777744
0.31875	0.0381497653536067
0.325	0.0381497653536067
0.325	0.060985448842873
0.33125	0.060985448842873
0.33125	0.105144325618315
0.3375	0.105144325618315
0.3375	0.16938781663983
0.34375	0.16938781663983
0.34375	0.208447810945534
0.35	0.208447810945534
0.35	0.156723390774846
0.35625	0.156723390774846
0.35625	0.0474532609299331
0.3625	0.0474532609299331
0.3625	0.016266335079664
0.36875	0.016266335079664
0.36875	0.0174838903082069
0.375	0.0174838903082069
0.375	0.00397812535594484
0.38125	0.00397812535594484
0.38125	0.000494011252737659
0.3875	0.000494011252737659
0.3875	7.23012835622181e-05
0.39375	7.23012835622181e-05
0.39375	8.4743249599403e-05
0.4	8.4743249599403e-05
0.4	0.000649638059732848
0.40625	0.000649638059732848
0.40625	0.000695985822324077
0.4125	0.000695985822324077
0.4125	0.000313764067394521
0.41875	0.000313764067394521
0.41875	0.00103840302526918
0.425	0.00103840302526918
0.425	0.000391690534925441
0.43125	0.000391690534925441
0.43125	0.000370663080795614
0.4375	0.000370663080795614
0.4375	3.750653518179e-05
0.44375	3.750653518179e-05
0.44375	0.000349515279938876
0.45	0.000349515279938876
0.45	7.33521083800826e-05
0.45625	7.33521083800826e-05
0.45625	0.000401618131517857
0.4625	0.000401618131517857
0.4625	9.70745511960533e-05
0.46875	9.70745511960533e-05
0.46875	0.000589947387957883
0.475	0.000589947387957883
0.475	0.000240256377574986
0.48125	0.000240256377574986
0.48125	0.000441523197535738
0.4875	0.000441523197535738
0.4875	0.000592553266703171
0.49375	0.000592553266703171
0.49375	0.000300863148235661
0.5	0.000300863148235661
0.5	0.00110831055979871
0.50625	0.00110831055979871
0.50625	0.000377192991054638
0.5125	0.000377192991054638
0.5125	0.00209679512618201
0.51875	0.00209679512618201
0.51875	3.09234471648606e-07
0.525	3.09234471648606e-07
0.525	0.0031335076322192
0.53125	0.0031335076322192
0.53125	0.00159964507121496
0.5375	0.00159964507121496
0.5375	0.00283598740678722
0.54375	0.00283598740678722
0.54375	0.00311924796793786
0.55	0.00311924796793786
0.55	0.0013277492838469
0.55625	0.0013277492838469
0.55625	0.00324051961117356
0.5625	0.00324051961117356
0.5625	0.000143292862853867
0.56875	0.000143292862853867
0.56875	0.00222761694470652
0.575	0.00222761694470652
0.575	0.000459228807568118
0.58125	0.000459228807568118
0.58125	0.00118032324176218
0.5875	0.00118032324176218
0.5875	5.17289820924204e-05
0.59375	5.17289820924204e-05
0.59375	0.000566898640887212
0.6	0.000566898640887212
0.6	0.000229360781390273
0.60625	0.000229360781390273
0.60625	0.000840013899479348
0.6125	0.000840013899479348
0.6125	0.00154004537619523
0.61875	0.00154004537619523
0.61875	0.00293230275705992
0.625	0.00293230275705992
0.625	0.00674971891630013
0.63125	0.00674971891630013
0.63125	0.00263337798989132
0.6375	0.00263337798989132
0.6375	0.000934879521330839
0.64375	0.000934879521330839
0.64375	0.0012846633780825
0.65	0.0012846633780825
0.65	0.00293569343778794
0.65625	0.00293569343778794
0.65625	0.0055050472219771
0.6625	0.0055050472219771
0.6625	0.00448428434962621
0.66875	0.00448428434962621
0.66875	0.00169144435006654
0.675	0.00169144435006654
0.675	0.00249903405207996
0.68125	0.00249903405207996
0.68125	0.00188114963820669
0.6875	0.00188114963820669
0.6875	0.00139913322450238
0.69375	0.00139913322450238
0.69375	0.00228152979263924
0.7	0.00228152979263924
0.7	0.00198854254746674
0.70625	0.00198854254746674
0.70625	0.00492986000019427
0.7125	0.00492986000019427
0.7125	0.00579363186423854
0.71875	0.00579363186423854
0.71875	0.00226522154609711
0.725	0.00226522154609711
0.725	7.96496620981984e-05
0.73125	7.96496620981984e-05
0.73125	0.00670969129010091
0.7375	0.00670969129010091
0.7375	0.00756541604166041
0.74375	0.00756541604166041
0.74375	0.00726532529298523
0.75	0.00726532529298523
0.75	0.00609468043858091
0.75625	0.00609468043858091
0.75625	9.88489103925176e-05
0.7625	9.88489103925176e-05
0.7625	0.0454171295790803
0.76875	0.0454171295790803
0.76875	0.157623643030778
0.775	0.157623643030778
0.775	0.260958638795804
0.78125	0.260958638795804
0.78125	0.0162915692591409
0.7875	0.0162915692591409
0.7875	2.05375840354299
0.79375	2.05375840354299
0.79375	9.44855803805421
0.8	9.44855803805421
0.8	47.4006100764175
0.80625	47.4006100764175
0.80625	12.8131293815284
0.8125	12.8131293815284
0.8125	0
0.81875	0
0.81875	0.0752948708973495
0.825	0.0752948708973495
0.825	0.028910307758808
0.83125	0.028910307758808
0.83125	0
0.8375	0
0.8375	0.00586828993458233
0.84375	0.00586828993458233
0.84375	0
0.85	0
0.85	0.000256982004178244
0.85625	0.000256982004178244
0.85625	0
0.8625	0
0.8625	1.63172417358929e-05
0.86875	1.63172417358929e-05
0.86875	5.49119529371307e-06
0.875	5.49119529371307e-06
0.875	0
0.88125	0
0.88125	1.08016681882696e-06
0.8875	1.08016681882696e-06
0.8875	0
0.89375	0
0.89375	4.31196589473481e-08
0.9	4.31196589473481e-08
0.9	0
0.90625	0
0.90625	3.46807027532759e-09
0.9125	3.46807027532759e-09
0.9125	1.04733999251623e-09
0.91875	1.04733999251623e-09
0.91875	0
0.925	0
0.925	1.98507876802994e-10
0.93125	1.98507876802994e-10
0.93125	0
0.9375	0
0.9375	6.78568312650879e-12
0.94375	6.78568312650879e-12
0.94375	0
0.95	0
0.95	6.57252030578083e-13
0.95625	6.57252030578083e-13
0.95625	2.13162820728031e-13
0.9625	2.13162820728031e-13
0.9625	0
0.96875	0
0.96875	0
0.975	0
0.975	0
0.98125	0
0.98125	0
0.9875	0
0.9875	0
0.99375	0
0.99375	0
1	0
