swe.320
1.1
0
321
0
0.003125
0.00625
0.009375
0.0125
0.015625
0.01875
0.021875
0.025
0.028125
0.03125
0.034375
0.0375
0.040625
0.04375
0.046875
0.05
0.053125
0.05625
0.059375
0.0625
0.065625
0.06875
0.071875
0.075
0.078125
0.08125
0.084375
0.0875
0.090625
0.09375
0.096875
0.1
0.103125
0.10625
0.109375
0.1125
0.115625
0.11875
0.121875
0.125
0.128125
0.13125
0.134375
0.1375
0.140625
0.14375
0.146875
0.15
0.153125
0.15625
0.159375
0.1625
0.165625
0.16875
0.171875
0.175
0.178125
0.18125
0.184375
0.1875
0.190625
0.19375
0.196875
0.2
0.203125
0.20625
0.209375
0.2125
0.215625
0.21875
0.221875
0.225
0.228125
0.23125
0.234375
0.2375
0.240625
0.24375
0.246875
0.25
0.253125
0.25625
0.259375
0.2625
0.265625
0.26875
0.271875
0.275
0.278125
0.28125
0.284375
0.2875
0.290625
0.29375
0.296875
0.3
0.303125
0.30625
0.309375
0.3125
0.315625
0.31875
0.321875
0.325
0.328125
0.33125
0.334375
0.3375
0.340625
0.34375
0.346875
0.35
0.353125
0.35625
0.359375
0.3625
0.365625
0.36875
0.371875
0.375
0.378125
0.38125
0.384375
0.3875
0.390625
0.39375
0.396875
0.4
0.403125
0.40625
0.409375
0.4125
0.415625
0.41875
0.421875
0.425
0.428125
0.43125
0.434375
0.4375
0.440625
0.44375
0.446875
0.45
0.453125
0.45625
0.459375
0.4625
0.465625
0.46875
0.471875
0.475
0.478125
0.48125
0.484375
0.4875
0.490625
0.49375
0.496875
0.5
0.503125
0.50625
0.509375
0.5125
0.515625
0.51875
0.521875
0.525
0.528125
0.53125
0.534375
0.5375
0.540625
0.54375
0.546875
0.55
0.553125
0.55625
0.559375
0.5625
0.565625
0.56875
0.571875
0.575
0.578125
0.58125
0.584375
0.5875
0.590625
0.59375
0.596875
0.6
0.603125
0.60625
0.609375
0.6125
0.615625
0.61875
0.621875
0.625
0.628125
0.63125
0.634375
0.6375
0.640625
0.64375
0.646875
0.65
0.653125
0.65625
0.659375
0.6625
0.665625
0.66875
0.671875
0.675
0.678125
0.68125
0.684375
0.6875
0.690625
0.69375
0.696875
0.7
0.703125
0.70625
0.709375
0.7125
0.715625
0.71875
0.721875
0.725
0.728125
0.73125
0.734375
0.7375
0.740625
0.74375
0.746875
0.75
0.753125
0.75625
0.759375
0.7625
0.765625
0.76875
0.771875
0.775
0.778125
0.78125
0.784375
0.7875
0.790625
0.79375
0.796875
0.8
0.803125
0.80625
0.809375
0.8125
0.815625
0.81875
0.821875
0.825
0.828125
0.83125
0.834375
0.8375
0.840625
0.84375
0.846875
0.85
0.853125
0.85625
0.859375
0.8625
0.865625
0.86875
0.871875
0.875
0.878125
0.88125
0.884375
0.8875
0.890625
0.89375
0.896875
0.9
0.903125
0.90625
0.909375
0.9125
0.915625
0.91875
0.921875
0.925
0.928125
0.93125
0.934375
0.9375
0.940625
0.94375
0.946875
0.95
0.953125
0.95625
0.959375
0.9625
0.965625
0.96875
0.971875
0.975
0.978125
0.98125
0.984375
0.9875
0.990625
0.99375
0.996875
1
320
1	2
2	3
3	4
4	5
5	6
6	7
7	8
8	9
9	10
10	11
11	12
12	13
13	14
14	15
15	16
16	17
17	18
18	19
19	20
20	21
21	22
22	23
23	24
24	25
25	26
26	27
27	28
28	29
29	30
30	31
31	32
32	33
33	34
34	35
35	36
36	37
37	38
38	39
39	40
40	41
41	42
42	43
43	44
44	45
45	46
46	47
47	48
48	49
49	50
50	51
51	52
52	53
53	54
54	55
55	56
56	57
57	58
58	59
59	60
60	61
61	62
62	63
63	64
64	65
65	66
66	67
67	68
68	69
69	70
70	71
71	72
72	73
73	74
74	75
75	76
76	77
77	78
78	79
79	80
80	81
81	82
82	83
83	84
84	85
85	86
86	87
87	88
88	89
89	90
90	91
91	92
92	93
93	94
94	95
95	96
96	97
97	98
98	99
99	100
100	101
101	102
102	103
103	104
104	105
105	106
106	107
107	108
108	109
109	110
110	111
111	112
112	113
113	114
114	115
115	116
116	117
117	118
118	119
119	120
120	121
121	122
122	123
123	124
124	125
125	126
126	127
127	128
128	129
129	130
130	131
131	132
132	133
133	134
134	135
135	136
136	137
137	138
138	139
139	140
140	141
141	142
142	143
143	144
144	145
145	146
146	147
147	148
148	149
149	150
150	151
151	152
152	153
153	154
154	155
155	156
156	157
157	158
158	159
159	160
160	161
161	162
162	163
163	164
164	165
165	166
166	167
167	168
168	169
169	170
170	171
171	172
172	173
173	174
174	175
175	176
176	177
177	178
178	179
179	180
180	181
181	182
182	183
183	184
184	185
185	186
186	187
187	188
188	189
189	190
190	191
191	192
192	193
193	194
194	195
195	196
196	197
197	198
198	199
199	200
200	201
201	202
202	203
203	204
204	205
205	206
206	207
207	208
208	209
209	210
210	211
211	212
212	213
213	214
214	215
215	216
216	217
217	218
218	219
219	220
220	221
221	222
222	223
223	224
224	225
225	226
226	227
227	228
228	229
229	230
230	231
231	232
232	233
233	234
234	235
235	236
236	237
237	238
238	239
239	240
240	241
241	242
242	243
243	244
244	245
245	246
246	247
247	248
248	249
249	250
250	251
251	252
252	253
253	254
254	255
255	256
256	257
257	258
258	259
259	260
260	261
261	262
262	263
263	264
264	265
265	266
266	267
267	268
268	269
269	270
270	271
271	272
272	273
273	274
274	275
275	276
276	277
277	278
278	279
279	280
280	281
281	282
282	283
283	284
284	285
285	286
286	287
287	288
288	289
289	290
290	291
291	292
292	293
293	294
294	295
295	296
296	297
297	298
298	299
299	300
300	301
301	302
302	303
303	304
304	305
305	306
306	307
307	308
308	309
309	310
310	311
311	312
312	313
313	314
314	315
315	316
316	317
317	318
318	319
319	320
320	321
2
1	4
321	4
