swe.80
1.1
0
81
0
0.0125
0.025
0.0375
0.05
0.0625
0.075
0.0875
0.1
0.1125
0.125
0.1375
0.15
0.1625
0.175
0.1875
0.2
0.2125
0.225
0.2375
0.25
0.2625
0.275
0.2875
0.3
0.3125
0.325
0.3375
0.35
0.3625
0.375
0.3875
0.4
0.4125
0.425
0.4375
0.45
0.4625
0.475
0.4875
0.5
0.5125
0.525
0.5375
0.55
0.5625
0.575
0.5875
0.6
0.6125
0.625
0.6375
0.65
0.6625
0.675
0.6875
0.7
0.7125
0.725
0.7375
0.75
0.7625
0.775
0.7875
0.8
0.8125
0.825
0.8375
0.85
0.8625
0.875
0.8875
0.9
0.9125
0.925
0.9375
0.95
0.9625
0.975
0.9875
1
80
1	2
2	3
3	4
4	5
5	6
6	7
7	8
8	9
9	10
10	11
11	12
12	13
13	14
14	15
15	16
16	17
17	18
18	19
19	20
20	21
21	22
22	23
23	24
24	25
25	26
26	27
27	28
28	29
29	30
30	31
31	32
32	33
33	34
34	35
35	36
36	37
37	38
38	39
39	40
40	41
41	42
42	43
43	44
44	45
45	46
46	47
47	48
48	49
49	50
50	51
51	52
52	53
53	54
54	55
55	56
56	57
57	58
58	59
59	60
60	61
61	62
62	63
63	64
64	65
65	66
66	67
67	68
68	69
69	70
70	71
71	72
72	73
73	74
74	75
75	76
76	77
77	78
78	79
79	80
80	81
2
1	4
81	4
