swe.1280
1.1
0
1281
0
0.00078125
0.0015625
0.00234375
0.003125
0.00390625
0.0046875
0.00546875
0.00625
0.00703125
0.0078125
0.00859375
0.009375
0.01015625
0.0109375
0.01171875
0.0125
0.01328125
0.0140625
0.01484375
0.015625
0.01640625
0.0171875
0.01796875
0.01875
0.01953125
0.0203125
0.02109375
0.021875
0.02265625
0.0234375
0.02421875
0.025
0.02578125
0.0265625
0.02734375
0.028125
0.02890625
0.0296875
0.03046875
0.03125
0.03203125
0.0328125
0.03359375
0.034375
0.03515625
0.0359375
0.03671875
0.0375
0.03828125
0.0390625
0.03984375
0.040625
0.04140625
0.0421875
0.04296875
0.04375
0.04453125
0.0453125
0.04609375
0.046875
0.04765625
0.0484375
0.04921875
0.05
0.05078125
0.0515625
0.05234375
0.053125
0.05390625
0.0546875
0.05546875
0.05625
0.05703125
0.0578125
0.05859375
0.059375
0.06015625
0.0609375
0.06171875
0.0625
0.06328125
0.0640625
0.06484375
0.065625
0.06640625
0.0671875
0.06796875
0.06875
0.06953125
0.0703125
0.07109375
0.071875
0.07265625
0.0734375
0.07421875
0.075
0.07578125
0.0765625
0.07734375
0.078125
0.07890625
0.0796875
0.08046875
0.08125
0.08203125
0.0828125
0.08359375
0.084375
0.08515625
0.0859375
0.08671875
0.0875
0.08828125
0.0890625
0.08984375
0.090625
0.09140625
0.0921875
0.09296875
0.09375
0.09453125
0.0953125
0.09609375
0.096875
0.09765625
0.0984375
0.09921875
0.1
0.10078125
0.1015625
0.10234375
0.103125
0.10390625
0.1046875
0.10546875
0.10625
0.10703125
0.1078125
0.10859375
0.109375
0.11015625
0.1109375
0.11171875
0.1125
0.11328125
0.1140625
0.11484375
0.115625
0.11640625
0.1171875
0.11796875
0.11875
0.11953125
0.1203125
0.12109375
0.121875
0.12265625
0.1234375
0.12421875
0.125
0.12578125
0.1265625
0.12734375
0.128125
0.12890625
0.1296875
0.13046875
0.13125
0.13203125
0.1328125
0.13359375
0.134375
0.13515625
0.1359375
0.13671875
0.1375
0.13828125
0.1390625
0.13984375
0.140625
0.14140625
0.1421875
0.14296875
0.14375
0.14453125
0.1453125
0.14609375
0.146875
0.14765625
0.1484375
0.14921875
0.15
0.15078125
0.1515625
0.15234375
0.153125
0.15390625
0.1546875
0.15546875
0.15625
0.15703125
0.1578125
0.15859375
0.159375
0.16015625
0.1609375
0.16171875
0.1625
0.16328125
0.1640625
0.16484375
0.165625
0.16640625
0.1671875
0.16796875
0.16875
0.16953125
0.1703125
0.17109375
0.171875
0.17265625
0.1734375
0.17421875
0.175
0.17578125
0.1765625
0.17734375
0.178125
0.17890625
0.1796875
0.18046875
0.18125
0.18203125
0.1828125
0.18359375
0.184375
0.18515625
0.1859375
0.18671875
0.1875
0.18828125
0.1890625
0.18984375
0.190625
0.19140625
0.1921875
0.19296875
0.19375
0.19453125
0.1953125
0.19609375
0.196875
0.19765625
0.1984375
0.19921875
0.2
0.20078125
0.2015625
0.20234375
0.203125
0.20390625
0.2046875
0.20546875
0.20625
0.20703125
0.2078125
0.20859375
0.209375
0.21015625
0.2109375
0.21171875
0.2125
0.21328125
0.2140625
0.21484375
0.215625
0.21640625
0.2171875
0.21796875
0.21875
0.21953125
0.2203125
0.22109375
0.221875
0.22265625
0.2234375
0.22421875
0.225
0.22578125
0.2265625
0.22734375
0.228125
0.22890625
0.2296875
0.23046875
0.23125
0.23203125
0.2328125
0.23359375
0.234375
0.23515625
0.2359375
0.23671875
0.2375
0.23828125
0.2390625
0.23984375
0.240625
0.24140625
0.2421875
0.24296875
0.24375
0.24453125
0.2453125
0.24609375
0.246875
0.24765625
0.2484375
0.24921875
0.25
0.25078125
0.2515625
0.25234375
0.253125
0.25390625
0.2546875
0.25546875
0.25625
0.25703125
0.2578125
0.25859375
0.259375
0.26015625
0.2609375
0.26171875
0.2625
0.26328125
0.2640625
0.26484375
0.265625
0.26640625
0.2671875
0.26796875
0.26875
0.26953125
0.2703125
0.27109375
0.271875
0.27265625
0.2734375
0.27421875
0.275
0.27578125
0.2765625
0.27734375
0.278125
0.27890625
0.2796875
0.28046875
0.28125
0.28203125
0.2828125
0.28359375
0.284375
0.28515625
0.2859375
0.28671875
0.2875
0.28828125
0.2890625
0.28984375
0.290625
0.29140625
0.2921875
0.29296875
0.29375
0.29453125
0.2953125
0.29609375
0.296875
0.29765625
0.2984375
0.29921875
0.3
0.30078125
0.3015625
0.30234375
0.303125
0.30390625
0.3046875
0.30546875
0.30625
0.30703125
0.3078125
0.30859375
0.309375
0.31015625
0.3109375
0.31171875
0.3125
0.31328125
0.3140625
0.31484375
0.315625
0.31640625
0.3171875
0.31796875
0.31875
0.31953125
0.3203125
0.32109375
0.321875
0.32265625
0.3234375
0.32421875
0.325
0.32578125
0.3265625
0.32734375
0.328125
0.32890625
0.3296875
0.33046875
0.33125
0.33203125
0.3328125
0.33359375
0.334375
0.33515625
0.3359375
0.33671875
0.3375
0.33828125
0.3390625
0.33984375
0.340625
0.34140625
0.3421875
0.34296875
0.34375
0.34453125
0.3453125
0.34609375
0.346875
0.34765625
0.3484375
0.34921875
0.35
0.35078125
0.3515625
0.35234375
0.353125
0.35390625
0.3546875
0.35546875
0.35625
0.35703125
0.3578125
0.35859375
0.359375
0.36015625
0.3609375
0.36171875
0.3625
0.36328125
0.3640625
0.36484375
0.365625
0.36640625
0.3671875
0.36796875
0.36875
0.36953125
0.3703125
0.37109375
0.371875
0.37265625
0.3734375
0.37421875
0.375
0.37578125
0.3765625
0.37734375
0.378125
0.37890625
0.3796875
0.38046875
0.38125
0.38203125
0.3828125
0.38359375
0.384375
0.38515625
0.3859375
0.38671875
0.3875
0.38828125
0.3890625
0.38984375
0.390625
0.39140625
0.3921875
0.39296875
0.39375
0.39453125
0.3953125
0.39609375
0.396875
0.39765625
0.3984375
0.39921875
0.4
0.40078125
0.4015625
0.40234375
0.403125
0.40390625
0.4046875
0.40546875
0.40625
0.40703125
0.4078125
0.40859375
0.409375
0.41015625
0.4109375
0.41171875
0.4125
0.41328125
0.4140625
0.41484375
0.415625
0.41640625
0.4171875
0.41796875
0.41875
0.41953125
0.4203125
0.42109375
0.421875
0.42265625
0.4234375
0.42421875
0.425
0.42578125
0.4265625
0.42734375
0.428125
0.42890625
0.4296875
0.43046875
0.43125
0.43203125
0.4328125
0.43359375
0.434375
0.43515625
0.4359375
0.43671875
0.4375
0.43828125
0.4390625
0.43984375
0.440625
0.44140625
0.4421875
0.44296875
0.44375
0.44453125
0.4453125
0.44609375
0.446875
0.44765625
0.4484375
0.44921875
0.45
0.45078125
0.4515625
0.45234375
0.453125
0.45390625
0.4546875
0.45546875
0.45625
0.45703125
0.4578125
0.45859375
0.459375
0.46015625
0.4609375
0.46171875
0.4625
0.46328125
0.4640625
0.46484375
0.465625
0.46640625
0.4671875
0.46796875
0.46875
0.46953125
0.4703125
0.47109375
0.471875
0.47265625
0.4734375
0.47421875
0.475
0.47578125
0.4765625
0.47734375
0.478125
0.47890625
0.4796875
0.48046875
0.48125
0.48203125
0.4828125
0.48359375
0.484375
0.48515625
0.4859375
0.48671875
0.4875
0.48828125
0.4890625
0.48984375
0.490625
0.49140625
0.4921875
0.49296875
0.49375
0.49453125
0.4953125
0.49609375
0.496875
0.49765625
0.4984375
0.49921875
0.5
0.50078125
0.5015625
0.50234375
0.503125
0.50390625
0.5046875
0.50546875
0.50625
0.50703125
0.5078125
0.50859375
0.509375
0.51015625
0.5109375
0.51171875
0.5125
0.51328125
0.5140625
0.51484375
0.515625
0.51640625
0.5171875
0.51796875
0.51875
0.51953125
0.5203125
0.52109375
0.521875
0.52265625
0.5234375
0.52421875
0.525
0.52578125
0.5265625
0.52734375
0.528125
0.52890625
0.5296875
0.53046875
0.53125
0.53203125
0.5328125
0.53359375
0.534375
0.53515625
0.5359375
0.53671875
0.5375
0.53828125
0.5390625
0.53984375
0.540625
0.54140625
0.5421875
0.54296875
0.54375
0.54453125
0.5453125
0.54609375
0.546875
0.54765625
0.5484375
0.54921875
0.55
0.55078125
0.5515625
0.55234375
0.553125
0.55390625
0.5546875
0.55546875
0.55625
0.55703125
0.5578125
0.55859375
0.559375
0.56015625
0.5609375
0.56171875
0.5625
0.56328125
0.5640625
0.56484375
0.565625
0.56640625
0.5671875
0.56796875
0.56875
0.56953125
0.5703125
0.57109375
0.571875
0.57265625
0.5734375
0.57421875
0.575
0.57578125
0.5765625
0.57734375
0.578125
0.57890625
0.5796875
0.58046875
0.58125
0.58203125
0.5828125
0.58359375
0.584375
0.58515625
0.5859375
0.58671875
0.5875
0.58828125
0.5890625
0.58984375
0.590625
0.59140625
0.5921875
0.59296875
0.59375
0.59453125
0.5953125
0.59609375
0.596875
0.59765625
0.5984375
0.59921875
0.6
0.60078125
0.6015625
0.60234375
0.603125
0.60390625
0.6046875
0.60546875
0.60625
0.60703125
0.6078125
0.60859375
0.609375
0.61015625
0.6109375
0.61171875
0.6125
0.61328125
0.6140625
0.61484375
0.615625
0.61640625
0.6171875
0.61796875
0.61875
0.61953125
0.6203125
0.62109375
0.621875
0.62265625
0.6234375
0.62421875
0.625
0.62578125
0.6265625
0.62734375
0.628125
0.62890625
0.6296875
0.63046875
0.63125
0.63203125
0.6328125
0.63359375
0.634375
0.63515625
0.6359375
0.63671875
0.6375
0.63828125
0.6390625
0.63984375
0.640625
0.64140625
0.6421875
0.64296875
0.64375
0.64453125
0.6453125
0.64609375
0.646875
0.64765625
0.6484375
0.64921875
0.65
0.65078125
0.6515625
0.65234375
0.653125
0.65390625
0.6546875
0.65546875
0.65625
0.65703125
0.6578125
0.65859375
0.659375
0.66015625
0.6609375
0.66171875
0.6625
0.66328125
0.6640625
0.66484375
0.665625
0.66640625
0.6671875
0.66796875
0.66875
0.66953125
0.6703125
0.67109375
0.671875
0.67265625
0.6734375
0.67421875
0.675
0.67578125
0.6765625
0.67734375
0.678125
0.67890625
0.6796875
0.68046875
0.68125
0.68203125
0.6828125
0.68359375
0.684375
0.68515625
0.6859375
0.68671875
0.6875
0.68828125
0.6890625
0.68984375
0.690625
0.69140625
0.6921875
0.69296875
0.69375
0.69453125
0.6953125
0.69609375
0.696875
0.69765625
0.6984375
0.69921875
0.7
0.70078125
0.7015625
0.70234375
0.703125
0.70390625
0.7046875
0.70546875
0.70625
0.70703125
0.7078125
0.70859375
0.709375
0.71015625
0.7109375
0.71171875
0.7125
0.71328125
0.7140625
0.71484375
0.715625
0.71640625
0.7171875
0.71796875
0.71875
0.71953125
0.7203125
0.72109375
0.721875
0.72265625
0.7234375
0.72421875
0.725
0.72578125
0.7265625
0.72734375
0.728125
0.72890625
0.7296875
0.73046875
0.73125
0.73203125
0.7328125
0.73359375
0.734375
0.73515625
0.7359375
0.73671875
0.7375
0.73828125
0.7390625
0.73984375
0.740625
0.74140625
0.7421875
0.74296875
0.74375
0.74453125
0.7453125
0.74609375
0.746875
0.74765625
0.7484375
0.74921875
0.75
0.75078125
0.7515625
0.75234375
0.753125
0.75390625
0.7546875
0.75546875
0.75625
0.75703125
0.7578125
0.75859375
0.759375
0.76015625
0.7609375
0.76171875
0.7625
0.76328125
0.7640625
0.76484375
0.765625
0.76640625
0.7671875
0.76796875
0.76875
0.76953125
0.7703125
0.77109375
0.771875
0.77265625
0.7734375
0.77421875
0.775
0.77578125
0.7765625
0.77734375
0.778125
0.77890625
0.7796875
0.78046875
0.78125
0.78203125
0.7828125
0.78359375
0.784375
0.78515625
0.7859375
0.78671875
0.7875
0.78828125
0.7890625
0.78984375
0.790625
0.79140625
0.7921875
0.79296875
0.79375
0.79453125
0.7953125
0.79609375
0.796875
0.79765625
0.7984375
0.79921875
0.8
0.80078125
0.8015625
0.80234375
0.803125
0.80390625
0.8046875
0.80546875
0.80625
0.80703125
0.8078125
0.80859375
0.809375
0.81015625
0.8109375
0.81171875
0.8125
0.81328125
0.8140625
0.81484375
0.815625
0.81640625
0.8171875
0.81796875
0.81875
0.81953125
0.8203125
0.82109375
0.821875
0.82265625
0.8234375
0.82421875
0.825
0.82578125
0.8265625
0.82734375
0.828125
0.82890625
0.8296875
0.83046875
0.83125
0.83203125
0.8328125
0.83359375
0.834375
0.83515625
0.8359375
0.83671875
0.8375
0.83828125
0.8390625
0.83984375
0.840625
0.84140625
0.8421875
0.84296875
0.84375
0.84453125
0.8453125
0.84609375
0.846875
0.84765625
0.8484375
0.84921875
0.85
0.85078125
0.8515625
0.85234375
0.853125
0.85390625
0.8546875
0.85546875
0.85625
0.85703125
0.8578125
0.85859375
0.859375
0.86015625
0.8609375
0.86171875
0.8625
0.86328125
0.8640625
0.86484375
0.865625
0.86640625
0.8671875
0.86796875
0.86875
0.86953125
0.8703125
0.87109375
0.871875
0.87265625
0.8734375
0.87421875
0.875
0.87578125
0.8765625
0.87734375
0.878125
0.87890625
0.8796875
0.88046875
0.88125
0.88203125
0.8828125
0.88359375
0.884375
0.88515625
0.8859375
0.88671875
0.8875
0.88828125
0.8890625
0.88984375
0.890625
0.89140625
0.8921875
0.89296875
0.89375
0.89453125
0.8953125
0.89609375
0.896875
0.89765625
0.8984375
0.89921875
0.9
0.90078125
0.9015625
0.90234375
0.903125
0.90390625
0.9046875
0.90546875
0.90625
0.90703125
0.9078125
0.90859375
0.909375
0.91015625
0.9109375
0.91171875
0.9125
0.91328125
0.9140625
0.91484375
0.915625
0.91640625
0.9171875
0.91796875
0.91875
0.91953125
0.9203125
0.92109375
0.921875
0.92265625
0.9234375
0.92421875
0.925
0.92578125
0.9265625
0.92734375
0.928125
0.92890625
0.9296875
0.93046875
0.93125
0.93203125
0.9328125
0.93359375
0.934375
0.93515625
0.9359375
0.93671875
0.9375
0.93828125
0.9390625
0.93984375
0.940625
0.94140625
0.9421875
0.94296875
0.94375
0.94453125
0.9453125
0.94609375
0.946875
0.94765625
0.9484375
0.94921875
0.95
0.95078125
0.9515625
0.95234375
0.953125
0.95390625
0.9546875
0.95546875
0.95625
0.95703125
0.9578125
0.95859375
0.959375
0.96015625
0.9609375
0.96171875
0.9625
0.96328125
0.9640625
0.96484375
0.965625
0.96640625
0.9671875
0.96796875
0.96875
0.96953125
0.9703125
0.97109375
0.971875
0.97265625
0.9734375
0.97421875
0.975
0.97578125
0.9765625
0.97734375
0.978125
0.97890625
0.9796875
0.98046875
0.98125
0.98203125
0.9828125
0.98359375
0.984375
0.98515625
0.9859375
0.98671875
0.9875
0.98828125
0.9890625
0.98984375
0.990625
0.99140625
0.9921875
0.99296875
0.99375
0.99453125
0.9953125
0.99609375
0.996875
0.99765625
0.9984375
0.99921875
1
1280
1	2
2	3
3	4
4	5
5	6
6	7
7	8
8	9
9	10
10	11
11	12
12	13
13	14
14	15
15	16
16	17
17	18
18	19
19	20
20	21
21	22
22	23
23	24
24	25
25	26
26	27
27	28
28	29
29	30
30	31
31	32
32	33
33	34
34	35
35	36
36	37
37	38
38	39
39	40
40	41
41	42
42	43
43	44
44	45
45	46
46	47
47	48
48	49
49	50
50	51
51	52
52	53
53	54
54	55
55	56
56	57
57	58
58	59
59	60
60	61
61	62
62	63
63	64
64	65
65	66
66	67
67	68
68	69
69	70
70	71
71	72
72	73
73	74
74	75
75	76
76	77
77	78
78	79
79	80
80	81
81	82
82	83
83	84
84	85
85	86
86	87
87	88
88	89
89	90
90	91
91	92
92	93
93	94
94	95
95	96
96	97
97	98
98	99
99	100
100	101
101	102
102	103
103	104
104	105
105	106
106	107
107	108
108	109
109	110
110	111
111	112
112	113
113	114
114	115
115	116
116	117
117	118
118	119
119	120
120	121
121	122
122	123
123	124
124	125
125	126
126	127
127	128
128	129
129	130
130	131
131	132
132	133
133	134
134	135
135	136
136	137
137	138
138	139
139	140
140	141
141	142
142	143
143	144
144	145
145	146
146	147
147	148
148	149
149	150
150	151
151	152
152	153
153	154
154	155
155	156
156	157
157	158
158	159
159	160
160	161
161	162
162	163
163	164
164	165
165	166
166	167
167	168
168	169
169	170
170	171
171	172
172	173
173	174
174	175
175	176
176	177
177	178
178	179
179	180
180	181
181	182
182	183
183	184
184	185
185	186
186	187
187	188
188	189
189	190
190	191
191	192
192	193
193	194
194	195
195	196
196	197
197	198
198	199
199	200
200	201
201	202
202	203
203	204
204	205
205	206
206	207
207	208
208	209
209	210
210	211
211	212
212	213
213	214
214	215
215	216
216	217
217	218
218	219
219	220
220	221
221	222
222	223
223	224
224	225
225	226
226	227
227	228
228	229
229	230
230	231
231	232
232	233
233	234
234	235
235	236
236	237
237	238
238	239
239	240
240	241
241	242
242	243
243	244
244	245
245	246
246	247
247	248
248	249
249	250
250	251
251	252
252	253
253	254
254	255
255	256
256	257
257	258
258	259
259	260
260	261
261	262
262	263
263	264
264	265
265	266
266	267
267	268
268	269
269	270
270	271
271	272
272	273
273	274
274	275
275	276
276	277
277	278
278	279
279	280
280	281
281	282
282	283
283	284
284	285
285	286
286	287
287	288
288	289
289	290
290	291
291	292
292	293
293	294
294	295
295	296
296	297
297	298
298	299
299	300
300	301
301	302
302	303
303	304
304	305
305	306
306	307
307	308
308	309
309	310
310	311
311	312
312	313
313	314
314	315
315	316
316	317
317	318
318	319
319	320
320	321
321	322
322	323
323	324
324	325
325	326
326	327
327	328
328	329
329	330
330	331
331	332
332	333
333	334
334	335
335	336
336	337
337	338
338	339
339	340
340	341
341	342
342	343
343	344
344	345
345	346
346	347
347	348
348	349
349	350
350	351
351	352
352	353
353	354
354	355
355	356
356	357
357	358
358	359
359	360
360	361
361	362
362	363
363	364
364	365
365	366
366	367
367	368
368	369
369	370
370	371
371	372
372	373
373	374
374	375
375	376
376	377
377	378
378	379
379	380
380	381
381	382
382	383
383	384
384	385
385	386
386	387
387	388
388	389
389	390
390	391
391	392
392	393
393	394
394	395
395	396
396	397
397	398
398	399
399	400
400	401
401	402
402	403
403	404
404	405
405	406
406	407
407	408
408	409
409	410
410	411
411	412
412	413
413	414
414	415
415	416
416	417
417	418
418	419
419	420
420	421
421	422
422	423
423	424
424	425
425	426
426	427
427	428
428	429
429	430
430	431
431	432
432	433
433	434
434	435
435	436
436	437
437	438
438	439
439	440
440	441
441	442
442	443
443	444
444	445
445	446
446	447
447	448
448	449
449	450
450	451
451	452
452	453
453	454
454	455
455	456
456	457
457	458
458	459
459	460
460	461
461	462
462	463
463	464
464	465
465	466
466	467
467	468
468	469
469	470
470	471
471	472
472	473
473	474
474	475
475	476
476	477
477	478
478	479
479	480
480	481
481	482
482	483
483	484
484	485
485	486
486	487
487	488
488	489
489	490
490	491
491	492
492	493
493	494
494	495
495	496
496	497
497	498
498	499
499	500
500	501
501	502
502	503
503	504
504	505
505	506
506	507
507	508
508	509
509	510
510	511
511	512
512	513
513	514
514	515
515	516
516	517
517	518
518	519
519	520
520	521
521	522
522	523
523	524
524	525
525	526
526	527
527	528
528	529
529	530
530	531
531	532
532	533
533	534
534	535
535	536
536	537
537	538
538	539
539	540
540	541
541	542
542	543
543	544
544	545
545	546
546	547
547	548
548	549
549	550
550	551
551	552
552	553
553	554
554	555
555	556
556	557
557	558
558	559
559	560
560	561
561	562
562	563
563	564
564	565
565	566
566	567
567	568
568	569
569	570
570	571
571	572
572	573
573	574
574	575
575	576
576	577
577	578
578	579
579	580
580	581
581	582
582	583
583	584
584	585
585	586
586	587
587	588
588	589
589	590
590	591
591	592
592	593
593	594
594	595
595	596
596	597
597	598
598	599
599	600
600	601
601	602
602	603
603	604
604	605
605	606
606	607
607	608
608	609
609	610
610	611
611	612
612	613
613	614
614	615
615	616
616	617
617	618
618	619
619	620
620	621
621	622
622	623
623	624
624	625
625	626
626	627
627	628
628	629
629	630
630	631
631	632
632	633
633	634
634	635
635	636
636	637
637	638
638	639
639	640
640	641
641	642
642	643
643	644
644	645
645	646
646	647
647	648
648	649
649	650
650	651
651	652
652	653
653	654
654	655
655	656
656	657
657	658
658	659
659	660
660	661
661	662
662	663
663	664
664	665
665	666
666	667
667	668
668	669
669	670
670	671
671	672
672	673
673	674
674	675
675	676
676	677
677	678
678	679
679	680
680	681
681	682
682	683
683	684
684	685
685	686
686	687
687	688
688	689
689	690
690	691
691	692
692	693
693	694
694	695
695	696
696	697
697	698
698	699
699	700
700	701
701	702
702	703
703	704
704	705
705	706
706	707
707	708
708	709
709	710
710	711
711	712
712	713
713	714
714	715
715	716
716	717
717	718
718	719
719	720
720	721
721	722
722	723
723	724
724	725
725	726
726	727
727	728
728	729
729	730
730	731
731	732
732	733
733	734
734	735
735	736
736	737
737	738
738	739
739	740
740	741
741	742
742	743
743	744
744	745
745	746
746	747
747	748
748	749
749	750
750	751
751	752
752	753
753	754
754	755
755	756
756	757
757	758
758	759
759	760
760	761
761	762
762	763
763	764
764	765
765	766
766	767
767	768
768	769
769	770
770	771
771	772
772	773
773	774
774	775
775	776
776	777
777	778
778	779
779	780
780	781
781	782
782	783
783	784
784	785
785	786
786	787
787	788
788	789
789	790
790	791
791	792
792	793
793	794
794	795
795	796
796	797
797	798
798	799
799	800
800	801
801	802
802	803
803	804
804	805
805	806
806	807
807	808
808	809
809	810
810	811
811	812
812	813
813	814
814	815
815	816
816	817
817	818
818	819
819	820
820	821
821	822
822	823
823	824
824	825
825	826
826	827
827	828
828	829
829	830
830	831
831	832
832	833
833	834
834	835
835	836
836	837
837	838
838	839
839	840
840	841
841	842
842	843
843	844
844	845
845	846
846	847
847	848
848	849
849	850
850	851
851	852
852	853
853	854
854	855
855	856
856	857
857	858
858	859
859	860
860	861
861	862
862	863
863	864
864	865
865	866
866	867
867	868
868	869
869	870
870	871
871	872
872	873
873	874
874	875
875	876
876	877
877	878
878	879
879	880
880	881
881	882
882	883
883	884
884	885
885	886
886	887
887	888
888	889
889	890
890	891
891	892
892	893
893	894
894	895
895	896
896	897
897	898
898	899
899	900
900	901
901	902
902	903
903	904
904	905
905	906
906	907
907	908
908	909
909	910
910	911
911	912
912	913
913	914
914	915
915	916
916	917
917	918
918	919
919	920
920	921
921	922
922	923
923	924
924	925
925	926
926	927
927	928
928	929
929	930
930	931
931	932
932	933
933	934
934	935
935	936
936	937
937	938
938	939
939	940
940	941
941	942
942	943
943	944
944	945
945	946
946	947
947	948
948	949
949	950
950	951
951	952
952	953
953	954
954	955
955	956
956	957
957	958
958	959
959	960
960	961
961	962
962	963
963	964
964	965
965	966
966	967
967	968
968	969
969	970
970	971
971	972
972	973
973	974
974	975
975	976
976	977
977	978
978	979
979	980
980	981
981	982
982	983
983	984
984	985
985	986
986	987
987	988
988	989
989	990
990	991
991	992
992	993
993	994
994	995
995	996
996	997
997	998
998	999
999	1000
1000	1001
1001	1002
1002	1003
1003	1004
1004	1005
1005	1006
1006	1007
1007	1008
1008	1009
1009	1010
1010	1011
1011	1012
1012	1013
1013	1014
1014	1015
1015	1016
1016	1017
1017	1018
1018	1019
1019	1020
1020	1021
1021	1022
1022	1023
1023	1024
1024	1025
1025	1026
1026	1027
1027	1028
1028	1029
1029	1030
1030	1031
1031	1032
1032	1033
1033	1034
1034	1035
1035	1036
1036	1037
1037	1038
1038	1039
1039	1040
1040	1041
1041	1042
1042	1043
1043	1044
1044	1045
1045	1046
1046	1047
1047	1048
1048	1049
1049	1050
1050	1051
1051	1052
1052	1053
1053	1054
1054	1055
1055	1056
1056	1057
1057	1058
1058	1059
1059	1060
1060	1061
1061	1062
1062	1063
1063	1064
1064	1065
1065	1066
1066	1067
1067	1068
1068	1069
1069	1070
1070	1071
1071	1072
1072	1073
1073	1074
1074	1075
1075	1076
1076	1077
1077	1078
1078	1079
1079	1080
1080	1081
1081	1082
1082	1083
1083	1084
1084	1085
1085	1086
1086	1087
1087	1088
1088	1089
1089	1090
1090	1091
1091	1092
1092	1093
1093	1094
1094	1095
1095	1096
1096	1097
1097	1098
1098	1099
1099	1100
1100	1101
1101	1102
1102	1103
1103	1104
1104	1105
1105	1106
1106	1107
1107	1108
1108	1109
1109	1110
1110	1111
1111	1112
1112	1113
1113	1114
1114	1115
1115	1116
1116	1117
1117	1118
1118	1119
1119	1120
1120	1121
1121	1122
1122	1123
1123	1124
1124	1125
1125	1126
1126	1127
1127	1128
1128	1129
1129	1130
1130	1131
1131	1132
1132	1133
1133	1134
1134	1135
1135	1136
1136	1137
1137	1138
1138	1139
1139	1140
1140	1141
1141	1142
1142	1143
1143	1144
1144	1145
1145	1146
1146	1147
1147	1148
1148	1149
1149	1150
1150	1151
1151	1152
1152	1153
1153	1154
1154	1155
1155	1156
1156	1157
1157	1158
1158	1159
1159	1160
1160	1161
1161	1162
1162	1163
1163	1164
1164	1165
1165	1166
1166	1167
1167	1168
1168	1169
1169	1170
1170	1171
1171	1172
1172	1173
1173	1174
1174	1175
1175	1176
1176	1177
1177	1178
1178	1179
1179	1180
1180	1181
1181	1182
1182	1183
1183	1184
1184	1185
1185	1186
1186	1187
1187	1188
1188	1189
1189	1190
1190	1191
1191	1192
1192	1193
1193	1194
1194	1195
1195	1196
1196	1197
1197	1198
1198	1199
1199	1200
1200	1201
1201	1202
1202	1203
1203	1204
1204	1205
1205	1206
1206	1207
1207	1208
1208	1209
1209	1210
1210	1211
1211	1212
1212	1213
1213	1214
1214	1215
1215	1216
1216	1217
1217	1218
1218	1219
1219	1220
1220	1221
1221	1222
1222	1223
1223	1224
1224	1225
1225	1226
1226	1227
1227	1228
1228	1229
1229	1230
1230	1231
1231	1232
1232	1233
1233	1234
1234	1235
1235	1236
1236	1237
1237	1238
1238	1239
1239	1240
1240	1241
1241	1242
1242	1243
1243	1244
1244	1245
1245	1246
1246	1247
1247	1248
1248	1249
1249	1250
1250	1251
1251	1252
1252	1253
1253	1254
1254	1255
1255	1256
1256	1257
1257	1258
1258	1259
1259	1260
1260	1261
1261	1262
1262	1263
1263	1264
1264	1265
1265	1266
1266	1267
1267	1268
1268	1269
1269	1270
1270	1271
1271	1272
1272	1273
1273	1274
1274	1275
1275	1276
1276	1277
1277	1278
1278	1279
1279	1280
1280	1281
2
1	2
1281	2
