3	1
320
0	0.2
0.625	0.2
0.625	0.2
1.25	0.2
1.25	0.2
1.875	0.2
1.875	0.2
2.5	0.2
2.5	0.2
3.125	0.2
3.125	0.2
3.75	0.2
3.75	0.2
4.375	0.2
4.375	0.2
5	0.2
5	0.2
5.625	0.2
5.625	0.2
6.25	0.2
6.25	0.2
6.875	0.2
6.875	0.2
7.5	0.2
7.5	0.2
8.125	0.2
8.125	0.2
8.75	0.2
8.75	0.2
9.375	0.2
9.375	0.2
10	0.2
10	0.2
10.625	0.2
10.625	0.2
11.25	0.2
11.25	0.2
11.875	0.2
11.875	0.2
12.5	0.2
12.5	0.2
13.125	0.2
13.125	0.2
13.75	0.2
13.75	0.2
14.375	0.2
14.375	0.2
15	0.2
15	0.2
15.625	0.2
15.625	0.2
16.25	0.2
16.25	0.2
16.875	0.2
16.875	0.2
17.5	0.2
17.5	0.2
18.125	0.2
18.125	0.2
18.75	0.2
18.75	0.2
19.375	0.2
19.375	0.2
20	0.2
20	0.2
20.625	0.2
20.625	0.2
21.25	0.2
21.25	0.2
21.875	0.2
21.875	0.2
22.5	0.2
22.5	0.2
23.125	0.2
23.125	0.2
23.75	0.2
23.75	0.2
24.375	0.2
24.375	0.2
25	0.2
25	0.199999999999998
25.625	0.200000000000003
25.625	0.200000000006398
26.25	0.19999999998719
26.25	0.199999980966312
26.875	0.200000038099301
26.875	0.200027199910066
27.5	0.199946511371531
27.5	0.174440374586193
28.125	0.36571852191569
28.125	0.320209837935017
28.75	0.326809352769161
28.75	0.3234068525927
29.375	0.322610719793724
29.375	0.320570506343722
30	0.320671167546139
30	0.31836737403921
30.625	0.319673119955943
30.625	0.318447072094068
31.25	0.320911664704886
31.25	0.321648753636355
31.875	0.322483581814331
31.875	0.323088537262652
32.5	0.321191043318374
32.5	0.320795117560025
33.125	0.31942620370503
33.125	0.318624750391176
33.75	0.319467704991126
33.75	0.319198957721284
34.375	0.32094030351706
34.375	0.321702966222251
35	0.322107132212162
35	0.32272940125239
35.625	0.321039816263592
35.625	0.320572195456708
36.25	0.319384969515414
36.25	0.318696644676546
36.875	0.319737161167691
36.875	0.319632682549175
37.5	0.321037597110965
37.5	0.32170559597283
38.125	0.321901211868915
38.125	0.322497412855965
38.75	0.295300583686194
38.75	0.295834348922978
39.375	0.217245576192235
39.375	0.212864059009532
40	0.17225084391282
40	0.151177013221241
40.625	0.126574208018543
40.625	0.121346071619653
41.25	0.0992617179259106
41.25	0.0991063161942418
41.875	0.0932161169197783
41.875	0.0932077095664387
42.5	0.0925956299504928
42.5	0.0925199854255573
43.125	0.0921301801852874
43.125	0.0920098320479723
43.75	0.0922905232234058
43.75	0.0922835784694487
44.375	0.0929741674737757
44.375	0.0930563840544703
45	0.0934692128241862
45	0.0935632076220801
45.625	0.0934268964210322
45.625	0.093475891135673
46.25	0.0928669702770173
46.25	0.0927995004221623
46.875	0.0922507389441133
46.875	0.092138297171522
47.5	0.0921970433696057
47.5	0.0921519022915539
48.125	0.0927075128520608
48.125	0.0927490057223943
48.75	0.0933062221918219
48.75	0.0934048617975592
49.375	0.0935111831151373
49.375	0.0935859418924777
50	0.0931232379530269
50	0.0930960445975035
50.625	0.0924819263429228
50.625	0.0924630427976106
51.25	0.0922003984747931
51.25	0.0788504002153817
51.875	0.100697446738168
51.875	0.145595169112016
52.5	0.21110919674283
52.5	0.192126297051943
53.125	0.190840236111323
53.125	0.190880516225927
53.75	0.190744200496382
53.75	0.19069828462206
54.375	0.190821687895156
54.375	0.190800368493024
55	0.190799593346906
55	0.190696521328229
55.625	0.190766558952224
55.625	0.190659807510614
56.25	0.19121403354401
56.25	0.191297914084249
56.875	0.19165485297997
56.875	0.191756603009639
57.5	0.191112325496813
57.5	0.190951123106301
58.125	0.190172305171345
58.125	0.189896599733005
58.75	0.190349712929206
58.75	0.190320201914092
59.375	0.191544463143544
59.375	0.19176076511851
60	0.192055132314765
60	0.192148869268623
60.625	0.191069318633171
60.625	0.190823209904876
61.25	0.189996248362295
61.25	0.189731252657613
61.875	0.190411678360177
61.875	0.190442641522151
62.5	0.191630246273529
62.5	0.191826687011248
63.125	0.191967791029289
63.125	0.192005899449504
63.75	0.191094404875141
63.75	0.190892524893845
64.375	0.190313527972694
64.375	0.190134644946061
65	0.190602741700589
65	0.190610053951225
65.625	0.191371716135209
65.625	0.191456792239713
66.25	0.191649509231083
66.25	0.191661633828598
66.875	0.191302437569058
66.875	0.191222344178463
67.5	0.190861136681099
67.5	0.190761294307403
68.125	0.190736752883669
68.125	0.190661299695152
68.75	0.190944629903905
68.75	0.190909104462182
69.375	0.191314533702256
69.375	0.191334216695541
70	0.191559932216766
70	0.191595495553999
70.625	0.191374804624963
70.625	0.191326932709658
71.25	0.190855589886692
71.25	0.190707960469
71.875	0.190614546795754
71.875	0.190499030794091
72.5	0.191028422522491
72.5	0.191047935334999
73.125	0.191632558986832
73.125	0.191717945363816
73.75	0.191668625474795
73.75	0.191656939054009
74.375	0.191065211286119
74.375	0.190915372349655
75	0.190582826237052
75	0.190440476087182
75.625	0.19080306779807
75.625	0.190782037184912
76.25	0.191388640236309
76.25	0.191441510049984
76.875	0.191643030140918
76.875	0.191655379323546
77.5	0.191346134449925
77.5	0.191268378583833
78.125	0.190878179254667
78.125	0.190760448083763
78.75	0.190704579745826
78.75	0.19061496077041
79.375	0.190917665790081
79.375	0.190879388835903
80	0.191284830020324
80	0.191286795092245
80.625	0.191502232959317
80.625	0.191507851622998
81.25	0.191374938511862
81.25	0.191331578658974
81.875	0.190976390444938
81.875	0.190869589134084
82.5	0.190655905171073
82.5	0.190541043620575
83.125	0.190704876243521
83.125	0.190642073200649
83.75	0.191030620510371
83.75	0.191016137404981
84.375	0.191292514895875
84.375	0.19127753384894
85	0.191283083724785
85	0.191235707950452
85.625	0.191076482572293
85.625	0.191011687223504
86.25	0.190843612356295
86.25	0.190798183703461
86.875	0.190602962600692
86.875	0.190595585608644
87.5	0.190168462255412
87.5	0.190173150640061
88.125	0.189311919074154
88.125	0.189252299707676
88.75	0.188069795873349
88.75	0.187883409541871
89.375	0.186975230557122
89.375	0.186708179881745
90	0.186766505210702
90	0.18652726820491
90.625	0.187740514744376
90.625	0.187576263172146
91.25	0.189627879995172
91.25	0.189518323984534
91.875	0.192015246441829
91.875	0.191930412526387
92.5	0.194636594714975
92.5	0.194560870436832
93.125	0.19737570326126
93.125	0.1973039323648
93.75	0.200187315843003
93.75	0.200117180212081
94.375	0.203051395434579
94.375	0.202977989429102
95	0.20596536062193
95	0.205876881929147
95.625	0.208962840989196
95.625	0.208838472433278
96.25	0.212158524012375
96.25	0.211984731655353
96.875	0.215787939871408
96.875	0.215648049937982
97.5	0.220038822428227
97.5	0.220331014921454
98.125	0.224050663605966
98.125	0.225420116593403
98.75	0.223613000860387
98.75	0.224980746305583
99.375	0.21257481533497
99.375	0.210725550096439
100	0.198414014216328
0	0.28
0.625	0.28
0.625	0.28
1.25	0.28
1.25	0.28
1.875	0.28
1.875	0.28
2.5	0.28
2.5	0.28
3.125	0.28
3.125	0.28
3.75	0.28
3.75	0.28
4.375	0.28
4.375	0.28
5	0.28
5	0.28
5.625	0.28
5.625	0.28
6.25	0.28
6.25	0.28
6.875	0.28
6.875	0.28
7.5	0.28
7.5	0.28
8.125	0.28
8.125	0.28
8.75	0.28
8.75	0.28
9.375	0.28
9.375	0.28
10	0.28
10	0.28
10.625	0.28
10.625	0.28
11.25	0.28
11.25	0.28
11.875	0.28
11.875	0.28
12.5	0.28
12.5	0.28
13.125	0.28
13.125	0.28
13.75	0.28
13.75	0.28
14.375	0.28
14.375	0.28
15	0.28
15	0.28
15.625	0.28
15.625	0.28
16.25	0.28
16.25	0.28
16.875	0.28
16.875	0.28
17.5	0.28
17.5	0.28
18.125	0.28
18.125	0.28
18.75	0.28
18.75	0.28
19.375	0.28
19.375	0.28
20	0.28
20	0.28
20.625	0.28
20.625	0.28
21.25	0.28
21.25	0.28
21.875	0.28
21.875	0.28
22.5	0.28
22.5	0.28
23.125	0.28
23.125	0.28
23.75	0.28
23.75	0.28
24.375	0.28
24.375	0.28
25	0.28
25	0.28
25.625	0.28
25.625	0.279999999999996
26.25	0.280000000000009
26.25	0.280000000013194
26.875	0.279999999973271
26.875	0.280001989590111
27.5	0.279998794870575
27.5	0.319569611382245
28.125	0.143575954151531
28.125	0.209402696720773
28.75	0.205981101850225
28.75	0.210549214260386
29.375	0.20485531315189
29.375	0.20665052044745
30	0.200532762673037
30	0.201841355814739
30.625	0.199513444613991
30.625	0.199907284727735
31.25	0.205358115496593
31.25	0.206434663922508
31.875	0.209918885512655
31.875	0.210336156476536
32.5	0.206224318834051
32.5	0.205778797918094
33.125	0.201249290196446
33.125	0.200821042751023
33.75	0.201160629793306
33.75	0.201168206268571
34.375	0.206118344871981
34.375	0.206674609921951
35	0.209158232319087
35	0.209450618239267
35.625	0.205778125468897
35.625	0.205384846504185
36.25	0.201330250591504
36.25	0.200860513670044
36.875	0.201858839505776
36.875	0.202006128941136
37.5	0.206534326307711
37.5	0.207018401852536
38.125	0.208500964099224
38.125	0.208738411880899
38.75	0.205126369419514
38.75	0.206947440189761
39.375	0.199855868564184
39.375	0.203647292972829
40	0.200670600093967
40	0.203149817621344
40.625	0.205925283519081
40.625	0.206358323213566
41.25	0.207212544952756
41.25	0.207477311340392
41.875	0.206126502146721
41.875	0.206113788610763
42.5	0.204015484824134
42.5	0.203729526188544
43.125	0.202565817767333
43.125	0.202226585245401
43.75	0.203144469722148
43.75	0.203109423634055
44.375	0.205214263479936
44.375	0.205461795561437
45	0.206825273038731
45	0.207143948079906
45.625	0.20669888435683
45.625	0.206839521727255
46.25	0.204887408179421
46.25	0.204675283366549
46.875	0.202973041550001
46.875	0.202625992395882
47.5	0.20279069735429
47.5	0.202639634696306
48.125	0.204388171855195
48.125	0.204522902461689
48.75	0.206293375200542
48.75	0.206607153119774
49.375	0.206926818877911
49.375	0.207159808899802
50	0.205692948572897
50	0.205610291309969
50.625	0.203664952448872
50.625	0.203449563650624
51.25	0.202749463619955
51.25	0.186864915371283
51.875	0.213410965012816
51.875	0.248698703165211
52.5	0.255029403008856
52.5	0.257519354091339
53.125	0.25545446926939
53.125	0.255175182819086
53.75	0.254670424310561
53.75	0.254674826648792
54.375	0.254874283192294
54.375	0.254944395866495
55	0.254809498458522
55	0.254655255964603
55.625	0.254718265206382
55.625	0.254547412748387
56.25	0.255924254619043
56.25	0.256271840715652
56.875	0.257109093501607
56.875	0.257515199971305
57.5	0.255630718800848
57.5	0.255324098163067
58.125	0.253093031152762
58.125	0.252461516235225
58.75	0.253577193779258
58.75	0.253596427473269
59.375	0.256800524831172
59.375	0.257498852626575
60	0.258175991047105
60	0.258553998866315
60.625	0.255495161094799
60.625	0.254949839256619
61.25	0.25260399219633
61.25	0.251987935555846
61.875	0.253729734614357
61.875	0.253901937212164
62.5	0.257017847727588
62.5	0.257653604634789
63.125	0.257925013394826
63.125	0.258141057669904
63.75	0.255551286551543
63.75	0.255115254314419
64.375	0.253445489050251
64.375	0.253058257690435
65	0.254228403832842
65	0.254338705549024
65.625	0.25630271205592
65.625	0.25663226507217
66.25	0.257049107646466
66.25	0.257188334529574
66.875	0.256103469841987
66.875	0.255994680347798
67.5	0.254907770675901
67.5	0.254742533654567
68.125	0.254571373963825
68.125	0.254468345689202
68.75	0.255131887306392
68.75	0.255136379733785
69.375	0.256129446613672
69.375	0.25628776428678
70	0.256788923315214
70	0.256997504357624
70.625	0.256281696434417
70.625	0.25626841952217
71.25	0.254874522175373
71.25	0.254588279063909
71.875	0.254225353950346
71.875	0.254018690542267
72.5	0.255343349617516
72.5	0.255502805576174
73.125	0.256973893763728
73.125	0.257322035223664
73.75	0.257065115608836
73.75	0.257157604257329
74.375	0.255426877592028
74.375	0.255144648087093
75	0.254125175865065
75	0.253855717724439
75.625	0.254721203930996
75.625	0.254777507134542
76.25	0.256301454134029
76.25	0.256565621295577
76.875	0.256985190154953
76.875	0.257147917376811
77.5	0.256175838009914
77.5	0.256098109476068
78.125	0.254908094930092
78.125	0.254720606703399
78.75	0.254439444345153
78.75	0.254324918962709
79.375	0.255014329943937
79.375	0.255039533563392
80	0.256004484815894
80	0.256144190872094
80.625	0.256588671764667
80.625	0.256745757210382
81.25	0.256238900859352
81.25	0.256269035514188
81.875	0.255157162483976
81.875	0.2550170147227
82.5	0.254290715837164
82.5	0.254126650964723
83.125	0.254422739264503
83.125	0.254399038205134
83.75	0.255300534521561
83.75	0.255412384023955
84.375	0.256004973947418
84.375	0.2561225910929
85	0.255975059207166
85	0.256010966370445
85.625	0.255412286210854
85.625	0.255405581221184
86.25	0.254779206384249
86.25	0.254830101180514
86.875	0.254124247472415
86.875	0.254286687210475
87.5	0.252944634509629
87.5	0.253151933120972
88.125	0.250630876078378
88.125	0.250676467780316
88.75	0.247297167289538
88.75	0.247005205045747
89.375	0.244382756810988
89.375	0.243861766554594
90	0.243838826748709
90	0.243368993709317
90.625	0.246440308395264
90.625	0.246155029257543
91.25	0.251497948175192
91.25	0.251354991751157
91.875	0.257948682315178
91.875	0.257872699211186
92.5	0.265102799878318
92.5	0.265051976027102
93.125	0.272657411409989
93.125	0.272616844830148
93.75	0.280495255714175
93.75	0.28045790067202
94.375	0.288564591240517
94.375	0.288517815531429
95	0.296860768403407
95	0.296773987676554
95.625	0.305484042544154
95.625	0.305300647938819
96.25	0.314775749207079
96.25	0.314460115718829
96.875	0.325449820092289
96.875	0.325254907333108
97.5	0.338116753451212
97.5	0.339254229228494
98.125	0.350247424688709
98.125	0.354702013888878
98.75	0.348918691413029
98.75	0.353318807200928
99.375	0.31570609675255
99.375	0.310761815975079
100	0.275244288504814
0	-0.1
0.625	-0.1
0.625	-0.1
1.25	-0.1
1.25	-0.1
1.875	-0.1
1.875	-0.1
2.5	-0.1
2.5	-0.1
3.125	-0.1
3.125	-0.1
3.75	-0.1
3.75	-0.1
4.375	-0.1
4.375	-0.1
5	-0.1
5	-0.1
5.625	-0.1
5.625	-0.1
6.25	-0.1
6.25	-0.1
6.875	-0.1
6.875	-0.1
7.5	-0.1
7.5	-0.1
8.125	-0.1
8.125	-0.1
8.75	-0.1
8.75	-0.1
9.375	-0.1
9.375	-0.1
10	-0.1
10	-0.1
10.625	-0.1
10.625	-0.1
11.25	-0.1
11.25	-0.1
11.875	-0.1
11.875	-0.1
12.5	-0.1
12.5	-0.1
13.125	-0.1
13.125	-0.1
13.75	-0.1
13.75	-0.1
14.375	-0.1
14.375	-0.1
15	-0.1
15	-0.1
15.625	-0.1
15.625	-0.1
16.25	-0.1
16.25	-0.1
16.875	-0.1
16.875	-0.1
17.5	-0.1
17.5	-0.1
18.125	-0.1
18.125	-0.1
18.75	-0.1
18.75	-0.1
19.375	-0.1
19.375	-0.1
20	-0.1
20	-0.1
20.625	-0.1
20.625	-0.1
21.25	-0.1
21.25	-0.1
21.875	-0.1
21.875	-0.1
22.5	-0.1
22.5	-0.1
23.125	-0.1
23.125	-0.1
23.75	-0.1
23.75	-0.1
24.375	-0.1
24.375	-0.1
25	-0.1
25	-0.1
25.625	-0.1
25.625	-0.1
26.25	-0.1
26.25	-0.1
26.875	-0.1
26.875	-0.1
27.5	-0.1
27.5	-0.1
28.125	-0.1
28.125	-0.1
28.75	-0.1
28.75	-0.1
29.375	-0.1
29.375	-0.1
30	-0.1
30	-0.1
30.625	-0.1
30.625	-0.1
31.25	-0.1
31.25	-0.1
31.875	-0.1
31.875	-0.1
32.5	-0.1
32.5	-0.1
33.125	-0.1
33.125	-0.1
33.75	-0.1
33.75	-0.1
34.375	-0.1
34.375	-0.1
35	-0.1
35	-0.1
35.625	-0.1
35.625	-0.1
36.25	-0.1
36.25	-0.1
36.875	-0.1
36.875	-0.1
37.5	-0.1
37.5	-0.1
38.125	-0.1
38.125	-0.1
38.75	-0.078125
38.75	-0.078125
39.375	-0.01953125
39.375	-0.01953125
40	0
40	0
40.625	-0.01953125
40.625	-0.01953125
41.25	-0.078125
41.25	-0.078125
41.875	-0.1
41.875	-0.1
42.5	-0.1
42.5	-0.1
43.125	-0.1
43.125	-0.1
43.75	-0.1
43.75	-0.1
44.375	-0.1
44.375	-0.1
45	-0.1
45	-0.1
45.625	-0.1
45.625	-0.1
46.25	-0.1
46.25	-0.1
46.875	-0.1
46.875	-0.1
47.5	-0.1
47.5	-0.1
48.125	-0.1
48.125	-0.1
48.75	-0.1
48.75	-0.1
49.375	-0.1
49.375	-0.1
50	-0.1
50	-0.1
50.625	-0.1
50.625	-0.1
51.25	-0.1
51.25	-0.1
51.875	-0.1
51.875	-0.1
52.5	-0.1
52.5	-0.1
53.125	-0.1
53.125	-0.1
53.75	-0.1
53.75	-0.1
54.375	-0.1
54.375	-0.1
55	-0.1
55	-0.1
55.625	-0.1
55.625	-0.1
56.25	-0.1
56.25	-0.1
56.875	-0.1
56.875	-0.1
57.5	-0.1
57.5	-0.1
58.125	-0.1
58.125	-0.1
58.75	-0.1
58.75	-0.1
59.375	-0.1
59.375	-0.1
60	-0.1
60	-0.1
60.625	-0.1
60.625	-0.1
61.25	-0.1
61.25	-0.1
61.875	-0.1
61.875	-0.1
62.5	-0.1
62.5	-0.1
63.125	-0.1
63.125	-0.1
63.75	-0.1
63.75	-0.1
64.375	-0.1
64.375	-0.1
65	-0.1
65	-0.1
65.625	-0.1
65.625	-0.1
66.25	-0.1
66.25	-0.1
66.875	-0.1
66.875	-0.1
67.5	-0.1
67.5	-0.1
68.125	-0.1
68.125	-0.1
68.75	-0.1
68.75	-0.1
69.375	-0.1
69.375	-0.1
70	-0.1
70	-0.1
70.625	-0.1
70.625	-0.1
71.25	-0.1
71.25	-0.1
71.875	-0.1
71.875	-0.1
72.5	-0.1
72.5	-0.1
73.125	-0.1
73.125	-0.1
73.75	-0.1
73.75	-0.1
74.375	-0.1
74.375	-0.1
75	-0.1
75	-0.1
75.625	-0.1
75.625	-0.1
76.25	-0.1
76.25	-0.1
76.875	-0.1
76.875	-0.1
77.5	-0.1
77.5	-0.1
78.125	-0.1
78.125	-0.1
78.75	-0.1
78.75	-0.1
79.375	-0.1
79.375	-0.1
80	-0.1
80	-0.1
80.625	-0.1
80.625	-0.1
81.25	-0.1
81.25	-0.1
81.875	-0.1
81.875	-0.1
82.5	-0.1
82.5	-0.1
83.125	-0.1
83.125	-0.1
83.75	-0.1
83.75	-0.1
84.375	-0.1
84.375	-0.1
85	-0.1
85	-0.1
85.625	-0.1
85.625	-0.1
86.25	-0.1
86.25	-0.1
86.875	-0.1
86.875	-0.1
87.5	-0.1
87.5	-0.1
88.125	-0.1
88.125	-0.1
88.75	-0.1
88.75	-0.1
89.375	-0.1
89.375	-0.1
90	-0.1
90	-0.1
90.625	-0.1
90.625	-0.1
91.25	-0.1
91.25	-0.1
91.875	-0.1
91.875	-0.1
92.5	-0.1
92.5	-0.1
93.125	-0.1
93.125	-0.1
93.75	-0.1
93.75	-0.1
94.375	-0.1
94.375	-0.1
95	-0.1
95	-0.1
95.625	-0.1
95.625	-0.1
96.25	-0.1
96.25	-0.1
96.875	-0.1
96.875	-0.1
97.5	-0.1
97.5	-0.1
98.125	-0.1
98.125	-0.1
98.75	-0.1
98.75	-0.1
99.375	-0.1
99.375	-0.1
100	-0.1
0	0
0.625	0
0.625	0
1.25	0
1.25	0
1.875	0
1.875	0
2.5	0
2.5	0
3.125	0
3.125	0
3.75	0
3.75	0
4.375	0
4.375	0
5	0
5	0
5.625	0
5.625	0
6.25	0
6.25	0
6.875	0
6.875	0
7.5	0
7.5	0
8.125	0
8.125	0
8.75	0
8.75	0
9.375	0
9.375	0
10	0
10	0
10.625	0
10.625	0
11.25	0
11.25	0
11.875	0
11.875	0
12.5	0
12.5	0
13.125	0
13.125	0
13.75	0
13.75	0
14.375	0
14.375	0
15	0
15	0
15.625	0
15.625	0
16.25	0
16.25	0
16.875	0
16.875	0
17.5	0
17.5	0
18.125	0
18.125	0
18.75	0
18.75	0
19.375	0
19.375	0
20	0
20	0
20.625	0
20.625	0
21.25	0
21.25	0
21.875	0
21.875	0
22.5	0
22.5	0
23.125	0
23.125	0
23.75	0
23.75	0
24.375	0
24.375	0
25	0
25	0
25.625	0
25.625	0
26.25	0
26.25	0
26.875	0
26.875	0
27.5	0
27.5	0
28.125	0
28.125	0
28.75	0
28.75	0
29.375	0
29.375	0
30	0
30	0
30.625	0
30.625	0
31.25	0
31.25	0
31.875	0
31.875	0
32.5	0
32.5	0
33.125	0
33.125	0
33.75	0
33.75	0
34.375	0
34.375	0
35	0
35	0
35.625	0
35.625	0
36.25	0
36.25	0
36.875	0
36.875	0
37.5	0
37.5	0
38.125	0
38.125	0.021875
38.75	0.021875
38.75	0.05859375
39.375	0.05859375
39.375	0.01953125
40	0.01953125
40	-0.01953125
40.625	-0.01953125
40.625	-0.05859375
41.25	-0.05859375
41.25	-0.021875
41.875	-0.021875
41.875	0
42.5	0
42.5	0
43.125	0
43.125	0
43.75	0
43.75	0
44.375	0
44.375	0
45	0
45	0
45.625	0
45.625	0
46.25	0
46.25	0
46.875	0
46.875	0
47.5	0
47.5	0
48.125	0
48.125	0
48.75	0
48.75	0
49.375	0
49.375	0
50	0
50	0
50.625	0
50.625	0
51.25	0
51.25	0
51.875	0
51.875	0
52.5	0
52.5	0
53.125	0
53.125	0
53.75	0
53.75	0
54.375	0
54.375	0
55	0
55	0
55.625	0
55.625	0
56.25	0
56.25	0
56.875	0
56.875	0
57.5	0
57.5	0
58.125	0
58.125	0
58.75	0
58.75	0
59.375	0
59.375	0
60	0
60	0
60.625	0
60.625	0
61.25	0
61.25	0
61.875	0
61.875	0
62.5	0
62.5	0
63.125	0
63.125	0
63.75	0
63.75	0
64.375	0
64.375	0
65	0
65	0
65.625	0
65.625	0
66.25	0
66.25	0
66.875	0
66.875	0
67.5	0
67.5	0
68.125	0
68.125	0
68.75	0
68.75	0
69.375	0
69.375	0
70	0
70	0
70.625	0
70.625	0
71.25	0
71.25	0
71.875	0
71.875	0
72.5	0
72.5	0
73.125	0
73.125	0
73.75	0
73.75	0
74.375	0
74.375	0
75	0
75	0
75.625	0
75.625	0
76.25	0
76.25	0
76.875	0
76.875	0
77.5	0
77.5	0
78.125	0
78.125	0
78.75	0
78.75	0
79.375	0
79.375	0
80	0
80	0
80.625	0
80.625	0
81.25	0
81.25	0
81.875	0
81.875	0
82.5	0
82.5	0
83.125	0
83.125	0
83.75	0
83.75	0
84.375	0
84.375	0
85	0
85	0
85.625	0
85.625	0
86.25	0
86.25	0
86.875	0
86.875	0
87.5	0
87.5	0
88.125	0
88.125	0
88.75	0
88.75	0
89.375	0
89.375	0
90	0
90	0
90.625	0
90.625	0
91.25	0
91.25	0
91.875	0
91.875	0
92.5	0
92.5	0
93.125	0
93.125	0
93.75	0
93.75	0
94.375	0
94.375	0
95	0
95	0
95.625	0
95.625	0
96.25	0
96.25	0
96.875	0
96.875	0
97.5	0
97.5	0
98.125	0
98.125	0
98.75	0
98.75	0
99.375	0
99.375	0
100	0
