3	0
40
0	0.4
1	0.4
1	0.4
2	0.4
2	0.4
3	0.4
3	0.4
4	0.4
4	0.4
5	0.4
5	0.4
6	0.4
6	0.4
7	0.4
7	0.4
8	0.4
8	0.391666666666667
9	0.241666666666667
9	0.241666666666667
10	0.191666666666667
10	0.191666666666667
11	0.241666666666667
11	0.241666666666667
12	0.391666666666667
12	0.4
13	0.4
13	0.4
14	0.4
14	0.4
15	0.4
15	0.4
16	0.4
16	0.4
17	0.4
17	0.4
18	0.4
18	0.4
19	0.4
19	0.4
20	0.4
0	0.15848
1	0.15848
1	0.15848
2	0.15848
2	0.15848
3	0.15848
3	0.15848
4	0.15848
4	0.15848
5	0.15848
5	0.15848
6	0.15848
6	0.15848
7	0.15848
7	0.15848
8	0.15848
8	0.155178333333333
9	0.0957483333333333
9	0.0957483333333334
10	0.0759383333333333
10	0.0759383333333333
11	0.0957483333333334
11	0.0957483333333333
12	0.155178333333333
12	0.15848
13	0.15848
13	0.15848
14	0.15848
14	0.15848
15	0.15848
15	0.15848
16	0.15848
16	0.15848
17	0.15848
17	0.15848
18	0.15848
18	0.15848
19	0.15848
19	0.15848
20	0.15848
0	-0.2
1	-0.2
1	-0.2
2	-0.2
2	-0.2
3	-0.2
3	-0.2
4	-0.2
4	-0.2
5	-0.2
5	-0.2
6	-0.2
6	-0.2
7	-0.2
7	-0.2
8	-0.2
8	-0.191666666666667
9	-0.0416666666666667
9	-0.0416666666666667
10	0.00833333333333333
10	0.00833333333333333
11	-0.0416666666666667
11	-0.0416666666666667
12	-0.191666666666667
12	-0.2
13	-0.2
13	-0.2
14	-0.2
14	-0.2
15	-0.2
15	-0.2
16	-0.2
16	-0.2
17	-0.2
17	-0.2
18	-0.2
18	-0.2
19	-0.2
19	-0.2
20	-0.2
