3	1
640
0	0.4
0.0625	0.4
0.0625	0.4
0.125	0.4
0.125	0.4
0.1875	0.4
0.1875	0.4
0.25	0.4
0.25	0.4
0.3125	0.4
0.3125	0.4
0.375	0.4
0.375	0.4
0.4375	0.4
0.4375	0.4
0.5	0.4
0.5	0.4
0.5625	0.4
0.5625	0.4
0.625	0.4
0.625	0.4
0.6875	0.4
0.6875	0.4
0.75	0.4
0.75	0.4
0.8125	0.4
0.8125	0.4
0.875	0.4
0.875	0.4
0.9375	0.4
0.9375	0.4
1	0.4
1	0.4
1.0625	0.4
1.0625	0.4
1.125	0.4
1.125	0.4
1.1875	0.4
1.1875	0.4
1.25	0.4
1.25	0.4
1.3125	0.4
1.3125	0.4
1.375	0.4
1.375	0.4
1.4375	0.4
1.4375	0.4
1.5	0.4
1.5	0.4
1.5625	0.4
1.5625	0.4
1.625	0.4
1.625	0.4
1.6875	0.4
1.6875	0.4
1.75	0.4
1.75	0.4
1.8125	0.4
1.8125	0.4
1.875	0.4
1.875	0.4
1.9375	0.4
1.9375	0.4
2	0.4
2	0.4
2.0625	0.4
2.0625	0.4
2.125	0.4
2.125	0.4
2.1875	0.4
2.1875	0.4
2.25	0.4
2.25	0.4
2.3125	0.4
2.3125	0.4
2.375	0.4
2.375	0.4
2.4375	0.4
2.4375	0.4
2.5	0.4
2.5	0.4
2.5625	0.4
2.5625	0.4
2.625	0.4
2.625	0.4
2.6875	0.4
2.6875	0.4
2.75	0.4
2.75	0.4
2.8125	0.4
2.8125	0.4
2.875	0.4
2.875	0.4
2.9375	0.4
2.9375	0.4
3	0.4
3	0.4
3.0625	0.4
3.0625	0.4
3.125	0.4
3.125	0.4
3.1875	0.4
3.1875	0.4
3.25	0.4
3.25	0.4
3.3125	0.4
3.3125	0.4
3.375	0.4
3.375	0.4
3.4375	0.4
3.4375	0.4
3.5	0.4
3.5	0.4
3.5625	0.4
3.5625	0.4
3.625	0.4
3.625	0.4
3.6875	0.4
3.6875	0.4
3.75	0.4
3.75	0.4
3.8125	0.4
3.8125	0.4
3.875	0.4
3.875	0.4
3.9375	0.4
3.9375	0.4
4	0.4
4	0.4
4.0625	0.4
4.0625	0.4
4.125	0.4
4.125	0.4
4.1875	0.4
4.1875	0.4
4.25	0.4
4.25	0.4
4.3125	0.4
4.3125	0.4
4.375	0.4
4.375	0.4
4.4375	0.4
4.4375	0.4
4.5	0.4
4.5	0.4
4.5625	0.4
4.5625	0.4
4.625	0.4
4.625	0.4
4.6875	0.4
4.6875	0.4
4.75	0.4
4.75	0.4
4.8125	0.4
4.8125	0.4
4.875	0.4
4.875	0.4
4.9375	0.4
4.9375	0.4
5	0.4
5	0.4
5.0625	0.4
5.0625	0.4
5.125	0.4
5.125	0.4
5.1875	0.4
5.1875	0.4
5.25	0.4
5.25	0.4
5.3125	0.4
5.3125	0.4
5.375	0.4
5.375	0.4
5.4375	0.4
5.4375	0.4
5.5	0.4
5.5	0.4
5.5625	0.4
5.5625	0.4
5.625	0.4
5.625	0.4
5.6875	0.4
5.6875	0.4
5.75	0.4
5.75	0.4
5.8125	0.4
5.8125	0.4
5.875	0.4
5.875	0.4
5.9375	0.4
5.9375	0.4
6	0.4
6	0.4
6.0625	0.4
6.0625	0.4
6.125	0.4
6.125	0.4
6.1875	0.4
6.1875	0.4
6.25	0.4
6.25	0.4
6.3125	0.4
6.3125	0.4
6.375	0.4
6.375	0.4
6.4375	0.4
6.4375	0.4
6.5	0.4
6.5	0.4
6.5625	0.4
6.5625	0.4
6.625	0.4
6.625	0.4
6.6875	0.4
6.6875	0.4
6.75	0.4
6.75	0.4
6.8125	0.4
6.8125	0.4
6.875	0.4
6.875	0.4
6.9375	0.4
6.9375	0.4
7	0.4
7	0.4
7.0625	0.4
7.0625	0.4
7.125	0.4
7.125	0.4
7.1875	0.4
7.1875	0.4
7.25	0.4
7.25	0.4
7.3125	0.4
7.3125	0.4
7.375	0.4
7.375	0.4
7.4375	0.4
7.4375	0.4
7.5	0.4
7.5	0.4
7.5625	0.4
7.5625	0.4
7.625	0.4
7.625	0.4
7.6875	0.4
7.6875	0.4
7.75	0.4
7.75	0.4
7.8125	0.4
7.8125	0.4
7.875	0.4
7.875	0.4
7.9375	0.4
7.9375	0.4
8	0.4
8	0.399967447916667
8.0625	0.387662760416667
8.0625	0.387662760416667
8.125	0.375748697916667
8.125	0.375748697916667
8.1875	0.364225260416667
8.1875	0.364225260416667
8.25	0.353092447916667
8.25	0.353092447916667
8.3125	0.342350260416667
8.3125	0.342350260416667
8.375	0.331998697916667
8.375	0.331998697916667
8.4375	0.322037760416667
8.4375	0.322037760416667
8.5	0.312467447916667
8.5	0.312467447916667
8.5625	0.303287760416667
8.5625	0.303287760416667
8.625	0.294498697916667
8.625	0.294498697916667
8.6875	0.286100260416667
8.6875	0.286100260416667
8.75	0.278092447916667
8.75	0.278092447916667
8.8125	0.270475260416667
8.8125	0.270475260416667
8.875	0.263248697916667
8.875	0.263248697916667
8.9375	0.256412760416667
8.9375	0.256412760416667
9	0.249967447916667
9	0.249967447916667
9.0625	0.243912760416667
9.0625	0.243912760416667
9.125	0.238248697916667
9.125	0.238248697916667
9.1875	0.232975260416667
9.1875	0.232975260416667
9.25	0.228092447916667
9.25	0.228092447916667
9.3125	0.223600260416667
9.3125	0.223600260416667
9.375	0.219498697916667
9.375	0.219498697916667
9.4375	0.215787760416667
9.4375	0.215787760416667
9.5	0.212467447916667
9.5	0.212467447916667
9.5625	0.209537760416667
9.5625	0.209537760416667
9.625	0.206998697916667
9.625	0.206998697916667
9.6875	0.204850260416667
9.6875	0.204850260416667
9.75	0.203092447916667
9.75	0.203092447916667
9.8125	0.201725260416667
9.8125	0.201725260416667
9.875	0.200748697916667
9.875	0.200748697916667
9.9375	0.200162760416667
9.9375	0.200162760416667
10	0.199967447916667
10	0.199967447916667
10.0625	0.200162760416667
10.0625	0.200162760416667
10.125	0.200748697916667
10.125	0.200748697916667
10.1875	0.201725260416667
10.1875	0.201725260416667
10.25	0.203092447916667
10.25	0.203092447916667
10.3125	0.204850260416667
10.3125	0.204850260416667
10.375	0.206998697916667
10.375	0.206998697916667
10.4375	0.209537760416667
10.4375	0.209537760416667
10.5	0.212467447916667
10.5	0.212467447916667
10.5625	0.215787760416667
10.5625	0.215787760416667
10.625	0.219498697916667
10.625	0.219498697916667
10.6875	0.223600260416667
10.6875	0.223600260416667
10.75	0.228092447916667
10.75	0.228092447916667
10.8125	0.232975260416667
10.8125	0.232975260416667
10.875	0.238248697916667
10.875	0.238248697916667
10.9375	0.243912760416667
10.9375	0.243912760416667
11	0.249967447916667
11	0.249967447916667
11.0625	0.256412760416667
11.0625	0.256412760416667
11.125	0.263248697916667
11.125	0.263248697916667
11.1875	0.270475260416667
11.1875	0.270475260416667
11.25	0.278092447916667
11.25	0.278092447916667
11.3125	0.286100260416667
11.3125	0.286100260416667
11.375	0.294498697916667
11.375	0.294498697916667
11.4375	0.303287760416667
11.4375	0.303287760416667
11.5	0.312467447916667
11.5	0.312467447916667
11.5625	0.322037760416667
11.5625	0.322037760416667
11.625	0.331998697916667
11.625	0.331998697916667
11.6875	0.342350260416667
11.6875	0.342350260416667
11.75	0.353092447916667
11.75	0.353092447916667
11.8125	0.364225260416667
11.8125	0.364225260416667
11.875	0.375748697916667
11.875	0.375748697916667
11.9375	0.387662760416667
11.9375	0.387662760416667
12	0.399967447916667
12	0.4
12.0625	0.4
12.0625	0.4
12.125	0.4
12.125	0.4
12.1875	0.4
12.1875	0.4
12.25	0.4
12.25	0.4
12.3125	0.4
12.3125	0.4
12.375	0.4
12.375	0.4
12.4375	0.4
12.4375	0.4
12.5	0.4
12.5	0.4
12.5625	0.4
12.5625	0.4
12.625	0.4
12.625	0.4
12.6875	0.4
12.6875	0.4
12.75	0.4
12.75	0.4
12.8125	0.4
12.8125	0.4
12.875	0.4
12.875	0.4
12.9375	0.4
12.9375	0.4
13	0.4
13	0.4
13.0625	0.4
13.0625	0.4
13.125	0.4
13.125	0.4
13.1875	0.4
13.1875	0.4
13.25	0.4
13.25	0.4
13.3125	0.4
13.3125	0.4
13.375	0.4
13.375	0.4
13.4375	0.4
13.4375	0.4
13.5	0.4
13.5	0.4
13.5625	0.4
13.5625	0.4
13.625	0.4
13.625	0.4
13.6875	0.4
13.6875	0.4
13.75	0.4
13.75	0.4
13.8125	0.4
13.8125	0.4
13.875	0.4
13.875	0.4
13.9375	0.4
13.9375	0.4
14	0.4
14	0.4
14.0625	0.4
14.0625	0.4
14.125	0.4
14.125	0.4
14.1875	0.4
14.1875	0.4
14.25	0.4
14.25	0.4
14.3125	0.4
14.3125	0.4
14.375	0.4
14.375	0.4
14.4375	0.4
14.4375	0.4
14.5	0.4
14.5	0.4
14.5625	0.4
14.5625	0.4
14.625	0.4
14.625	0.4
14.6875	0.4
14.6875	0.4
14.75	0.4
14.75	0.4
14.8125	0.4
14.8125	0.4
14.875	0.4
14.875	0.4
14.9375	0.4
14.9375	0.4
15	0.4
15	0.4
15.0625	0.4
15.0625	0.4
15.125	0.4
15.125	0.4
15.1875	0.4
15.1875	0.4
15.25	0.4
15.25	0.4
15.3125	0.4
15.3125	0.4
15.375	0.4
15.375	0.4
15.4375	0.4
15.4375	0.4
15.5	0.4
15.5	0.4
15.5625	0.4
15.5625	0.4
15.625	0.4
15.625	0.4
15.6875	0.4
15.6875	0.4
15.75	0.4
15.75	0.4
15.8125	0.4
15.8125	0.4
15.875	0.4
15.875	0.4
15.9375	0.4
15.9375	0.4
16	0.4
16	0.4
16.0625	0.4
16.0625	0.4
16.125	0.4
16.125	0.4
16.1875	0.4
16.1875	0.4
16.25	0.4
16.25	0.4
16.3125	0.4
16.3125	0.4
16.375	0.4
16.375	0.4
16.4375	0.4
16.4375	0.4
16.5	0.4
16.5	0.4
16.5625	0.4
16.5625	0.4
16.625	0.4
16.625	0.4
16.6875	0.4
16.6875	0.4
16.75	0.4
16.75	0.4
16.8125	0.4
16.8125	0.4
16.875	0.4
16.875	0.4
16.9375	0.4
16.9375	0.4
17	0.4
17	0.4
17.0625	0.4
17.0625	0.4
17.125	0.4
17.125	0.4
17.1875	0.4
17.1875	0.4
17.25	0.4
17.25	0.4
17.3125	0.4
17.3125	0.4
17.375	0.4
17.375	0.4
17.4375	0.4
17.4375	0.4
17.5	0.4
17.5	0.4
17.5625	0.4
17.5625	0.4
17.625	0.4
17.625	0.4
17.6875	0.4
17.6875	0.4
17.75	0.4
17.75	0.4
17.8125	0.4
17.8125	0.4
17.875	0.4
17.875	0.4
17.9375	0.4
17.9375	0.4
18	0.4
18	0.4
18.0625	0.4
18.0625	0.4
18.125	0.4
18.125	0.4
18.1875	0.4
18.1875	0.4
18.25	0.4
18.25	0.4
18.3125	0.4
18.3125	0.4
18.375	0.4
18.375	0.4
18.4375	0.4
18.4375	0.4
18.5	0.4
18.5	0.4
18.5625	0.4
18.5625	0.4
18.625	0.4
18.625	0.4
18.6875	0.4
18.6875	0.4
18.75	0.4
18.75	0.4
18.8125	0.4
18.8125	0.4
18.875	0.4
18.875	0.4
18.9375	0.4
18.9375	0.4
19	0.4
19	0.4
19.0625	0.4
19.0625	0.4
19.125	0.4
19.125	0.4
19.1875	0.4
19.1875	0.4
19.25	0.4
19.25	0.4
19.3125	0.4
19.3125	0.4
19.375	0.4
19.375	0.4
19.4375	0.4
19.4375	0.4
19.5	0.4
19.5	0.4
19.5625	0.4
19.5625	0.4
19.625	0.4
19.625	0.4
19.6875	0.4
19.6875	0.4
19.75	0.4
19.75	0.4
19.8125	0.4
19.8125	0.4
19.875	0.4
19.875	0.4
19.9375	0.4
19.9375	0.4
20	0.4
0	0.15848
0.0625	0.15848
0.0625	0.15848
0.125	0.15848
0.125	0.15848
0.1875	0.15848
0.1875	0.15848
0.25	0.15848
0.25	0.15848
0.3125	0.15848
0.3125	0.15848
0.375	0.15848
0.375	0.15848
0.4375	0.15848
0.4375	0.15848
0.5	0.15848
0.5	0.15848
0.5625	0.15848
0.5625	0.15848
0.625	0.15848
0.625	0.15848
0.6875	0.15848
0.6875	0.15848
0.75	0.15848
0.75	0.15848
0.8125	0.15848
0.8125	0.15848
0.875	0.15848
0.875	0.15848
0.9375	0.15848
0.9375	0.15848
1	0.15848
1	0.15848
1.0625	0.15848
1.0625	0.15848
1.125	0.15848
1.125	0.15848
1.1875	0.15848
1.1875	0.15848
1.25	0.15848
1.25	0.15848
1.3125	0.15848
1.3125	0.15848
1.375	0.15848
1.375	0.15848
1.4375	0.15848
1.4375	0.15848
1.5	0.15848
1.5	0.15848
1.5625	0.15848
1.5625	0.15848
1.625	0.15848
1.625	0.15848
1.6875	0.15848
1.6875	0.15848
1.75	0.15848
1.75	0.15848
1.8125	0.15848
1.8125	0.15848
1.875	0.15848
1.875	0.15848
1.9375	0.15848
1.9375	0.15848
2	0.15848
2	0.15848
2.0625	0.15848
2.0625	0.15848
2.125	0.15848
2.125	0.15848
2.1875	0.15848
2.1875	0.15848
2.25	0.15848
2.25	0.15848
2.3125	0.15848
2.3125	0.15848
2.375	0.15848
2.375	0.15848
2.4375	0.15848
2.4375	0.15848
2.5	0.15848
2.5	0.15848
2.5625	0.15848
2.5625	0.15848
2.625	0.15848
2.625	0.15848
2.6875	0.15848
2.6875	0.15848
2.75	0.15848
2.75	0.15848
2.8125	0.15848
2.8125	0.15848
2.875	0.15848
2.875	0.15848
2.9375	0.15848
2.9375	0.15848
3	0.15848
3	0.15848
3.0625	0.15848
3.0625	0.15848
3.125	0.15848
3.125	0.15848
3.1875	0.15848
3.1875	0.15848
3.25	0.15848
3.25	0.15848
3.3125	0.15848
3.3125	0.15848
3.375	0.15848
3.375	0.15848
3.4375	0.15848
3.4375	0.15848
3.5	0.15848
3.5	0.15848
3.5625	0.15848
3.5625	0.15848
3.625	0.15848
3.625	0.15848
3.6875	0.15848
3.6875	0.15848
3.75	0.15848
3.75	0.15848
3.8125	0.15848
3.8125	0.15848
3.875	0.15848
3.875	0.15848
3.9375	0.15848
3.9375	0.15848
4	0.15848
4	0.15848
4.0625	0.15848
4.0625	0.15848
4.125	0.15848
4.125	0.15848
4.1875	0.15848
4.1875	0.15848
4.25	0.15848
4.25	0.15848
4.3125	0.15848
4.3125	0.15848
4.375	0.15848
4.375	0.15848
4.4375	0.15848
4.4375	0.15848
4.5	0.15848
4.5	0.15848
4.5625	0.15848
4.5625	0.15848
4.625	0.15848
4.625	0.15848
4.6875	0.15848
4.6875	0.15848
4.75	0.15848
4.75	0.15848
4.8125	0.15848
4.8125	0.15848
4.875	0.15848
4.875	0.15848
4.9375	0.15848
4.9375	0.15848
5	0.15848
5	0.15848
5.0625	0.15848
5.0625	0.15848
5.125	0.15848
5.125	0.15848
5.1875	0.15848
5.1875	0.15848
5.25	0.15848
5.25	0.15848
5.3125	0.15848
5.3125	0.15848
5.375	0.15848
5.375	0.15848
5.4375	0.15848
5.4375	0.15848
5.5	0.15848
5.5	0.15848
5.5625	0.15848
5.5625	0.15848
5.625	0.15848
5.625	0.15848
5.6875	0.15848
5.6875	0.15848
5.75	0.15848
5.75	0.15848
5.8125	0.15848
5.8125	0.15848
5.875	0.15848
5.875	0.15848
5.9375	0.15848
5.9375	0.15848
6	0.15848
6	0.15848
6.0625	0.15848
6.0625	0.15848
6.125	0.15848
6.125	0.15848
6.1875	0.15848
6.1875	0.15848
6.25	0.15848
6.25	0.15848
6.3125	0.15848
6.3125	0.15848
6.375	0.15848
6.375	0.15848
6.4375	0.15848
6.4375	0.15848
6.5	0.15848
6.5	0.15848
6.5625	0.15848
6.5625	0.15848
6.625	0.15848
6.625	0.15848
6.6875	0.15848
6.6875	0.15848
6.75	0.15848
6.75	0.15848
6.8125	0.15848
6.8125	0.15848
6.875	0.15848
6.875	0.15848
6.9375	0.15848
6.9375	0.15848
7	0.15848
7	0.15848
7.0625	0.15848
7.0625	0.15848
7.125	0.15848
7.125	0.15848
7.1875	0.15848
7.1875	0.15848
7.25	0.15848
7.25	0.15848
7.3125	0.15848
7.3125	0.15848
7.375	0.15848
7.375	0.15848
7.4375	0.15848
7.4375	0.15848
7.5	0.15848
7.5	0.15848
7.5625	0.15848
7.5625	0.15848
7.625	0.15848
7.625	0.15848
7.6875	0.15848
7.6875	0.15848
7.75	0.15848
7.75	0.15848
7.8125	0.15848
7.8125	0.15848
7.875	0.15848
7.875	0.15848
7.9375	0.15848
7.9375	0.15848
8	0.15848
8	0.158467102864583
8.0625	0.153591985677083
8.0625	0.153591985677083
8.125	0.148871634114583
8.125	0.148871634114583
8.1875	0.144306048177083
8.1875	0.144306048177083
8.25	0.139895227864583
8.25	0.139895227864583
8.3125	0.135639173177083
8.3125	0.135639173177083
8.375	0.131537884114583
8.375	0.131537884114583
8.4375	0.127591360677083
8.4375	0.127591360677083
8.5	0.123799602864583
8.5	0.123799602864583
8.5625	0.120162610677083
8.5625	0.120162610677083
8.625	0.116680384114583
8.625	0.116680384114583
8.6875	0.113352923177083
8.6875	0.113352923177083
8.75	0.110180227864583
8.75	0.110180227864583
8.8125	0.107162298177083
8.8125	0.107162298177083
8.875	0.104299134114583
8.875	0.104299134114583
8.9375	0.101590735677083
8.9375	0.101590735677083
9	0.0990371028645833
9	0.0990371028645833
9.0625	0.0966382356770834
9.0625	0.0966382356770833
9.125	0.0943941341145833
9.125	0.0943941341145833
9.1875	0.0923047981770834
9.1875	0.0923047981770833
9.25	0.0903702278645833
9.25	0.0903702278645833
9.3125	0.0885904231770833
9.3125	0.0885904231770833
9.375	0.0869653841145834
9.375	0.0869653841145834
9.4375	0.0854951106770833
9.4375	0.0854951106770833
9.5	0.0841796028645834
9.5	0.0841796028645833
9.5625	0.0830188606770833
9.5625	0.0830188606770833
9.625	0.0820128841145833
9.625	0.0820128841145834
9.6875	0.0811616731770833
9.6875	0.0811616731770833
9.75	0.0804652278645833
9.75	0.0804652278645833
9.8125	0.0799235481770833
9.8125	0.0799235481770833
9.875	0.0795366341145834
9.875	0.0795366341145833
9.9375	0.0793044856770833
9.9375	0.0793044856770833
10	0.0792271028645833
10	0.0792271028645833
10.0625	0.0793044856770833
10.0625	0.0793044856770833
10.125	0.0795366341145833
10.125	0.0795366341145834
10.1875	0.0799235481770833
10.1875	0.0799235481770833
10.25	0.0804652278645833
10.25	0.0804652278645833
10.3125	0.0811616731770833
10.3125	0.0811616731770833
10.375	0.0820128841145834
10.375	0.0820128841145833
10.4375	0.0830188606770833
10.4375	0.0830188606770833
10.5	0.0841796028645833
10.5	0.0841796028645834
10.5625	0.0854951106770833
10.5625	0.0854951106770833
10.625	0.0869653841145834
10.625	0.0869653841145834
10.6875	0.0885904231770833
10.6875	0.0885904231770833
10.75	0.0903702278645833
10.75	0.0903702278645833
10.8125	0.0923047981770833
10.8125	0.0923047981770834
10.875	0.0943941341145833
10.875	0.0943941341145833
10.9375	0.0966382356770833
10.9375	0.0966382356770834
11	0.0990371028645833
11	0.0990371028645833
11.0625	0.101590735677083
11.0625	0.101590735677083
11.125	0.104299134114583
11.125	0.104299134114583
11.1875	0.107162298177083
11.1875	0.107162298177083
11.25	0.110180227864583
11.25	0.110180227864583
11.3125	0.113352923177083
11.3125	0.113352923177083
11.375	0.116680384114583
11.375	0.116680384114583
11.4375	0.120162610677083
11.4375	0.120162610677083
11.5	0.123799602864583
11.5	0.123799602864583
11.5625	0.127591360677083
11.5625	0.127591360677083
11.625	0.131537884114583
11.625	0.131537884114583
11.6875	0.135639173177083
11.6875	0.135639173177083
11.75	0.139895227864583
11.75	0.139895227864583
11.8125	0.144306048177083
11.8125	0.144306048177083
11.875	0.148871634114583
11.875	0.148871634114583
11.9375	0.153591985677083
11.9375	0.153591985677083
12	0.158467102864583
12	0.15848
12.0625	0.15848
12.0625	0.15848
12.125	0.15848
12.125	0.15848
12.1875	0.15848
12.1875	0.15848
12.25	0.15848
12.25	0.15848
12.3125	0.15848
12.3125	0.15848
12.375	0.15848
12.375	0.15848
12.4375	0.15848
12.4375	0.15848
12.5	0.15848
12.5	0.15848
12.5625	0.15848
12.5625	0.15848
12.625	0.15848
12.625	0.15848
12.6875	0.15848
12.6875	0.15848
12.75	0.15848
12.75	0.15848
12.8125	0.15848
12.8125	0.15848
12.875	0.15848
12.875	0.15848
12.9375	0.15848
12.9375	0.15848
13	0.15848
13	0.15848
13.0625	0.15848
13.0625	0.15848
13.125	0.15848
13.125	0.15848
13.1875	0.15848
13.1875	0.15848
13.25	0.15848
13.25	0.15848
13.3125	0.15848
13.3125	0.15848
13.375	0.15848
13.375	0.15848
13.4375	0.15848
13.4375	0.15848
13.5	0.15848
13.5	0.15848
13.5625	0.15848
13.5625	0.15848
13.625	0.15848
13.625	0.15848
13.6875	0.15848
13.6875	0.15848
13.75	0.15848
13.75	0.15848
13.8125	0.15848
13.8125	0.15848
13.875	0.15848
13.875	0.15848
13.9375	0.15848
13.9375	0.15848
14	0.15848
14	0.15848
14.0625	0.15848
14.0625	0.15848
14.125	0.15848
14.125	0.15848
14.1875	0.15848
14.1875	0.15848
14.25	0.15848
14.25	0.15848
14.3125	0.15848
14.3125	0.15848
14.375	0.15848
14.375	0.15848
14.4375	0.15848
14.4375	0.15848
14.5	0.15848
14.5	0.15848
14.5625	0.15848
14.5625	0.15848
14.625	0.15848
14.625	0.15848
14.6875	0.15848
14.6875	0.15848
14.75	0.15848
14.75	0.15848
14.8125	0.15848
14.8125	0.15848
14.875	0.15848
14.875	0.15848
14.9375	0.15848
14.9375	0.15848
15	0.15848
15	0.15848
15.0625	0.15848
15.0625	0.15848
15.125	0.15848
15.125	0.15848
15.1875	0.15848
15.1875	0.15848
15.25	0.15848
15.25	0.15848
15.3125	0.15848
15.3125	0.15848
15.375	0.15848
15.375	0.15848
15.4375	0.15848
15.4375	0.15848
15.5	0.15848
15.5	0.15848
15.5625	0.15848
15.5625	0.15848
15.625	0.15848
15.625	0.15848
15.6875	0.15848
15.6875	0.15848
15.75	0.15848
15.75	0.15848
15.8125	0.15848
15.8125	0.15848
15.875	0.15848
15.875	0.15848
15.9375	0.15848
15.9375	0.15848
16	0.15848
16	0.15848
16.0625	0.15848
16.0625	0.15848
16.125	0.15848
16.125	0.15848
16.1875	0.15848
16.1875	0.15848
16.25	0.15848
16.25	0.15848
16.3125	0.15848
16.3125	0.15848
16.375	0.15848
16.375	0.15848
16.4375	0.15848
16.4375	0.15848
16.5	0.15848
16.5	0.15848
16.5625	0.15848
16.5625	0.15848
16.625	0.15848
16.625	0.15848
16.6875	0.15848
16.6875	0.15848
16.75	0.15848
16.75	0.15848
16.8125	0.15848
16.8125	0.15848
16.875	0.15848
16.875	0.15848
16.9375	0.15848
16.9375	0.15848
17	0.15848
17	0.15848
17.0625	0.15848
17.0625	0.15848
17.125	0.15848
17.125	0.15848
17.1875	0.15848
17.1875	0.15848
17.25	0.15848
17.25	0.15848
17.3125	0.15848
17.3125	0.15848
17.375	0.15848
17.375	0.15848
17.4375	0.15848
17.4375	0.15848
17.5	0.15848
17.5	0.15848
17.5625	0.15848
17.5625	0.15848
17.625	0.15848
17.625	0.15848
17.6875	0.15848
17.6875	0.15848
17.75	0.15848
17.75	0.15848
17.8125	0.15848
17.8125	0.15848
17.875	0.15848
17.875	0.15848
17.9375	0.15848
17.9375	0.15848
18	0.15848
18	0.15848
18.0625	0.15848
18.0625	0.15848
18.125	0.15848
18.125	0.15848
18.1875	0.15848
18.1875	0.15848
18.25	0.15848
18.25	0.15848
18.3125	0.15848
18.3125	0.15848
18.375	0.15848
18.375	0.15848
18.4375	0.15848
18.4375	0.15848
18.5	0.15848
18.5	0.15848
18.5625	0.15848
18.5625	0.15848
18.625	0.15848
18.625	0.15848
18.6875	0.15848
18.6875	0.15848
18.75	0.15848
18.75	0.15848
18.8125	0.15848
18.8125	0.15848
18.875	0.15848
18.875	0.15848
18.9375	0.15848
18.9375	0.15848
19	0.15848
19	0.15848
19.0625	0.15848
19.0625	0.15848
19.125	0.15848
19.125	0.15848
19.1875	0.15848
19.1875	0.15848
19.25	0.15848
19.25	0.15848
19.3125	0.15848
19.3125	0.15848
19.375	0.15848
19.375	0.15848
19.4375	0.15848
19.4375	0.15848
19.5	0.15848
19.5	0.15848
19.5625	0.15848
19.5625	0.15848
19.625	0.15848
19.625	0.15848
19.6875	0.15848
19.6875	0.15848
19.75	0.15848
19.75	0.15848
19.8125	0.15848
19.8125	0.15848
19.875	0.15848
19.875	0.15848
19.9375	0.15848
19.9375	0.15848
20	0.15848
0	-0.2
0.0625	-0.2
0.0625	-0.2
0.125	-0.2
0.125	-0.2
0.1875	-0.2
0.1875	-0.2
0.25	-0.2
0.25	-0.2
0.3125	-0.2
0.3125	-0.2
0.375	-0.2
0.375	-0.2
0.4375	-0.2
0.4375	-0.2
0.5	-0.2
0.5	-0.2
0.5625	-0.2
0.5625	-0.2
0.625	-0.2
0.625	-0.2
0.6875	-0.2
0.6875	-0.2
0.75	-0.2
0.75	-0.2
0.8125	-0.2
0.8125	-0.2
0.875	-0.2
0.875	-0.2
0.9375	-0.2
0.9375	-0.2
1	-0.2
1	-0.2
1.0625	-0.2
1.0625	-0.2
1.125	-0.2
1.125	-0.2
1.1875	-0.2
1.1875	-0.2
1.25	-0.2
1.25	-0.2
1.3125	-0.2
1.3125	-0.2
1.375	-0.2
1.375	-0.2
1.4375	-0.2
1.4375	-0.2
1.5	-0.2
1.5	-0.2
1.5625	-0.2
1.5625	-0.2
1.625	-0.2
1.625	-0.2
1.6875	-0.2
1.6875	-0.2
1.75	-0.2
1.75	-0.2
1.8125	-0.2
1.8125	-0.2
1.875	-0.2
1.875	-0.2
1.9375	-0.2
1.9375	-0.2
2	-0.2
2	-0.2
2.0625	-0.2
2.0625	-0.2
2.125	-0.2
2.125	-0.2
2.1875	-0.2
2.1875	-0.2
2.25	-0.2
2.25	-0.2
2.3125	-0.2
2.3125	-0.2
2.375	-0.2
2.375	-0.2
2.4375	-0.2
2.4375	-0.2
2.5	-0.2
2.5	-0.2
2.5625	-0.2
2.5625	-0.2
2.625	-0.2
2.625	-0.2
2.6875	-0.2
2.6875	-0.2
2.75	-0.2
2.75	-0.2
2.8125	-0.2
2.8125	-0.2
2.875	-0.2
2.875	-0.2
2.9375	-0.2
2.9375	-0.2
3	-0.2
3	-0.2
3.0625	-0.2
3.0625	-0.2
3.125	-0.2
3.125	-0.2
3.1875	-0.2
3.1875	-0.2
3.25	-0.2
3.25	-0.2
3.3125	-0.2
3.3125	-0.2
3.375	-0.2
3.375	-0.2
3.4375	-0.2
3.4375	-0.2
3.5	-0.2
3.5	-0.2
3.5625	-0.2
3.5625	-0.2
3.625	-0.2
3.625	-0.2
3.6875	-0.2
3.6875	-0.2
3.75	-0.2
3.75	-0.2
3.8125	-0.2
3.8125	-0.2
3.875	-0.2
3.875	-0.2
3.9375	-0.2
3.9375	-0.2
4	-0.2
4	-0.2
4.0625	-0.2
4.0625	-0.2
4.125	-0.2
4.125	-0.2
4.1875	-0.2
4.1875	-0.2
4.25	-0.2
4.25	-0.2
4.3125	-0.2
4.3125	-0.2
4.375	-0.2
4.375	-0.2
4.4375	-0.2
4.4375	-0.2
4.5	-0.2
4.5	-0.2
4.5625	-0.2
4.5625	-0.2
4.625	-0.2
4.625	-0.2
4.6875	-0.2
4.6875	-0.2
4.75	-0.2
4.75	-0.2
4.8125	-0.2
4.8125	-0.2
4.875	-0.2
4.875	-0.2
4.9375	-0.2
4.9375	-0.2
5	-0.2
5	-0.2
5.0625	-0.2
5.0625	-0.2
5.125	-0.2
5.125	-0.2
5.1875	-0.2
5.1875	-0.2
5.25	-0.2
5.25	-0.2
5.3125	-0.2
5.3125	-0.2
5.375	-0.2
5.375	-0.2
5.4375	-0.2
5.4375	-0.2
5.5	-0.2
5.5	-0.2
5.5625	-0.2
5.5625	-0.2
5.625	-0.2
5.625	-0.2
5.6875	-0.2
5.6875	-0.2
5.75	-0.2
5.75	-0.2
5.8125	-0.2
5.8125	-0.2
5.875	-0.2
5.875	-0.2
5.9375	-0.2
5.9375	-0.2
6	-0.2
6	-0.2
6.0625	-0.2
6.0625	-0.2
6.125	-0.2
6.125	-0.2
6.1875	-0.2
6.1875	-0.2
6.25	-0.2
6.25	-0.2
6.3125	-0.2
6.3125	-0.2
6.375	-0.2
6.375	-0.2
6.4375	-0.2
6.4375	-0.2
6.5	-0.2
6.5	-0.2
6.5625	-0.2
6.5625	-0.2
6.625	-0.2
6.625	-0.2
6.6875	-0.2
6.6875	-0.2
6.75	-0.2
6.75	-0.2
6.8125	-0.2
6.8125	-0.2
6.875	-0.2
6.875	-0.2
6.9375	-0.2
6.9375	-0.2
7	-0.2
7	-0.2
7.0625	-0.2
7.0625	-0.2
7.125	-0.2
7.125	-0.2
7.1875	-0.2
7.1875	-0.2
7.25	-0.2
7.25	-0.2
7.3125	-0.2
7.3125	-0.2
7.375	-0.2
7.375	-0.2
7.4375	-0.2
7.4375	-0.2
7.5	-0.2
7.5	-0.2
7.5625	-0.2
7.5625	-0.2
7.625	-0.2
7.625	-0.2
7.6875	-0.2
7.6875	-0.2
7.75	-0.2
7.75	-0.2
7.8125	-0.2
7.8125	-0.2
7.875	-0.2
7.875	-0.2
7.9375	-0.2
7.9375	-0.2
8	-0.2
8	-0.199967447916667
8.0625	-0.187662760416667
8.0625	-0.187662760416667
8.125	-0.175748697916667
8.125	-0.175748697916667
8.1875	-0.164225260416667
8.1875	-0.164225260416667
8.25	-0.153092447916667
8.25	-0.153092447916667
8.3125	-0.142350260416667
8.3125	-0.142350260416667
8.375	-0.131998697916667
8.375	-0.131998697916667
8.4375	-0.122037760416667
8.4375	-0.122037760416667
8.5	-0.112467447916667
8.5	-0.112467447916667
8.5625	-0.103287760416667
8.5625	-0.103287760416667
8.625	-0.0944986979166667
8.625	-0.0944986979166667
8.6875	-0.0861002604166667
8.6875	-0.0861002604166667
8.75	-0.0780924479166667
8.75	-0.0780924479166667
8.8125	-0.0704752604166667
8.8125	-0.0704752604166667
8.875	-0.0632486979166667
8.875	-0.0632486979166667
8.9375	-0.0564127604166667
8.9375	-0.0564127604166667
9	-0.0499674479166667
9	-0.0499674479166667
9.0625	-0.0439127604166667
9.0625	-0.0439127604166667
9.125	-0.0382486979166667
9.125	-0.0382486979166667
9.1875	-0.0329752604166667
9.1875	-0.0329752604166667
9.25	-0.0280924479166667
9.25	-0.0280924479166667
9.3125	-0.0236002604166667
9.3125	-0.0236002604166667
9.375	-0.0194986979166667
9.375	-0.0194986979166667
9.4375	-0.0157877604166667
9.4375	-0.0157877604166667
9.5	-0.0124674479166667
9.5	-0.0124674479166667
9.5625	-0.00953776041666667
9.5625	-0.00953776041666667
9.625	-0.00699869791666667
9.625	-0.00699869791666667
9.6875	-0.00485026041666667
9.6875	-0.00485026041666667
9.75	-0.00309244791666667
9.75	-0.00309244791666667
9.8125	-0.00172526041666667
9.8125	-0.00172526041666667
9.875	-0.000748697916666668
9.875	-0.000748697916666668
9.9375	-0.000162760416666668
9.9375	-0.000162760416666668
10	3.25520833333319e-05
10	3.25520833333319e-05
10.0625	-0.000162760416666668
10.0625	-0.000162760416666668
10.125	-0.000748697916666668
10.125	-0.000748697916666668
10.1875	-0.00172526041666667
10.1875	-0.00172526041666667
10.25	-0.00309244791666667
10.25	-0.00309244791666667
10.3125	-0.00485026041666667
10.3125	-0.00485026041666667
10.375	-0.00699869791666667
10.375	-0.00699869791666667
10.4375	-0.00953776041666667
10.4375	-0.00953776041666667
10.5	-0.0124674479166667
10.5	-0.0124674479166667
10.5625	-0.0157877604166667
10.5625	-0.0157877604166667
10.625	-0.0194986979166667
10.625	-0.0194986979166667
10.6875	-0.0236002604166667
10.6875	-0.0236002604166667
10.75	-0.0280924479166667
10.75	-0.0280924479166667
10.8125	-0.0329752604166667
10.8125	-0.0329752604166667
10.875	-0.0382486979166667
10.875	-0.0382486979166667
10.9375	-0.0439127604166667
10.9375	-0.0439127604166667
11	-0.0499674479166667
11	-0.0499674479166667
11.0625	-0.0564127604166667
11.0625	-0.0564127604166667
11.125	-0.0632486979166667
11.125	-0.0632486979166667
11.1875	-0.0704752604166667
11.1875	-0.0704752604166667
11.25	-0.0780924479166667
11.25	-0.0780924479166667
11.3125	-0.0861002604166667
11.3125	-0.0861002604166667
11.375	-0.0944986979166667
11.375	-0.0944986979166667
11.4375	-0.103287760416667
11.4375	-0.103287760416667
11.5	-0.112467447916667
11.5	-0.112467447916667
11.5625	-0.122037760416667
11.5625	-0.122037760416667
11.625	-0.131998697916667
11.625	-0.131998697916667
11.6875	-0.142350260416667
11.6875	-0.142350260416667
11.75	-0.153092447916667
11.75	-0.153092447916667
11.8125	-0.164225260416667
11.8125	-0.164225260416667
11.875	-0.175748697916667
11.875	-0.175748697916667
11.9375	-0.187662760416667
11.9375	-0.187662760416667
12	-0.199967447916667
12	-0.2
12.0625	-0.2
12.0625	-0.2
12.125	-0.2
12.125	-0.2
12.1875	-0.2
12.1875	-0.2
12.25	-0.2
12.25	-0.2
12.3125	-0.2
12.3125	-0.2
12.375	-0.2
12.375	-0.2
12.4375	-0.2
12.4375	-0.2
12.5	-0.2
12.5	-0.2
12.5625	-0.2
12.5625	-0.2
12.625	-0.2
12.625	-0.2
12.6875	-0.2
12.6875	-0.2
12.75	-0.2
12.75	-0.2
12.8125	-0.2
12.8125	-0.2
12.875	-0.2
12.875	-0.2
12.9375	-0.2
12.9375	-0.2
13	-0.2
13	-0.2
13.0625	-0.2
13.0625	-0.2
13.125	-0.2
13.125	-0.2
13.1875	-0.2
13.1875	-0.2
13.25	-0.2
13.25	-0.2
13.3125	-0.2
13.3125	-0.2
13.375	-0.2
13.375	-0.2
13.4375	-0.2
13.4375	-0.2
13.5	-0.2
13.5	-0.2
13.5625	-0.2
13.5625	-0.2
13.625	-0.2
13.625	-0.2
13.6875	-0.2
13.6875	-0.2
13.75	-0.2
13.75	-0.2
13.8125	-0.2
13.8125	-0.2
13.875	-0.2
13.875	-0.2
13.9375	-0.2
13.9375	-0.2
14	-0.2
14	-0.2
14.0625	-0.2
14.0625	-0.2
14.125	-0.2
14.125	-0.2
14.1875	-0.2
14.1875	-0.2
14.25	-0.2
14.25	-0.2
14.3125	-0.2
14.3125	-0.2
14.375	-0.2
14.375	-0.2
14.4375	-0.2
14.4375	-0.2
14.5	-0.2
14.5	-0.2
14.5625	-0.2
14.5625	-0.2
14.625	-0.2
14.625	-0.2
14.6875	-0.2
14.6875	-0.2
14.75	-0.2
14.75	-0.2
14.8125	-0.2
14.8125	-0.2
14.875	-0.2
14.875	-0.2
14.9375	-0.2
14.9375	-0.2
15	-0.2
15	-0.2
15.0625	-0.2
15.0625	-0.2
15.125	-0.2
15.125	-0.2
15.1875	-0.2
15.1875	-0.2
15.25	-0.2
15.25	-0.2
15.3125	-0.2
15.3125	-0.2
15.375	-0.2
15.375	-0.2
15.4375	-0.2
15.4375	-0.2
15.5	-0.2
15.5	-0.2
15.5625	-0.2
15.5625	-0.2
15.625	-0.2
15.625	-0.2
15.6875	-0.2
15.6875	-0.2
15.75	-0.2
15.75	-0.2
15.8125	-0.2
15.8125	-0.2
15.875	-0.2
15.875	-0.2
15.9375	-0.2
15.9375	-0.2
16	-0.2
16	-0.2
16.0625	-0.2
16.0625	-0.2
16.125	-0.2
16.125	-0.2
16.1875	-0.2
16.1875	-0.2
16.25	-0.2
16.25	-0.2
16.3125	-0.2
16.3125	-0.2
16.375	-0.2
16.375	-0.2
16.4375	-0.2
16.4375	-0.2
16.5	-0.2
16.5	-0.2
16.5625	-0.2
16.5625	-0.2
16.625	-0.2
16.625	-0.2
16.6875	-0.2
16.6875	-0.2
16.75	-0.2
16.75	-0.2
16.8125	-0.2
16.8125	-0.2
16.875	-0.2
16.875	-0.2
16.9375	-0.2
16.9375	-0.2
17	-0.2
17	-0.2
17.0625	-0.2
17.0625	-0.2
17.125	-0.2
17.125	-0.2
17.1875	-0.2
17.1875	-0.2
17.25	-0.2
17.25	-0.2
17.3125	-0.2
17.3125	-0.2
17.375	-0.2
17.375	-0.2
17.4375	-0.2
17.4375	-0.2
17.5	-0.2
17.5	-0.2
17.5625	-0.2
17.5625	-0.2
17.625	-0.2
17.625	-0.2
17.6875	-0.2
17.6875	-0.2
17.75	-0.2
17.75	-0.2
17.8125	-0.2
17.8125	-0.2
17.875	-0.2
17.875	-0.2
17.9375	-0.2
17.9375	-0.2
18	-0.2
18	-0.2
18.0625	-0.2
18.0625	-0.2
18.125	-0.2
18.125	-0.2
18.1875	-0.2
18.1875	-0.2
18.25	-0.2
18.25	-0.2
18.3125	-0.2
18.3125	-0.2
18.375	-0.2
18.375	-0.2
18.4375	-0.2
18.4375	-0.2
18.5	-0.2
18.5	-0.2
18.5625	-0.2
18.5625	-0.2
18.625	-0.2
18.625	-0.2
18.6875	-0.2
18.6875	-0.2
18.75	-0.2
18.75	-0.2
18.8125	-0.2
18.8125	-0.2
18.875	-0.2
18.875	-0.2
18.9375	-0.2
18.9375	-0.2
19	-0.2
19	-0.2
19.0625	-0.2
19.0625	-0.2
19.125	-0.2
19.125	-0.2
19.1875	-0.2
19.1875	-0.2
19.25	-0.2
19.25	-0.2
19.3125	-0.2
19.3125	-0.2
19.375	-0.2
19.375	-0.2
19.4375	-0.2
19.4375	-0.2
19.5	-0.2
19.5	-0.2
19.5625	-0.2
19.5625	-0.2
19.625	-0.2
19.625	-0.2
19.6875	-0.2
19.6875	-0.2
19.75	-0.2
19.75	-0.2
19.8125	-0.2
19.8125	-0.2
19.875	-0.2
19.875	-0.2
19.9375	-0.2
19.9375	-0.2
20	-0.2
0	0
0.0625	0
0.0625	0
0.125	0
0.125	0
0.1875	0
0.1875	0
0.25	0
0.25	0
0.3125	0
0.3125	0
0.375	0
0.375	0
0.4375	0
0.4375	0
0.5	0
0.5	0
0.5625	0
0.5625	0
0.625	0
0.625	0
0.6875	0
0.6875	0
0.75	0
0.75	0
0.8125	0
0.8125	0
0.875	0
0.875	0
0.9375	0
0.9375	0
1	0
1	0
1.0625	0
1.0625	0
1.125	0
1.125	0
1.1875	0
1.1875	0
1.25	0
1.25	0
1.3125	0
1.3125	0
1.375	0
1.375	0
1.4375	0
1.4375	0
1.5	0
1.5	0
1.5625	0
1.5625	0
1.625	0
1.625	0
1.6875	0
1.6875	0
1.75	0
1.75	0
1.8125	0
1.8125	0
1.875	0
1.875	0
1.9375	0
1.9375	0
2	0
2	0
2.0625	0
2.0625	0
2.125	0
2.125	0
2.1875	0
2.1875	0
2.25	0
2.25	0
2.3125	0
2.3125	0
2.375	0
2.375	0
2.4375	0
2.4375	0
2.5	0
2.5	0
2.5625	0
2.5625	0
2.625	0
2.625	0
2.6875	0
2.6875	0
2.75	0
2.75	0
2.8125	0
2.8125	0
2.875	0
2.875	0
2.9375	0
2.9375	0
3	0
3	0
3.0625	0
3.0625	0
3.125	0
3.125	0
3.1875	0
3.1875	0
3.25	0
3.25	0
3.3125	0
3.3125	0
3.375	0
3.375	0
3.4375	0
3.4375	0
3.5	0
3.5	0
3.5625	0
3.5625	0
3.625	0
3.625	0
3.6875	0
3.6875	0
3.75	0
3.75	0
3.8125	0
3.8125	0
3.875	0
3.875	0
3.9375	0
3.9375	0
4	0
4	0
4.0625	0
4.0625	0
4.125	0
4.125	0
4.1875	0
4.1875	0
4.25	0
4.25	0
4.3125	0
4.3125	0
4.375	0
4.375	0
4.4375	0
4.4375	0
4.5	0
4.5	0
4.5625	0
4.5625	0
4.625	0
4.625	0
4.6875	0
4.6875	0
4.75	0
4.75	0
4.8125	0
4.8125	0
4.875	0
4.875	0
4.9375	0
4.9375	0
5	0
5	0
5.0625	0
5.0625	0
5.125	0
5.125	0
5.1875	0
5.1875	0
5.25	0
5.25	0
5.3125	0
5.3125	0
5.375	0
5.375	0
5.4375	0
5.4375	0
5.5	0
5.5	0
5.5625	0
5.5625	0
5.625	0
5.625	0
5.6875	0
5.6875	0
5.75	0
5.75	0
5.8125	0
5.8125	0
5.875	0
5.875	0
5.9375	0
5.9375	0
6	0
6	0
6.0625	0
6.0625	0
6.125	0
6.125	0
6.1875	0
6.1875	0
6.25	0
6.25	0
6.3125	0
6.3125	0
6.375	0
6.375	0
6.4375	0
6.4375	0
6.5	0
6.5	0
6.5625	0
6.5625	0
6.625	0
6.625	0
6.6875	0
6.6875	0
6.75	0
6.75	0
6.8125	0
6.8125	0
6.875	0
6.875	0
6.9375	0
6.9375	0
7	0
7	0
7.0625	0
7.0625	0
7.125	0
7.125	0
7.1875	0
7.1875	0
7.25	0
7.25	0
7.3125	0
7.3125	0
7.375	0
7.375	0
7.4375	0
7.4375	0
7.5	0
7.5	0
7.5625	0
7.5625	0
7.625	0
7.625	0
7.6875	0
7.6875	0
7.75	0
7.75	0
7.8125	0
7.8125	0
7.875	0
7.875	0
7.9375	0
7.9375	0
8	0
8	0.0123046875
8.0625	0.0123046875
8.0625	0.0119140625
8.125	0.0119140625
8.125	0.0115234375
8.1875	0.0115234375
8.1875	0.0111328125
8.25	0.0111328125
8.25	0.0107421875
8.3125	0.0107421875
8.3125	0.0103515625
8.375	0.0103515625
8.375	0.00996093750000001
8.4375	0.00996093750000001
8.4375	0.00957031249999999
8.5	0.00957031249999999
8.5	0.00917968749999998
8.5625	0.00917968749999998
8.5625	0.0087890625
8.625	0.0087890625
8.625	0.00839843750000002
8.6875	0.00839843750000002
8.6875	0.00800781250000001
8.75	0.00800781250000001
8.75	0.00761718750000001
8.8125	0.00761718750000001
8.8125	0.0072265625
8.875	0.0072265625
8.875	0.0068359375
8.9375	0.0068359375
8.9375	0.00644531250000001
9	0.00644531250000001
9	0.0060546875
9.0625	0.0060546875
9.0625	0.0056640625
9.125	0.0056640625
9.125	0.0052734375
9.1875	0.0052734375
9.1875	0.00488281250000001
9.25	0.00488281250000001
9.25	0.0044921875
9.3125	0.0044921875
9.3125	0.0041015625
9.375	0.0041015625
9.375	0.0037109375
9.4375	0.0037109375
9.4375	0.0033203125
9.5	0.0033203125
9.5	0.0029296875
9.5625	0.0029296875
9.5625	0.0025390625
9.625	0.0025390625
9.625	0.0021484375
9.6875	0.0021484375
9.6875	0.0017578125
9.75	0.0017578125
9.75	0.0013671875
9.8125	0.0013671875
9.8125	0.0009765625
9.875	0.0009765625
9.875	0.0005859375
9.9375	0.0005859375
9.9375	0.0001953125
10	0.0001953125
10	-0.0001953125
10.0625	-0.0001953125
10.0625	-0.0005859375
10.125	-0.0005859375
10.125	-0.0009765625
10.1875	-0.0009765625
10.1875	-0.0013671875
10.25	-0.0013671875
10.25	-0.0017578125
10.3125	-0.0017578125
10.3125	-0.0021484375
10.375	-0.0021484375
10.375	-0.0025390625
10.4375	-0.0025390625
10.4375	-0.0029296875
10.5	-0.0029296875
10.5	-0.0033203125
10.5625	-0.0033203125
10.5625	-0.0037109375
10.625	-0.0037109375
10.625	-0.0041015625
10.6875	-0.0041015625
10.6875	-0.0044921875
10.75	-0.0044921875
10.75	-0.00488281250000001
10.8125	-0.00488281250000001
10.8125	-0.0052734375
10.875	-0.0052734375
10.875	-0.0056640625
10.9375	-0.0056640625
10.9375	-0.0060546875
11	-0.0060546875
11	-0.00644531250000001
11.0625	-0.00644531250000001
11.0625	-0.0068359375
11.125	-0.0068359375
11.125	-0.0072265625
11.1875	-0.0072265625
11.1875	-0.00761718750000001
11.25	-0.00761718750000001
11.25	-0.00800781250000001
11.3125	-0.00800781250000001
11.3125	-0.00839843750000002
11.375	-0.00839843750000002
11.375	-0.0087890625
11.4375	-0.0087890625
11.4375	-0.00917968749999998
11.5	-0.00917968749999998
11.5	-0.00957031249999999
11.5625	-0.00957031249999999
11.5625	-0.00996093750000001
11.625	-0.00996093750000001
11.625	-0.0103515625
11.6875	-0.0103515625
11.6875	-0.0107421875
11.75	-0.0107421875
11.75	-0.0111328125
11.8125	-0.0111328125
11.8125	-0.0115234375
11.875	-0.0115234375
11.875	-0.0119140625
11.9375	-0.0119140625
11.9375	-0.0123046875
12	-0.0123046875
12	0
12.0625	0
12.0625	0
12.125	0
12.125	0
12.1875	0
12.1875	0
12.25	0
12.25	0
12.3125	0
12.3125	0
12.375	0
12.375	0
12.4375	0
12.4375	0
12.5	0
12.5	0
12.5625	0
12.5625	0
12.625	0
12.625	0
12.6875	0
12.6875	0
12.75	0
12.75	0
12.8125	0
12.8125	0
12.875	0
12.875	0
12.9375	0
12.9375	0
13	0
13	0
13.0625	0
13.0625	0
13.125	0
13.125	0
13.1875	0
13.1875	0
13.25	0
13.25	0
13.3125	0
13.3125	0
13.375	0
13.375	0
13.4375	0
13.4375	0
13.5	0
13.5	0
13.5625	0
13.5625	0
13.625	0
13.625	0
13.6875	0
13.6875	0
13.75	0
13.75	0
13.8125	0
13.8125	0
13.875	0
13.875	0
13.9375	0
13.9375	0
14	0
14	0
14.0625	0
14.0625	0
14.125	0
14.125	0
14.1875	0
14.1875	0
14.25	0
14.25	0
14.3125	0
14.3125	0
14.375	0
14.375	0
14.4375	0
14.4375	0
14.5	0
14.5	0
14.5625	0
14.5625	0
14.625	0
14.625	0
14.6875	0
14.6875	0
14.75	0
14.75	0
14.8125	0
14.8125	0
14.875	0
14.875	0
14.9375	0
14.9375	0
15	0
15	0
15.0625	0
15.0625	0
15.125	0
15.125	0
15.1875	0
15.1875	0
15.25	0
15.25	0
15.3125	0
15.3125	0
15.375	0
15.375	0
15.4375	0
15.4375	0
15.5	0
15.5	0
15.5625	0
15.5625	0
15.625	0
15.625	0
15.6875	0
15.6875	0
15.75	0
15.75	0
15.8125	0
15.8125	0
15.875	0
15.875	0
15.9375	0
15.9375	0
16	0
16	0
16.0625	0
16.0625	0
16.125	0
16.125	0
16.1875	0
16.1875	0
16.25	0
16.25	0
16.3125	0
16.3125	0
16.375	0
16.375	0
16.4375	0
16.4375	0
16.5	0
16.5	0
16.5625	0
16.5625	0
16.625	0
16.625	0
16.6875	0
16.6875	0
16.75	0
16.75	0
16.8125	0
16.8125	0
16.875	0
16.875	0
16.9375	0
16.9375	0
17	0
17	0
17.0625	0
17.0625	0
17.125	0
17.125	0
17.1875	0
17.1875	0
17.25	0
17.25	0
17.3125	0
17.3125	0
17.375	0
17.375	0
17.4375	0
17.4375	0
17.5	0
17.5	0
17.5625	0
17.5625	0
17.625	0
17.625	0
17.6875	0
17.6875	0
17.75	0
17.75	0
17.8125	0
17.8125	0
17.875	0
17.875	0
17.9375	0
17.9375	0
18	0
18	0
18.0625	0
18.0625	0
18.125	0
18.125	0
18.1875	0
18.1875	0
18.25	0
18.25	0
18.3125	0
18.3125	0
18.375	0
18.375	0
18.4375	0
18.4375	0
18.5	0
18.5	0
18.5625	0
18.5625	0
18.625	0
18.625	0
18.6875	0
18.6875	0
18.75	0
18.75	0
18.8125	0
18.8125	0
18.875	0
18.875	0
18.9375	0
18.9375	0
19	0
19	0
19.0625	0
19.0625	0
19.125	0
19.125	0
19.1875	0
19.1875	0
19.25	0
19.25	0
19.3125	0
19.3125	0
19.375	0
19.375	0
19.4375	0
19.4375	0
19.5	0
19.5	0
19.5625	0
19.5625	0
19.625	0
19.625	0
19.6875	0
19.6875	0
19.75	0
19.75	0
19.8125	0
19.8125	0
19.875	0
19.875	0
19.9375	0
19.9375	0
20	0
