3	1
80
0	0.4
0.5	0.4
0.5	0.4
1	0.4
1	0.4
1.5	0.4
1.5	0.4
2	0.4
2	0.4
2.5	0.4
2.5	0.4
3	0.4
3	0.4
3.5	0.4
3.5	0.4
4	0.4
4	0.4
4.5	0.4
4.5	0.4
5	0.4
5	0.4
5.5	0.4
5.5	0.4
6	0.4
6	0.4
6.5	0.4
6.5	0.4
7	0.4
7	0.4
7.5	0.4
7.5	0.4
8	0.4
8	0.397916666666667
8.5	0.310416666666667
8.5	0.310416666666667
9	0.247916666666667
9	0.247916666666667
9.5	0.210416666666667
9.5	0.210416666666667
10	0.197916666666667
10	0.197916666666667
10.5	0.210416666666667
10.5	0.210416666666667
11	0.247916666666667
11	0.247916666666667
11.5	0.310416666666667
11.5	0.310416666666667
12	0.397916666666667
12	0.4
12.5	0.4
12.5	0.4
13	0.4
13	0.4
13.5	0.4
13.5	0.4
14	0.4
14	0.4
14.5	0.4
14.5	0.4
15	0.4
15	0.4
15.5	0.4
15.5	0.4
16	0.4
16	0.4
16.5	0.4
16.5	0.4
17	0.4
17	0.4
17.5	0.4
17.5	0.4
18	0.4
18	0.4
18.5	0.4
18.5	0.4
19	0.4
19	0.4
19.5	0.4
19.5	0.4
20	0.4
0	0.15848
0.5	0.15848
0.5	0.15848
1	0.15848
1	0.15848
1.5	0.15848
1.5	0.15848
2	0.15848
2	0.15848
2.5	0.15848
2.5	0.15848
3	0.15848
3	0.15848
3.5	0.15848
3.5	0.15848
4	0.15848
4	0.15848
4.5	0.15848
4.5	0.15848
5	0.15848
5	0.15848
5.5	0.15848
5.5	0.15848
6	0.15848
6	0.15848
6.5	0.15848
6.5	0.15848
7	0.15848
7	0.15848
7.5	0.15848
7.5	0.15848
8	0.15848
8	0.157654583333333
8.5	0.122987083333333
8.5	0.122987083333333
9	0.0982245833333333
9	0.0982245833333333
9.5	0.0833670833333333
9.5	0.0833670833333333
10	0.0784145833333333
10	0.0784145833333333
10.5	0.0833670833333333
10.5	0.0833670833333333
11	0.0982245833333333
11	0.0982245833333333
11.5	0.122987083333333
11.5	0.122987083333333
12	0.157654583333333
12	0.15848
12.5	0.15848
12.5	0.15848
13	0.15848
13	0.15848
13.5	0.15848
13.5	0.15848
14	0.15848
14	0.15848
14.5	0.15848
14.5	0.15848
15	0.15848
15	0.15848
15.5	0.15848
15.5	0.15848
16	0.15848
16	0.15848
16.5	0.15848
16.5	0.15848
17	0.15848
17	0.15848
17.5	0.15848
17.5	0.15848
18	0.15848
18	0.15848
18.5	0.15848
18.5	0.15848
19	0.15848
19	0.15848
19.5	0.15848
19.5	0.15848
20	0.15848
0	-0.2
0.5	-0.2
0.5	-0.2
1	-0.2
1	-0.2
1.5	-0.2
1.5	-0.2
2	-0.2
2	-0.2
2.5	-0.2
2.5	-0.2
3	-0.2
3	-0.2
3.5	-0.2
3.5	-0.2
4	-0.2
4	-0.2
4.5	-0.2
4.5	-0.2
5	-0.2
5	-0.2
5.5	-0.2
5.5	-0.2
6	-0.2
6	-0.2
6.5	-0.2
6.5	-0.2
7	-0.2
7	-0.2
7.5	-0.2
7.5	-0.2
8	-0.2
8	-0.197916666666667
8.5	-0.110416666666667
8.5	-0.110416666666667
9	-0.0479166666666667
9	-0.0479166666666667
9.5	-0.0104166666666667
9.5	-0.0104166666666667
10	0.00208333333333335
10	0.00208333333333335
10.5	-0.0104166666666667
10.5	-0.0104166666666667
11	-0.0479166666666667
11	-0.0479166666666667
11.5	-0.110416666666667
11.5	-0.110416666666667
12	-0.197916666666667
12	-0.2
12.5	-0.2
12.5	-0.2
13	-0.2
13	-0.2
13.5	-0.2
13.5	-0.2
14	-0.2
14	-0.2
14.5	-0.2
14.5	-0.2
15	-0.2
15	-0.2
15.5	-0.2
15.5	-0.2
16	-0.2
16	-0.2
16.5	-0.2
16.5	-0.2
17	-0.2
17	-0.2
17.5	-0.2
17.5	-0.2
18	-0.2
18	-0.2
18.5	-0.2
18.5	-0.2
19	-0.2
19	-0.2
19.5	-0.2
19.5	-0.2
20	-0.2
0	1
0.5	1
0.5	1
1	1
1	1
1.5	1
1.5	1
2	1
2	1
2.5	1
2.5	1
3	1
3	1
3.5	1
3.5	1
4	1
4	1
4.5	1
4.5	1
5	1
5	1
5.5	1
5.5	1
6	1
6	1
6.5	1
6.5	1
7	1
7	1
7.5	1
7.5	1
8	1
8	1
8.5	1
8.5	1
9	1
9	1
9.5	1
9.5	1
10	1
10	1
10.5	1
10.5	1
11	1
11	1
11.5	1
11.5	1
12	1
12	1
12.5	1
12.5	1
13	1
13	1
13.5	1
13.5	1
14	1
14	1
14.5	1
14.5	1
15	1
15	1
15.5	1
15.5	1
16	1
16	1
16.5	1
16.5	1
17	1
17	1
17.5	1
17.5	1
18	1
18	1
18.5	1
18.5	1
19	1
19	1
19.5	1
19.5	1
20	1
