3	0
160
0	0.4
0.25	0.4
0.25	0.4
0.5	0.4
0.5	0.4
0.75	0.4
0.75	0.4
1	0.4
1	0.4
1.25	0.4
1.25	0.4
1.5	0.4
1.5	0.4
1.75	0.4
1.75	0.4
2	0.4
2	0.4
2.25	0.4
2.25	0.4
2.5	0.4
2.5	0.4
2.75	0.4
2.75	0.4
3	0.4
3	0.4
3.25	0.4
3.25	0.4
3.5	0.4
3.5	0.4
3.75	0.4
3.75	0.4
4	0.4
4	0.4
4.25	0.4
4.25	0.4
4.5	0.4
4.5	0.4
4.75	0.4
4.75	0.4
5	0.4
5	0.4
5.25	0.4
5.25	0.4
5.5	0.4
5.5	0.4
5.75	0.4
5.75	0.4
6	0.4
6	0.4
6.25	0.4
6.25	0.4
6.5	0.4
6.5	0.4
6.75	0.4
6.75	0.4
7	0.4
7	0.4
7.25	0.4
7.25	0.4
7.5	0.4
7.5	0.4
7.75	0.4
7.75	0.4
8	0.4
8	0.399479166666667
8.25	0.352604166666667
8.25	0.352604166666667
8.5	0.311979166666667
8.5	0.311979166666667
8.75	0.277604166666667
8.75	0.277604166666667
9	0.249479166666667
9	0.249479166666667
9.25	0.227604166666667
9.25	0.227604166666667
9.5	0.211979166666667
9.5	0.211979166666667
9.75	0.202604166666667
9.75	0.202604166666667
10	0.199479166666667
10	0.199479166666667
10.25	0.202604166666667
10.25	0.202604166666667
10.5	0.211979166666667
10.5	0.211979166666667
10.75	0.227604166666667
10.75	0.227604166666667
11	0.249479166666667
11	0.249479166666667
11.25	0.277604166666667
11.25	0.277604166666667
11.5	0.311979166666667
11.5	0.311979166666667
11.75	0.352604166666667
11.75	0.352604166666667
12	0.399479166666667
12	0.4
12.25	0.4
12.25	0.4
12.5	0.4
12.5	0.4
12.75	0.4
12.75	0.4
13	0.4
13	0.4
13.25	0.4
13.25	0.4
13.5	0.4
13.5	0.4
13.75	0.4
13.75	0.4
14	0.4
14	0.4
14.25	0.4
14.25	0.4
14.5	0.4
14.5	0.4
14.75	0.4
14.75	0.4
15	0.4
15	0.4
15.25	0.4
15.25	0.4
15.5	0.4
15.5	0.4
15.75	0.4
15.75	0.4
16	0.4
16	0.4
16.25	0.4
16.25	0.4
16.5	0.4
16.5	0.4
16.75	0.4
16.75	0.4
17	0.4
17	0.4
17.25	0.4
17.25	0.4
17.5	0.4
17.5	0.4
17.75	0.4
17.75	0.4
18	0.4
18	0.4
18.25	0.4
18.25	0.4
18.5	0.4
18.5	0.4
18.75	0.4
18.75	0.4
19	0.4
19	0.4
19.25	0.4
19.25	0.4
19.5	0.4
19.5	0.4
19.75	0.4
19.75	0.4
20	0.4
0	0.15848
0.25	0.15848
0.25	0.15848
0.5	0.15848
0.5	0.15848
0.75	0.15848
0.75	0.15848
1	0.15848
1	0.15848
1.25	0.15848
1.25	0.15848
1.5	0.15848
1.5	0.15848
1.75	0.15848
1.75	0.15848
2	0.15848
2	0.15848
2.25	0.15848
2.25	0.15848
2.5	0.15848
2.5	0.15848
2.75	0.15848
2.75	0.15848
3	0.15848
3	0.15848
3.25	0.15848
3.25	0.15848
3.5	0.15848
3.5	0.15848
3.75	0.15848
3.75	0.15848
4	0.15848
4	0.15848
4.25	0.15848
4.25	0.15848
4.5	0.15848
4.5	0.15848
4.75	0.15848
4.75	0.15848
5	0.15848
5	0.15848
5.25	0.15848
5.25	0.15848
5.5	0.15848
5.5	0.15848
5.75	0.15848
5.75	0.15848
6	0.15848
6	0.15848
6.25	0.15848
6.25	0.15848
6.5	0.15848
6.5	0.15848
6.75	0.15848
6.75	0.15848
7	0.15848
7	0.15848
7.25	0.15848
7.25	0.15848
7.5	0.15848
7.5	0.15848
7.75	0.15848
7.75	0.15848
8	0.15848
8	0.158273645833333
8.25	0.139701770833333
8.25	0.139701770833333
8.5	0.123606145833333
8.5	0.123606145833333
8.75	0.109986770833333
8.75	0.109986770833333
9	0.0988436458333334
9	0.0988436458333333
9.25	0.0901767708333333
9.25	0.0901767708333333
9.5	0.0839861458333333
9.5	0.0839861458333333
9.75	0.0802717708333333
9.75	0.0802717708333333
10	0.0790336458333333
10	0.0790336458333333
10.25	0.0802717708333333
10.25	0.0802717708333333
10.5	0.0839861458333333
10.5	0.0839861458333333
10.75	0.0901767708333333
10.75	0.0901767708333333
11	0.0988436458333333
11	0.0988436458333334
11.25	0.109986770833333
11.25	0.109986770833333
11.5	0.123606145833333
11.5	0.123606145833333
11.75	0.139701770833333
11.75	0.139701770833333
12	0.158273645833333
12	0.15848
12.25	0.15848
12.25	0.15848
12.5	0.15848
12.5	0.15848
12.75	0.15848
12.75	0.15848
13	0.15848
13	0.15848
13.25	0.15848
13.25	0.15848
13.5	0.15848
13.5	0.15848
13.75	0.15848
13.75	0.15848
14	0.15848
14	0.15848
14.25	0.15848
14.25	0.15848
14.5	0.15848
14.5	0.15848
14.75	0.15848
14.75	0.15848
15	0.15848
15	0.15848
15.25	0.15848
15.25	0.15848
15.5	0.15848
15.5	0.15848
15.75	0.15848
15.75	0.15848
16	0.15848
16	0.15848
16.25	0.15848
16.25	0.15848
16.5	0.15848
16.5	0.15848
16.75	0.15848
16.75	0.15848
17	0.15848
17	0.15848
17.25	0.15848
17.25	0.15848
17.5	0.15848
17.5	0.15848
17.75	0.15848
17.75	0.15848
18	0.15848
18	0.15848
18.25	0.15848
18.25	0.15848
18.5	0.15848
18.5	0.15848
18.75	0.15848
18.75	0.15848
19	0.15848
19	0.15848
19.25	0.15848
19.25	0.15848
19.5	0.15848
19.5	0.15848
19.75	0.15848
19.75	0.15848
20	0.15848
0	-0.2
0.25	-0.2
0.25	-0.2
0.5	-0.2
0.5	-0.2
0.75	-0.2
0.75	-0.2
1	-0.2
1	-0.2
1.25	-0.2
1.25	-0.2
1.5	-0.2
1.5	-0.2
1.75	-0.2
1.75	-0.2
2	-0.2
2	-0.2
2.25	-0.2
2.25	-0.2
2.5	-0.2
2.5	-0.2
2.75	-0.2
2.75	-0.2
3	-0.2
3	-0.2
3.25	-0.2
3.25	-0.2
3.5	-0.2
3.5	-0.2
3.75	-0.2
3.75	-0.2
4	-0.2
4	-0.2
4.25	-0.2
4.25	-0.2
4.5	-0.2
4.5	-0.2
4.75	-0.2
4.75	-0.2
5	-0.2
5	-0.2
5.25	-0.2
5.25	-0.2
5.5	-0.2
5.5	-0.2
5.75	-0.2
5.75	-0.2
6	-0.2
6	-0.2
6.25	-0.2
6.25	-0.2
6.5	-0.2
6.5	-0.2
6.75	-0.2
6.75	-0.2
7	-0.2
7	-0.2
7.25	-0.2
7.25	-0.2
7.5	-0.2
7.5	-0.2
7.75	-0.2
7.75	-0.2
8	-0.2
8	-0.199479166666667
8.25	-0.152604166666667
8.25	-0.152604166666667
8.5	-0.111979166666667
8.5	-0.111979166666667
8.75	-0.0776041666666667
8.75	-0.0776041666666667
9	-0.0494791666666667
9	-0.0494791666666667
9.25	-0.0276041666666667
9.25	-0.0276041666666667
9.5	-0.0119791666666667
9.5	-0.0119791666666667
9.75	-0.00260416666666666
9.75	-0.00260416666666666
10	0.000520833333333336
10	0.000520833333333336
10.25	-0.00260416666666666
10.25	-0.00260416666666666
10.5	-0.0119791666666667
10.5	-0.0119791666666667
10.75	-0.0276041666666667
10.75	-0.0276041666666667
11	-0.0494791666666667
11	-0.0494791666666667
11.25	-0.0776041666666667
11.25	-0.0776041666666667
11.5	-0.111979166666667
11.5	-0.111979166666667
11.75	-0.152604166666667
11.75	-0.152604166666667
12	-0.199479166666667
12	-0.2
12.25	-0.2
12.25	-0.2
12.5	-0.2
12.5	-0.2
12.75	-0.2
12.75	-0.2
13	-0.2
13	-0.2
13.25	-0.2
13.25	-0.2
13.5	-0.2
13.5	-0.2
13.75	-0.2
13.75	-0.2
14	-0.2
14	-0.2
14.25	-0.2
14.25	-0.2
14.5	-0.2
14.5	-0.2
14.75	-0.2
14.75	-0.2
15	-0.2
15	-0.2
15.25	-0.2
15.25	-0.2
15.5	-0.2
15.5	-0.2
15.75	-0.2
15.75	-0.2
16	-0.2
16	-0.2
16.25	-0.2
16.25	-0.2
16.5	-0.2
16.5	-0.2
16.75	-0.2
16.75	-0.2
17	-0.2
17	-0.2
17.25	-0.2
17.25	-0.2
17.5	-0.2
17.5	-0.2
17.75	-0.2
17.75	-0.2
18	-0.2
18	-0.2
18.25	-0.2
18.25	-0.2
18.5	-0.2
18.5	-0.2
18.75	-0.2
18.75	-0.2
19	-0.2
19	-0.2
19.25	-0.2
19.25	-0.2
19.5	-0.2
19.5	-0.2
19.75	-0.2
19.75	-0.2
20	-0.2
