3	0
160
0	0.400020192347411
0.25	0.400010098054064
0.25	0.400016827502258
0.5	0.400013463011494
0.5	0.400015706011133
0.75	0.400014584558941
0.75	0.400015332207983
1	0.400014958408025
1	0.400015207621804
1.25	0.400015083034634
1.25	0.400015166105077
1.5	0.400015124586849
1.5	0.400015152276415
1.75	0.400015138446215
1.75	0.40001514767554
2	0.400015143073167
2	0.400015146149105
2.25	0.400015144621233
2.25	0.400015145646066
2.5	0.400015145141663
2.5	0.400015145482819
2.75	0.400015145318286
2.75	0.400015145431576
3	0.40001514537913
3	0.400015145416493
3.25	0.400015145400295
3.25	0.400015145412379
3.5	0.400015145407243
3.5	0.400015145410931
3.75	0.400015145408558
3.75	0.40001514540948
4	0.400015145407203
4	0.400015145407235
4.25	0.400015145404269
4.25	0.400015145404039
4.5	0.400015145400225
4.5	0.400015145399942
4.75	0.400015145395333
4.75	0.400015145395068
5	0.400015145389787
5	0.400015145389563
5.25	0.400015145383755
5.25	0.400015145383579
5.5	0.400015145377396
5.5	0.40001514537727
5.75	0.400015145370861
5.75	0.400015145370785
6	0.400015145364295
6	0.400015145364268
6.25	0.400015145357837
6.25	0.400015145357856
6.5	0.400015145351614
6.5	0.400015145351676
6.75	0.400015145345744
6.75	0.400015145345846
7	0.400015145340335
7	0.400015145340474
7.25	0.400015145335484
7.25	0.400015145335656
7.5	0.400015145331273
7.5	0.400015145331474
7.75	0.400015145327774
7.75	0.399957291064267
8	0.400072995231165
8	0.399530179603522
8.25	0.350293989551983
8.25	0.350251620154945
8.5	0.306522410009528
8.5	0.306437484565146
8.75	0.268016108071592
8.75	0.267851130149452
9	0.234526447959789
9	0.23421546118019
9.25	0.205816931205111
9.25	0.205241756835782
9.5	0.181792709902878
9.5	0.180740824096921
9.75	0.163018327110577
9.75	0.161226780832626
10	0.153340940986705
10	0.15210654462077
10.25	0.162258230022952
10.25	0.161625694018806
10.5	0.181808263915537
10.5	0.180787406231852
10.75	0.206012803213342
10.75	0.205160343005426
11	0.234708507217496
11	0.23410692998865
11.25	0.268148756326243
11.25	0.26774657097299
11.5	0.306609053554132
11.5	0.306345157080944
11.75	0.350344730641811
11.75	0.350172472953356
12	0.399575576504435
12	0.399858063461734
12.25	0.400107273827164
12.25	0.399941213094534
12.5	0.400024160165367
12.5	0.399968870929902
12.75	0.399996506313372
12.75	0.399978083702521
13	0.399987293982159
13	0.399981153903934
13.25	0.399984223828084
13.25	0.399982177223237
13.5	0.39998320051143
13.5	0.399982518319495
13.75	0.399982859412028
13.75	0.399982632015716
14	0.399982745711289
14	0.399982669912561
14.25	0.39998270780914
14.25	0.399982682542841
14.5	0.399982695172934
14.5	0.399982686750775
14.75	0.399982690958569
14.75	0.39998268815113
15	0.399982689551387
15	0.39998268861553
15.25	0.399982689079871
15.25	0.399982688767882
15.5	0.399982688920215
15.5	0.399982688816189
15.75	0.399982688864514
15.75	0.399982688829815
16	0.399982688843494
16	0.39998268883191
16.25	0.399982688834092
16.25	0.399982688830217
16.5	0.399982688828642
16.5	0.399982688827342
16.75	0.399982688824613
16.75	0.399982688824173
17	0.399982688821178
17	0.399982688821029
17.25	0.399982688818081
17.25	0.399982688818031
17.5	0.399982688815254
17.5	0.399982688815238
17.75	0.399982688812682
17.75	0.399982688812678
18	0.399982688810377
18	0.399982688810377
18.25	0.39998268880835
18.25	0.399982688808351
18.5	0.399982688806613
18.5	0.399982688806614
18.75	0.399982688805177
18.75	0.399982688805177
19	0.39998268880405
19	0.399982688804048
19.25	0.399982688803239
19.25	0.399982688803235
19.5	0.399982688802749
19.5	0.399982688802742
19.75	0.399982688802583
19.75	0.399982688802573
20	0.399982688802743
0	0.158447998525676
0.25	0.158463996303837
0.25	0.158453331307042
0.5	0.158458663437986
0.5	0.158455108681587
0.75	0.158456885984567
0.75	0.158455701094086
1	0.158456293500429
1	0.158455898541069
1.25	0.158456095989504
1.25	0.158455964337686
1.5	0.158456030136666
1.5	0.158455986253649
1.75	0.15845600817205
1.75	0.158455993545218
2	0.158456000839161
2	0.158455995964348
2.25	0.158455998385755
2.25	0.158455996761578
2.5	0.15845599756097
2.5	0.158455997020298
2.75	0.158455997281058
2.75	0.158455997101512
3	0.158455997184634
3	0.15845599712542
3.25	0.158455997151094
3.25	0.158455997131943
3.5	0.158455997140086
3.5	0.158455997134241
3.75	0.158455997138006
3.75	0.158455997136546
4	0.158455997140158
4	0.158455997140106
4.25	0.15845599714481
4.25	0.158455997145174
4.5	0.158455997151222
4.5	0.15845599715167
4.75	0.158455997158979
4.75	0.158455997159398
5	0.158455997167773
5	0.158455997168128
5.25	0.158455997177336
5.25	0.158455997177614
5.5	0.158455997187416
5.5	0.158455997187615
5.75	0.158455997197775
5.75	0.158455997197895
6	0.158455997208182
6	0.158455997208225
6.25	0.15845599721842
6.25	0.15845599721839
6.5	0.158455997228285
6.5	0.158455997228187
6.75	0.158455997237589
6.75	0.158455997237427
7	0.158455997246162
7	0.158455997245942
7.25	0.158455997253852
7.25	0.158455997253579
7.5	0.158455997260525
7.5	0.158455997260206
7.75	0.15845599726607
7.75	0.158375780792417
8	0.158536213743688
8	0.158614810966962
8.25	0.158297183576507
8.25	0.158658700031888
8.5	0.158253294516289
8.5	0.158712888615812
8.75	0.158199105933424
8.75	0.158775292981268
9	0.158136701563561
9	0.158839351186044
9.25	0.158072643345576
9.25	0.158886729219785
9.5	0.158025265282973
9.5	0.158864491521386
9.75	0.158047502920719
9.75	0.15864831625021
10	0.158263678062518
10	0.158643833782682
10.25	0.158268160326116
10.25	0.15890227672213
10.5	0.158009717233167
10.5	0.158984411717235
10.75	0.157927582152906
10.75	0.158953716471362
11	0.157958277346948
11	0.158881845547561
11.25	0.158030148235423
11.25	0.158803008631669
11.5	0.15810898512518
11.5	0.158730993375767
11.75	0.158181000360517
11.75	0.15867028588044
12	0.158241707838867
12	0.158653523830373
12.25	0.158258469874364
12.25	0.158521727425489
12.5	0.158390266266442
12.5	0.158477894649698
12.75	0.158434099031044
12.75	0.15846329473175
13	0.158448698939339
13	0.158458429311998
13.25	0.158453564350883
13.25	0.158456807638905
13.5	0.15845518601711
13.5	0.158456267094424
13.75	0.158455726555959
13.75	0.158456086913113
14	0.158455906732758
14	0.158456026851703
14.25	0.158455966790659
14.25	0.158456006830391
14.5	0.158455986809351
14.5	0.158456000156017
14.75	0.158455993481883
14.75	0.158455997930846
15	0.158455995705886
15	0.158455997188932
15.25	0.158455996447204
15.25	0.158455996941595
15.5	0.158455996694424
15.5	0.158455996859247
15.75	0.15845599677705
15.75	0.158455996832004
16	0.158455996804897
16	0.158455996823215
16.25	0.158455996814549
16.25	0.158455996820643
16.5	0.15845599681819
16.5	0.158455996820199
16.75	0.158455996819869
16.75	0.158455996820507
17	0.15845599682093
17	0.158455996821103
17.25	0.158455996821819
17.25	0.158455996821828
17.5	0.158455996822678
17.5	0.158455996822628
17.75	0.158455996823563
17.75	0.158455996823488
18	0.158455996824495
18	0.158455996824407
18.25	0.158455996825488
18.25	0.158455996825393
18.5	0.158455996826557
18.5	0.158455996826457
18.75	0.158455996827717
18.75	0.158455996827614
19	0.158455996828988
19	0.158455996828882
19.25	0.158455996830387
19.25	0.158455996830281
19.5	0.158455996831937
19.5	0.158455996831831
19.75	0.158455996833659
19.75	0.158455996833554
20	0.158455996835578
0	-0.2
0.25	-0.2
0.25	-0.2
0.5	-0.2
0.5	-0.2
0.75	-0.2
0.75	-0.2
1	-0.2
1	-0.2
1.25	-0.2
1.25	-0.2
1.5	-0.2
1.5	-0.2
1.75	-0.2
1.75	-0.2
2	-0.2
2	-0.2
2.25	-0.2
2.25	-0.2
2.5	-0.2
2.5	-0.2
2.75	-0.2
2.75	-0.2
3	-0.2
3	-0.2
3.25	-0.2
3.25	-0.2
3.5	-0.2
3.5	-0.2
3.75	-0.2
3.75	-0.2
4	-0.2
4	-0.2
4.25	-0.2
4.25	-0.2
4.5	-0.2
4.5	-0.2
4.75	-0.2
4.75	-0.2
5	-0.2
5	-0.2
5.25	-0.2
5.25	-0.2
5.5	-0.2
5.5	-0.2
5.75	-0.2
5.75	-0.2
6	-0.2
6	-0.2
6.25	-0.2
6.25	-0.2
6.5	-0.2
6.5	-0.2
6.75	-0.2
6.75	-0.2
7	-0.2
7	-0.2
7.25	-0.2
7.25	-0.2
7.5	-0.2
7.5	-0.2
7.75	-0.2
7.75	-0.2
8	-0.2
8	-0.199479166666667
8.25	-0.152604166666667
8.25	-0.152604166666667
8.5	-0.111979166666667
8.5	-0.111979166666667
8.75	-0.0776041666666667
8.75	-0.0776041666666667
9	-0.0494791666666667
9	-0.0494791666666667
9.25	-0.0276041666666667
9.25	-0.0276041666666667
9.5	-0.0119791666666667
9.5	-0.0119791666666667
9.75	-0.00260416666666666
9.75	-0.00260416666666666
10	0.000520833333333336
10	0.000520833333333336
10.25	-0.00260416666666666
10.25	-0.00260416666666666
10.5	-0.0119791666666667
10.5	-0.0119791666666667
10.75	-0.0276041666666667
10.75	-0.0276041666666667
11	-0.0494791666666667
11	-0.0494791666666667
11.25	-0.0776041666666667
11.25	-0.0776041666666667
11.5	-0.111979166666667
11.5	-0.111979166666667
11.75	-0.152604166666667
11.75	-0.152604166666667
12	-0.199479166666667
12	-0.2
12.25	-0.2
12.25	-0.2
12.5	-0.2
12.5	-0.2
12.75	-0.2
12.75	-0.2
13	-0.2
13	-0.2
13.25	-0.2
13.25	-0.2
13.5	-0.2
13.5	-0.2
13.75	-0.2
13.75	-0.2
14	-0.2
14	-0.2
14.25	-0.2
14.25	-0.2
14.5	-0.2
14.5	-0.2
14.75	-0.2
14.75	-0.2
15	-0.2
15	-0.2
15.25	-0.2
15.25	-0.2
15.5	-0.2
15.5	-0.2
15.75	-0.2
15.75	-0.2
16	-0.2
16	-0.2
16.25	-0.2
16.25	-0.2
16.5	-0.2
16.5	-0.2
16.75	-0.2
16.75	-0.2
17	-0.2
17	-0.2
17.25	-0.2
17.25	-0.2
17.5	-0.2
17.5	-0.2
17.75	-0.2
17.75	-0.2
18	-0.2
18	-0.2
18.25	-0.2
18.25	-0.2
18.5	-0.2
18.5	-0.2
18.75	-0.2
18.75	-0.2
19	-0.2
19	-0.2
19.25	-0.2
19.25	-0.2
19.5	-0.2
19.5	-0.2
19.75	-0.2
19.75	-0.2
20	-0.2
