3	1
640
0	0.400000334733537
0.0625	0.400000167375255
0.0625	0.400000278951629
0.125	0.400000223170803
0.125	0.400000260362495
0.1875	0.40000024177364
0.1875	0.400000254170713
0.25	0.400000247978961
0.25	0.400000252111246
0.3125	0.400000250051727
0.3125	0.40000025142911
0.375	0.400000250746896
0.375	0.400000251205988
0.4375	0.400000250982779
0.4375	0.400000251135778
0.5	0.400000251065479
0.5	0.400000251116448
0.5625	0.400000251097027
0.5625	0.400000251113986
0.625	0.400000251111435
0.625	0.400000251117059
0.6875	0.400000251120042
0.6875	0.400000251121887
0.75	0.400000251126626
0.75	0.400000251127212
0.8125	0.400000251132449
0.8125	0.400000251132615
0.875	0.400000251137931
0.875	0.400000251137957
0.9375	0.400000251143214
0.9375	0.400000251143195
1	0.400000251148347
1	0.400000251148312
1.0625	0.400000251153345
1.0625	0.400000251153305
1.125	0.400000251158213
1.125	0.400000251158172
1.1875	0.400000251162956
1.1875	0.400000251162914
1.25	0.400000251167574
1.25	0.400000251167533
1.3125	0.400000251172071
1.3125	0.40000025117203
1.375	0.400000251176446
1.375	0.400000251176405
1.4375	0.400000251180701
1.4375	0.400000251180661
1.5	0.400000251184838
1.5	0.400000251184798
1.5625	0.400000251188856
1.5625	0.400000251188817
1.625	0.400000251192759
1.625	0.40000025119272
1.6875	0.400000251196546
1.6875	0.400000251196508
1.75	0.400000251200219
1.75	0.400000251200181
1.8125	0.400000251203779
1.8125	0.400000251203741
1.875	0.400000251207228
1.875	0.400000251207191
1.9375	0.400000251210569
1.9375	0.400000251210532
2	0.400000251213801
2	0.400000251213764
2.0625	0.400000251216925
2.0625	0.400000251216889
2.125	0.400000251219943
2.125	0.400000251219908
2.1875	0.400000251222856
2.1875	0.400000251222821
2.25	0.400000251225666
2.25	0.400000251225631
2.3125	0.400000251228375
2.3125	0.400000251228341
2.375	0.400000251230984
2.375	0.40000025123095
2.4375	0.400000251233493
2.4375	0.40000025123346
2.5	0.400000251235905
2.5	0.400000251235872
2.5625	0.40000025123822
2.5625	0.400000251238188
2.625	0.40000025124044
2.625	0.400000251240408
2.6875	0.400000251242567
2.6875	0.400000251242536
2.75	0.400000251244603
2.75	0.400000251244572
2.8125	0.400000251246548
2.8125	0.400000251246518
2.875	0.400000251248404
2.875	0.400000251248374
2.9375	0.400000251250172
2.9375	0.400000251250142
3	0.400000251251853
3	0.400000251251824
3.0625	0.400000251253449
3.0625	0.400000251253421
3.125	0.400000251254962
3.125	0.400000251254934
3.1875	0.400000251256392
3.1875	0.400000251256365
3.25	0.400000251257741
3.25	0.400000251257714
3.3125	0.40000025125901
3.3125	0.400000251258983
3.375	0.4000002512602
3.375	0.400000251260174
3.4375	0.400000251261313
3.4375	0.400000251261287
3.5	0.400000251262349
3.5	0.400000251262323
3.5625	0.40000025126331
3.5625	0.400000251263286
3.625	0.4000002512642
3.625	0.400000251264176
3.6875	0.400000251265017
3.6875	0.400000251264993
3.75	0.400000251265762
3.75	0.400000251265738
3.8125	0.400000251266436
3.8125	0.400000251266413
3.875	0.400000251267043
3.875	0.40000025126702
3.9375	0.400000251267582
3.9375	0.400000251267559
4	0.400000251268054
4	0.400000251268032
4.0625	0.400000251268462
4.0625	0.40000025126844
4.125	0.400000251268804
4.125	0.400000251268783
4.1875	0.400000251269085
4.1875	0.400000251269064
4.25	0.400000251269304
4.25	0.400000251269284
4.3125	0.400000251269463
4.3125	0.400000251269443
4.375	0.400000251269562
4.375	0.400000251269542
4.4375	0.400000251269603
4.4375	0.400000251269583
4.5	0.400000251269589
4.5	0.40000025126957
4.5625	0.40000025126952
4.5625	0.400000251269501
4.625	0.400000251269396
4.625	0.400000251269378
4.6875	0.40000025126922
4.6875	0.400000251269202
4.75	0.400000251268991
4.75	0.400000251268974
4.8125	0.400000251268714
4.8125	0.400000251268697
4.875	0.400000251268388
4.875	0.400000251268372
4.9375	0.400000251268016
4.9375	0.400000251268
5	0.400000251267597
5	0.400000251267582
5.0625	0.400000251267135
5.0625	0.40000025126712
5.125	0.400000251266629
5.125	0.400000251266615
5.1875	0.400000251266084
5.1875	0.40000025126607
5.25	0.4000002512655
5.25	0.400000251265487
5.3125	0.400000251264878
5.3125	0.400000251264865
5.375	0.40000025126422
5.375	0.400000251264208
5.4375	0.400000251263528
5.4375	0.400000251263516
5.5	0.400000251262802
5.5	0.400000251262791
5.5625	0.400000251262046
5.5625	0.400000251262036
5.625	0.400000251261262
5.625	0.400000251261252
5.6875	0.400000251260451
5.6875	0.400000251260442
5.75	0.400000251259615
5.75	0.400000251259606
5.8125	0.400000251258755
5.8125	0.400000251258747
5.875	0.400000251257874
5.875	0.400000251257867
5.9375	0.400000251256975
5.9375	0.400000251256968
6	0.400000251256058
6	0.400000251256052
6.0625	0.400000251255126
6.0625	0.400000251255121
6.125	0.400000251254182
6.125	0.400000251254177
6.1875	0.400000251253227
6.1875	0.400000251253223
6.25	0.400000251252263
6.25	0.400000251252259
6.3125	0.400000251251292
6.3125	0.400000251251289
6.375	0.400000251250317
6.375	0.400000251250316
6.4375	0.400000251249342
6.4375	0.400000251249341
6.5	0.400000251248368
6.5	0.400000251248368
6.5625	0.400000251247397
6.5625	0.400000251247397
6.625	0.400000251246431
6.625	0.400000251246433
6.6875	0.400000251245474
6.6875	0.400000251245476
6.75	0.400000251244527
6.75	0.40000025124453
6.8125	0.400000251243592
6.8125	0.400000251243596
6.875	0.400000251242671
6.875	0.400000251242676
6.9375	0.400000251241769
6.9375	0.400000251241774
7	0.400000251240885
7	0.400000251240891
7.0625	0.400000251240024
7.0625	0.400000251240031
7.125	0.400000251239187
7.125	0.400000251239195
7.1875	0.400000251238378
7.1875	0.400000251238386
7.25	0.400000251237597
7.25	0.400000251237606
7.3125	0.400000251236848
7.3125	0.400000251236858
7.375	0.400000251236131
7.375	0.400000251236142
7.4375	0.400000251235449
7.4375	0.400000251235461
7.5	0.400000251234805
7.5	0.400000251234817
7.5625	0.4000002512342
7.5625	0.400000251234213
7.625	0.400000251233635
7.625	0.400000251233649
7.6875	0.400000251233113
7.6875	0.400000251233127
7.75	0.400000251232634
7.75	0.400000251232648
7.8125	0.400000251232201
7.8125	0.400000251232216
7.875	0.400000251231815
7.875	0.40000025123183
7.9375	0.400000251231477
7.9375	0.39999663423727
8	0.400003868208378
8	0.399969525119078
8.0625	0.387127904201
8.0625	0.387124990239194
8.125	0.374635435431502
8.125	0.374631794546992
8.1875	0.362491321229048
8.1875	0.362487038617417
8.25	0.350692660650336
8.25	0.350687707762703
8.3125	0.339236336801524
8.3125	0.339230637772106
8.375	0.328119050658203
8.375	0.328112503869579
8.4375	0.317337335104832
8.4375	0.317329819219546
8.5	0.306887564226718
8.5	0.306878938695401
8.5625	0.296765963492045
8.5625	0.296756066932279
8.625	0.286968623382694
8.625	0.286957270951114
8.6875	0.277491518166775
8.6875	0.277478498261118
8.75	0.268330531475476
8.75	0.268315601826025
8.8125	0.259481490719755
8.8125	0.259464373827389
8.875	0.250940213071645
8.875	0.250920590910721
8.9375	0.242702566805879
8.9375	0.242680074701364
9	0.234764553425631
9	0.234738773034184
9.0625	0.22712241848982
9.0625	0.227092869883745
9.125	0.219772802935618
9.125	0.219738935953251
9.1875	0.212712952818637
9.1875	0.212674138198686
9.25	0.205941015261491
9.25	0.205896536808575
9.3125	0.199456464589938
9.3125	0.199405515096073
9.375	0.193260729685965
9.375	0.193202416304299
9.4375	0.187358139543593
9.4375	0.1872915102768
9.5	0.181757383019888
9.5	0.181681497928557
9.5625	0.176473814717241
9.5625	0.176387909047658
9.625	0.171533167218341
9.625	0.171436998332417
9.6875	0.166977580494231
9.6875	0.166872125185816
9.75	0.162875248069437
9.75	0.162763994444523
9.8125	0.159334748609787
9.8125	0.159225682458717
9.875	0.15652162399231
9.875	0.156428775384946
9.9375	0.15466141822414
9.9375	0.154601179626365
10	0.153989426622617
10	0.153965679215153
10.0625	0.154624605319745
10.0625	0.154615829330972
10.125	0.156472661484089
10.125	0.15644862221264
10.1875	0.159294862111929
10.1875	0.159242542431526
10.25	0.162850704772784
10.25	0.162775253382584
10.3125	0.166965887040328
10.3125	0.166878458634744
10.375	0.171529880126205
10.375	0.171439898655166
10.4375	0.176475318972531
10.4375	0.176388655557
10.5	0.181761327677215
10.5	0.181680963622332
10.5625	0.187363148355569
10.5625	0.187290238212669
10.625	0.193266045802481
10.625	0.193200731420708
10.6875	0.199461692403702
10.6875	0.199403609476622
10.75	0.205945960680146
10.75	0.205894524263206
10.8125	0.212717531158992
10.8125	0.212672086823871
10.875	0.219776987589705
10.875	0.219736887008943
10.9375	0.227126212801638
10.9375	0.227090848656615
11	0.234767975437169
11	0.234736795117164
11.0625	0.242705641058707
11.0625	0.242678149665889
11.125	0.250942966261077
11.125	0.250918724489205
11.1875	0.259483949449272
11.1875	0.25946256923583
11.25	0.268332721153081
11.25	0.268313860583633
11.3125	0.277493462518242
11.3125	0.277476820711109
11.375	0.286970344294296
11.375	0.286955656600604
11.4375	0.296767481028224
11.4375	0.296754514679418
11.5	0.306888896748112
11.5	0.306877446981024
11.5625	0.317338499475447
11.5625	0.317328386116346
11.625	0.328120062621065
11.625	0.32811112708926
11.6875	0.339237211813704
11.6875	0.339229314498733
11.75	0.350693416056295
11.75	0.350686434023119
11.8125	0.362491982351754
11.8125	0.362485807331894
11.875	0.374636053119062
11.875	0.37463058975031
11.9375	0.387128605853089
11.9375	0.387123770135203
12	0.399972454582023
12	0.399992522458991
12.0625	0.400006902617676
12.0625	0.39999731611048
12.125	0.400002109087023
12.125	0.39999891379912
12.1875	0.40000051141275
12.1875	0.399999446340604
12.25	0.399999978873728
12.25	0.399999623852319
12.3125	0.399999801363078
12.3125	0.399999683022895
12.375	0.399999742193337
12.375	0.399999702746633
12.4375	0.39999972247033
12.4375	0.399999709321424
12.5	0.399999715896185
12.5	0.399999711513209
12.5625	0.399999713704963
12.5625	0.399999712243963
12.625	0.399999712974689
12.625	0.39999971248768
12.6875	0.39999971273137
12.6875	0.399999712569026
12.75	0.399999712650343
12.75	0.39999971259622
12.8125	0.399999712623387
12.8125	0.399999712605338
12.875	0.399999712614429
12.875	0.399999712608405
12.9375	0.399999712611445
12.9375	0.399999712609429
13	0.399999712610427
13	0.399999712609748
13.0625	0.39999971261004
13.0625	0.399999712609806
13.125	0.39999971260984
13.125	0.399999712609754
13.1875	0.399999712609678
13.1875	0.399999712609643
13.25	0.399999712609507
13.25	0.399999712609488
13.3125	0.399999712609309
13.3125	0.399999712609296
13.375	0.399999712609081
13.375	0.399999712609069
13.4375	0.399999712608821
13.4375	0.39999971260881
13.5	0.399999712608529
13.5	0.399999712608519
13.5625	0.399999712608207
13.5625	0.399999712608197
13.625	0.399999712607854
13.625	0.399999712607845
13.6875	0.399999712607474
13.6875	0.399999712607465
13.75	0.399999712607065
13.75	0.399999712607056
13.8125	0.399999712606629
13.8125	0.39999971260662
13.875	0.399999712606167
13.875	0.399999712606158
13.9375	0.399999712605679
13.9375	0.39999971260567
14	0.399999712605166
14	0.399999712605158
14.0625	0.399999712604631
14.0625	0.399999712604623
14.125	0.399999712604073
14.125	0.399999712604066
14.1875	0.399999712603494
14.1875	0.399999712603486
14.25	0.399999712602893
14.25	0.399999712602886
14.3125	0.399999712602273
14.3125	0.399999712602266
14.375	0.399999712601634
14.375	0.399999712601628
14.4375	0.399999712600979
14.4375	0.399999712600973
14.5	0.399999712600306
14.5	0.3999997126003
14.5625	0.399999712599618
14.5625	0.399999712599612
14.625	0.399999712598915
14.625	0.399999712598909
14.6875	0.399999712598198
14.6875	0.399999712598192
14.75	0.399999712597468
14.75	0.399999712597464
14.8125	0.399999712596727
14.8125	0.399999712596722
14.875	0.399999712595975
14.875	0.399999712595971
14.9375	0.399999712595213
14.9375	0.399999712595209
15	0.399999712594441
15	0.399999712594437
15.0625	0.399999712593662
15.0625	0.399999712593659
15.125	0.399999712592876
15.125	0.399999712592873
15.1875	0.399999712592083
15.1875	0.39999971259208
15.25	0.399999712591284
15.25	0.39999971259128
15.3125	0.39999971259048
15.3125	0.399999712590477
15.375	0.399999712589672
15.375	0.399999712589669
15.4375	0.39999971258886
15.4375	0.399999712588858
15.5	0.399999712588047
15.5	0.399999712588045
15.5625	0.399999712587233
15.5625	0.39999971258723
15.625	0.399999712586416
15.625	0.399999712586414
15.6875	0.3999997125856
15.6875	0.399999712585598
15.75	0.399999712584785
15.75	0.399999712584783
15.8125	0.399999712583971
15.8125	0.39999971258397
15.875	0.399999712583159
15.875	0.399999712583158
15.9375	0.39999971258235
15.9375	0.399999712582348
16	0.399999712581543
16	0.399999712581542
16.0625	0.399999712580741
16.0625	0.399999712580741
16.125	0.399999712579944
16.125	0.399999712579943
16.1875	0.399999712579151
16.1875	0.399999712579151
16.25	0.399999712578365
16.25	0.399999712578364
16.3125	0.399999712577584
16.3125	0.399999712577583
16.375	0.399999712576809
16.375	0.399999712576809
16.4375	0.399999712576043
16.4375	0.399999712576043
16.5	0.399999712575284
16.5	0.399999712575284
16.5625	0.399999712574534
16.5625	0.399999712574533
16.625	0.399999712573792
16.625	0.399999712573792
16.6875	0.399999712573061
16.6875	0.399999712573061
16.75	0.399999712572339
16.75	0.399999712572339
16.8125	0.399999712571627
16.8125	0.399999712571627
16.875	0.399999712570924
16.875	0.399999712570925
16.9375	0.399999712570233
16.9375	0.399999712570234
17	0.399999712569554
17	0.399999712569555
17.0625	0.399999712568887
17.0625	0.399999712568887
17.125	0.399999712568231
17.125	0.399999712568232
17.1875	0.399999712567587
17.1875	0.399999712567588
17.25	0.399999712566957
17.25	0.399999712566958
17.3125	0.399999712566339
17.3125	0.39999971256634
17.375	0.399999712565735
17.375	0.399999712565736
17.4375	0.399999712565145
17.4375	0.399999712565145
17.5	0.399999712564568
17.5	0.399999712564569
17.5625	0.399999712564005
17.5625	0.399999712564006
17.625	0.399999712563457
17.625	0.399999712563458
17.6875	0.399999712562923
17.6875	0.399999712562923
17.75	0.399999712562403
17.75	0.399999712562404
17.8125	0.399999712561899
17.8125	0.3999997125619
17.875	0.39999971256141
17.875	0.39999971256141
17.9375	0.399999712560936
17.9375	0.399999712560936
18	0.399999712560478
18	0.399999712560479
18.0625	0.399999712560035
18.0625	0.399999712560036
18.125	0.399999712559607
18.125	0.399999712559608
18.1875	0.399999712559196
18.1875	0.399999712559196
18.25	0.3999997125588
18.25	0.399999712558801
18.3125	0.399999712558421
18.3125	0.399999712558422
18.375	0.399999712558058
18.375	0.399999712558059
18.4375	0.399999712557712
18.4375	0.399999712557713
18.5	0.399999712557382
18.5	0.399999712557382
18.5625	0.399999712557068
18.5625	0.399999712557069
18.625	0.399999712556771
18.625	0.399999712556771
18.6875	0.399999712556489
18.6875	0.39999971255649
18.75	0.399999712556225
18.75	0.399999712556226
18.8125	0.399999712555977
18.8125	0.399999712555978
18.875	0.399999712555747
18.875	0.399999712555748
18.9375	0.399999712555534
18.9375	0.399999712555534
19	0.399999712555338
19	0.399999712555338
19.0625	0.399999712555157
19.0625	0.399999712555158
19.125	0.399999712554995
19.125	0.399999712554995
19.1875	0.399999712554849
19.1875	0.399999712554849
19.25	0.39999971255472
19.25	0.39999971255472
19.3125	0.399999712554608
19.3125	0.399999712554608
19.375	0.399999712554514
19.375	0.399999712554513
19.4375	0.399999712554437
19.4375	0.399999712554436
19.5	0.399999712554376
19.5	0.399999712554375
19.5625	0.399999712554333
19.5625	0.399999712554332
19.625	0.399999712554307
19.625	0.399999712554307
19.6875	0.399999712554298
19.6875	0.399999712554297
19.75	0.399999712554305
19.75	0.399999712554304
19.8125	0.39999971255433
19.8125	0.399999712554329
19.875	0.399999712554371
19.875	0.39999971255437
19.9375	0.399999712554429
19.9375	0.399999712554429
20	0.399999712554505
0	0.158479469544108
0.0625	0.15847973475861
0.0625	0.158479557942325
0.125	0.158479646338803
0.125	0.158479587400729
0.1875	0.158479616858687
0.1875	0.158479597212911
0.25	0.158479607025048
0.25	0.158479600476571
0.3125	0.158479603740313
0.3125	0.158479601557558
0.375	0.15847960263867
0.375	0.158479601911141
0.4375	0.158479602264862
0.4375	0.158479602022403
0.5	0.158479602133807
0.5	0.158479602053037
0.5625	0.158479602083812
0.5625	0.158479602056937
0.625	0.158479602060979
0.625	0.158479602052068
0.6875	0.15847960204734
0.6875	0.158479602044417
0.75	0.158479602036906
0.75	0.158479602035978
0.8125	0.158479602027678
0.8125	0.158479602027415
0.875	0.15847960201899
0.875	0.158479602018948
0.9375	0.158479602010617
0.9375	0.158479602010648
1	0.158479602002483
1	0.158479602002538
1.0625	0.158479601994561
1.0625	0.158479601994625
1.125	0.158479601986844
1.125	0.15847960198691
1.1875	0.158479601979329
1.1875	0.158479601979395
1.25	0.15847960197201
1.25	0.158479601972075
1.3125	0.158479601964884
1.3125	0.158479601964949
1.375	0.15847960195795
1.375	0.158479601958014
1.4375	0.158479601951206
1.4375	0.15847960195127
1.5	0.158479601944652
1.5	0.158479601944715
1.5625	0.158479601938283
1.5625	0.158479601938346
1.625	0.158479601932099
1.625	0.15847960193216
1.6875	0.158479601926096
1.6875	0.158479601926157
1.75	0.158479601920275
1.75	0.158479601920335
1.8125	0.158479601914633
1.8125	0.158479601914693
1.875	0.158479601909168
1.875	0.158479601909226
1.9375	0.158479601903873
1.9375	0.15847960190393
2	0.15847960189875
2	0.158479601898807
2.0625	0.158479601893797
2.0625	0.158479601893854
2.125	0.158479601889014
2.125	0.158479601889071
2.1875	0.158479601884398
2.1875	0.158479601884453
2.25	0.158479601879944
2.25	0.158479601879999
2.3125	0.158479601875652
2.3125	0.158479601875705
2.375	0.158479601871518
2.375	0.158479601871571
2.4375	0.15847960186754
2.4375	0.158479601867593
2.5	0.158479601863718
2.5	0.15847960186377
2.5625	0.158479601860048
2.5625	0.158479601860099
2.625	0.158479601856529
2.625	0.15847960185658
2.6875	0.158479601853159
2.6875	0.158479601853208
2.75	0.158479601849932
2.75	0.158479601849981
2.8125	0.158479601846848
2.8125	0.158479601846896
2.875	0.158479601843906
2.875	0.158479601843954
2.9375	0.158479601841105
2.9375	0.158479601841152
3	0.15847960183844
3	0.158479601838486
3.0625	0.15847960183591
3.0625	0.158479601835955
3.125	0.158479601833514
3.125	0.158479601833558
3.1875	0.158479601831247
3.1875	0.158479601831291
3.25	0.158479601829109
3.25	0.158479601829152
3.3125	0.158479601827097
3.3125	0.15847960182714
3.375	0.158479601825211
3.375	0.158479601825253
3.4375	0.158479601823448
3.4375	0.158479601823489
3.5	0.158479601821806
3.5	0.158479601821846
3.5625	0.15847960182028
3.5625	0.15847960182032
3.625	0.158479601818869
3.625	0.158479601818908
3.6875	0.158479601817574
3.6875	0.158479601817612
3.75	0.158479601816393
3.75	0.158479601816431
3.8125	0.158479601815324
3.8125	0.158479601815361
3.875	0.158479601814363
3.875	0.158479601814399
3.9375	0.158479601813509
3.9375	0.158479601813544
4	0.158479601812759
4	0.158479601812794
4.0625	0.158479601812113
4.0625	0.158479601812147
4.125	0.158479601811569
4.125	0.158479601811603
4.1875	0.158479601811124
4.1875	0.158479601811157
4.25	0.158479601810776
4.25	0.158479601810808
4.3125	0.158479601810524
4.3125	0.158479601810556
4.375	0.158479601810366
4.375	0.158479601810397
4.4375	0.158479601810301
4.4375	0.158479601810331
4.5	0.158479601810323
4.5	0.158479601810352
4.5625	0.158479601810431
4.5625	0.15847960181046
4.625	0.158479601810626
4.625	0.158479601810655
4.6875	0.158479601810906
4.6875	0.158479601810935
4.75	0.158479601811268
4.75	0.158479601811295
4.8125	0.158479601811706
4.8125	0.158479601811733
4.875	0.158479601812223
4.875	0.158479601812248
4.9375	0.158479601812813
4.9375	0.158479601812838
5	0.158479601813475
5	0.158479601813499
5.0625	0.158479601814208
5.0625	0.158479601814231
5.125	0.158479601815008
5.125	0.15847960181503
5.1875	0.158479601815872
5.1875	0.158479601815894
5.25	0.158479601816798
5.25	0.158479601816818
5.3125	0.158479601817782
5.3125	0.158479601817803
5.375	0.158479601818825
5.375	0.158479601818844
5.4375	0.158479601819922
5.4375	0.15847960181994
5.5	0.158479601821071
5.5	0.158479601821088
5.5625	0.158479601822268
5.5625	0.158479601822285
5.625	0.15847960182351
5.625	0.158479601823526
5.6875	0.158479601824796
5.6875	0.15847960182481
5.75	0.158479601826121
5.75	0.158479601826134
5.8125	0.158479601827483
5.8125	0.158479601827496
5.875	0.158479601828878
5.875	0.158479601828889
5.9375	0.158479601830302
5.9375	0.158479601830313
6	0.158479601831755
6	0.158479601831765
6.0625	0.158479601833232
6.0625	0.15847960183324
6.125	0.158479601834728
6.125	0.158479601834735
6.1875	0.158479601836241
6.1875	0.158479601836247
6.25	0.158479601837769
6.25	0.158479601837774
6.3125	0.158479601839308
6.3125	0.158479601839312
6.375	0.158479601840852
6.375	0.158479601840855
6.4375	0.158479601842396
6.4375	0.158479601842397
6.5	0.158479601843939
6.5	0.158479601843938
6.5625	0.158479601845477
6.5625	0.158479601845476
6.625	0.158479601847006
6.625	0.158479601847003
6.6875	0.158479601848524
6.6875	0.15847960184852
6.75	0.158479601850025
6.75	0.15847960185002
6.8125	0.158479601851508
6.8125	0.158479601851501
6.875	0.158479601852966
6.875	0.158479601852958
6.9375	0.158479601854394
6.9375	0.158479601854386
7	0.158479601855794
7	0.158479601855784
7.0625	0.158479601857158
7.0625	0.158479601857146
7.125	0.158479601858483
7.125	0.158479601858471
7.1875	0.158479601859766
7.1875	0.158479601859752
7.25	0.158479601861002
7.25	0.158479601860987
7.3125	0.15847960186219
7.3125	0.158479601862174
7.375	0.158479601863325
7.375	0.158479601863308
7.4375	0.158479601864404
7.4375	0.158479601864386
7.5	0.158479601865424
7.5	0.158479601865405
7.5625	0.158479601866384
7.5625	0.158479601866364
7.625	0.158479601867279
7.625	0.158479601867257
7.6875	0.158479601868106
7.6875	0.158479601868084
7.75	0.158479601868865
7.75	0.158479601868842
7.8125	0.158479601869549
7.8125	0.158479601869525
7.875	0.158479601870159
7.875	0.158479601870134
7.9375	0.158479601870693
7.9375	0.158474586369137
8	0.158484617372679
8	0.158488941592491
8.0625	0.158470262150157
8.0625	0.158489876244519
8.125	0.158469327498803
8.125	0.158490663579425
8.1875	0.158468540164398
8.1875	0.158491429589083
8.25	0.158467774155054
8.25	0.158492216872929
8.3125	0.158466986871317
8.3125	0.158493040067531
8.375	0.158466163676597
8.375	0.158493904263058
8.4375	0.158465299480703
8.4375	0.158494811080228
8.5	0.158464392662892
8.5	0.158495760626763
8.5625	0.158463443115416
8.5625	0.158496752068501
8.625	0.158462451672401
8.625	0.158497783722382
8.6875	0.158461420016869
8.6875	0.158498852968048
8.75	0.158460350769139
8.75	0.158499956069231
8.8125	0.158459247665429
8.8125	0.158501087924317
8.875	0.158458115807295
8.875	0.158502241736449
8.9375	0.15845696199153
8.9375	0.1585034085763
9	0.158455795147383
9	0.158504576793339
9.0625	0.158454626925294
9.0625	0.158505731207937
9.125	0.158453472504784
9.125	0.15850685198159
9.1875	0.158452351724227
9.1875	0.158507913008676
9.25	0.158451290689087
9.25	0.158508879590307
9.3125	0.158450324098064
9.3125	0.158509705025424
9.375	0.158449498651981
9.375	0.158510325573382
9.4375	0.158448878091198
9.4375	0.158510653014361
9.5	0.158448550635172
9.5	0.158510563866659
9.5625	0.158448639765155
9.5625	0.158509884684166
9.625	0.158449318926686
9.625	0.158508375422979
9.6875	0.158450828162963
9.6875	0.158505722860478
9.75	0.158453480695759
9.75	0.15850158711409
9.8125	0.158457616406705
9.8125	0.158495816693644
9.875	0.158463386785151
9.875	0.158489008382352
9.9375	0.158470195047698
9.9375	0.158483216561382
10	0.158475986814472
10	0.158481390293316
10.0625	0.158477813026138
10.0625	0.158484728618421
10.125	0.158474474646644
10.125	0.158491402777905
10.1875	0.158467800437955
10.1875	0.158498603313483
10.25	0.158460599859556
10.25	0.158504555686969
10.3125	0.158454647449384
10.3125	0.158508737133615
10.375	0.158450465971356
10.375	0.158511306494656
10.4375	0.158447896583326
10.4375	0.158512631038999
10.5	0.158446572015579
10.5	0.15851306561734
10.5625	0.158446137416758
10.5625	0.158512887555633
10.625	0.158446315460387
10.625	0.158512295867271
10.6875	0.158446907132664
10.6875	0.15851142852916
10.75	0.158447774456354
10.75	0.158510380373024
10.8125	0.158448822599476
10.8125	0.158509216927769
10.875	0.15844998603291
10.875	0.158507984053962
10.9375	0.158451218895918
10.9375	0.158506714356317
11	0.158452488583649
11	0.158505431383125
11.0625	0.158453771547698
11.0625	0.158504152374839
11.125	0.158455050547514
11.125	0.1585028900789
11.1875	0.158456312835573
11.1875	0.158501653965789
11.25	0.158457548941328
11.25	0.158500451059294
11.3125	0.158458751840932
11.3125	0.158499286515841
11.375	0.158459916377908
11.375	0.158498164038553
11.4375	0.15846103884909
11.4375	0.158497086180843
11.5	0.158462116701027
11.5	0.158496054574944
11.5625	0.158463148301454
11.5625	0.158495070108458
11.625	0.15846413276274
11.625	0.158494133064132
11.6875	0.158465069802112
11.6875	0.158493243232965
11.75	0.158465959628549
11.75	0.158492400007449
11.8125	0.158466802849543
11.8125	0.158491602459549
11.875	0.158467600393108
11.875	0.158490849406633
11.9375	0.15846835344186
11.9375	0.158490139467593
12	0.158469063376893
12	0.158490995816724
12.0625	0.158468207023899
12.0625	0.158483399178872
12.125	0.158475803658007
12.125	0.158480867295999
12.1875	0.15847833553725
12.1875	0.158480023370636
12.25	0.158479179459096
12.25	0.158479742065133
12.3125	0.158479460761196
12.3125	0.158479648295989
12.375	0.15847955452705
12.375	0.158479617038598
12.4375	0.158479585781262
12.4375	0.158479606618453
12.5	0.158479596198343
12.5	0.158479603144087
12.5625	0.158479599669755
12.5625	0.158479601985017
12.625	0.158479600825982
12.625	0.15847960159775
12.6875	0.158479601210517
12.6875	0.158479601467787
12.75	0.158479601337859
12.75	0.158479601423629
12.8125	0.158479601379505
12.8125	0.158479601408108
12.875	0.15847960139262
12.875	0.158479601402168
12.9375	0.158479601396261
12.9375	0.158479601399457
13	0.158479601396778
13	0.158479601397855
13.0625	0.158479601396287
13.0625	0.158479601396659
13.125	0.158479601395495
13.125	0.158479601395631
13.1875	0.158479601394634
13.1875	0.158479601394691
13.25	0.158479601393783
13.25	0.158479601393814
13.3125	0.158479601392969
13.3125	0.158479601392991
13.375	0.158479601392199
13.375	0.158479601392218
13.4375	0.158479601391475
13.4375	0.158479601391493
13.5	0.158479601390796
13.5	0.158479601390812
13.5625	0.15847960139016
13.5625	0.158479601390176
13.625	0.158479601389569
13.625	0.158479601389584
13.6875	0.15847960138902
13.6875	0.158479601389035
13.75	0.158479601388514
13.75	0.158479601388528
13.8125	0.158479601388048
13.8125	0.158479601388062
13.875	0.158479601387621
13.875	0.158479601387635
13.9375	0.158479601387234
13.9375	0.158479601387248
14	0.158479601386884
14	0.158479601386897
14.0625	0.15847960138657
14.0625	0.158479601386583
14.125	0.158479601386291
14.125	0.158479601386302
14.1875	0.158479601386044
14.1875	0.158479601386055
14.25	0.158479601385832
14.25	0.158479601385843
14.3125	0.158479601385652
14.3125	0.158479601385663
14.375	0.158479601385504
14.375	0.158479601385514
14.4375	0.158479601385384
14.4375	0.158479601385394
14.5	0.158479601385292
14.5	0.158479601385301
14.5625	0.158479601385227
14.5625	0.158479601385236
14.625	0.158479601385189
14.625	0.158479601385197
14.6875	0.158479601385176
14.6875	0.158479601385184
14.75	0.158479601385188
14.75	0.158479601385195
14.8125	0.158479601385221
14.8125	0.158479601385228
14.875	0.158479601385277
14.875	0.158479601385283
14.9375	0.158479601385354
14.9375	0.15847960138536
15	0.158479601385451
15	0.158479601385456
15.0625	0.158479601385566
15.0625	0.158479601385571
15.125	0.158479601385698
15.125	0.158479601385703
15.1875	0.158479601385847
15.1875	0.158479601385851
15.25	0.158479601386013
15.25	0.158479601386017
15.3125	0.158479601386193
15.3125	0.158479601386197
15.375	0.158479601386389
15.375	0.158479601386392
15.4375	0.158479601386597
15.4375	0.1584796013866
15.5	0.158479601386817
15.5	0.158479601386819
15.5625	0.158479601387048
15.5625	0.15847960138705
15.625	0.158479601387291
15.625	0.158479601387292
15.6875	0.158479601387544
15.6875	0.158479601387545
15.75	0.158479601387805
15.75	0.158479601387806
15.8125	0.158479601388077
15.8125	0.158479601388077
15.875	0.158479601388355
15.875	0.158479601388355
15.9375	0.158479601388641
15.9375	0.158479601388641
16	0.158479601388935
16	0.158479601388934
16.0625	0.158479601389234
16.0625	0.158479601389233
16.125	0.158479601389538
16.125	0.158479601389537
16.1875	0.158479601389848
16.1875	0.158479601389846
16.25	0.158479601390162
16.25	0.15847960139016
16.3125	0.158479601390481
16.3125	0.15847960139048
16.375	0.158479601390804
16.375	0.158479601390802
16.4375	0.15847960139113
16.4375	0.158479601391127
16.5	0.158479601391457
16.5	0.158479601391455
16.5625	0.158479601391789
16.5625	0.158479601391786
16.625	0.158479601392122
16.625	0.158479601392119
16.6875	0.158479601392454
16.6875	0.158479601392451
16.75	0.158479601392791
16.75	0.158479601392787
16.8125	0.158479601393129
16.8125	0.158479601393126
16.875	0.158479601393469
16.875	0.158479601393465
16.9375	0.158479601393809
16.9375	0.158479601393804
17	0.158479601394149
17	0.158479601394145
17.0625	0.15847960139449
17.0625	0.158479601394486
17.125	0.158479601394832
17.125	0.158479601394828
17.1875	0.158479601395174
17.1875	0.15847960139517
17.25	0.158479601395517
17.25	0.158479601395513
17.3125	0.15847960139586
17.3125	0.158479601395856
17.375	0.158479601396203
17.375	0.158479601396198
17.4375	0.158479601396546
17.4375	0.158479601396541
17.5	0.158479601396889
17.5	0.158479601396884
17.5625	0.158479601397232
17.5625	0.158479601397226
17.625	0.158479601397575
17.625	0.15847960139757
17.6875	0.158479601397919
17.6875	0.158479601397913
17.75	0.158479601398262
17.75	0.158479601398257
17.8125	0.158479601398606
17.8125	0.1584796013986
17.875	0.158479601398952
17.875	0.158479601398947
17.9375	0.158479601399299
17.9375	0.158479601399294
18	0.158479601399647
18	0.158479601399641
18.0625	0.158479601399995
18.0625	0.158479601399989
18.125	0.158479601400345
18.125	0.158479601400339
18.1875	0.158479601400697
18.1875	0.158479601400691
18.25	0.15847960140105
18.25	0.158479601401044
18.3125	0.158479601401405
18.3125	0.158479601401399
18.375	0.158479601401761
18.375	0.158479601401755
18.4375	0.158479601402121
18.4375	0.158479601402115
18.5	0.158479601402484
18.5	0.158479601402478
18.5625	0.15847960140285
18.5625	0.158479601402844
18.625	0.158479601403219
18.625	0.158479601403213
18.6875	0.158479601403591
18.6875	0.158479601403585
18.75	0.158479601403967
18.75	0.158479601403961
18.8125	0.158479601404347
18.8125	0.158479601404342
18.875	0.158479601404732
18.875	0.158479601404726
18.9375	0.158479601405121
18.9375	0.158479601405116
19	0.158479601405516
19	0.158479601405511
19.0625	0.158479601405917
19.0625	0.158479601405912
19.125	0.158479601406324
19.125	0.158479601406319
19.1875	0.158479601406737
19.1875	0.158479601406731
19.25	0.158479601407156
19.25	0.15847960140715
19.3125	0.158479601407582
19.3125	0.158479601407577
19.375	0.158479601408016
19.375	0.15847960140801
19.4375	0.158479601408456
19.4375	0.158479601408451
19.5	0.158479601408907
19.5	0.158479601408902
19.5625	0.158479601409366
19.5625	0.158479601409361
19.625	0.158479601409834
19.625	0.158479601409829
19.6875	0.15847960141031
19.6875	0.158479601410305
19.75	0.158479601410796
19.75	0.158479601410791
19.8125	0.158479601411291
19.8125	0.158479601411286
19.875	0.158479601411798
19.875	0.158479601411792
19.9375	0.158479601412314
19.9375	0.158479601412308
20	0.158479601412841
0	-0.2
0.0625	-0.2
0.0625	-0.2
0.125	-0.2
0.125	-0.2
0.1875	-0.2
0.1875	-0.2
0.25	-0.2
0.25	-0.2
0.3125	-0.2
0.3125	-0.2
0.375	-0.2
0.375	-0.2
0.4375	-0.2
0.4375	-0.2
0.5	-0.2
0.5	-0.2
0.5625	-0.2
0.5625	-0.2
0.625	-0.2
0.625	-0.2
0.6875	-0.2
0.6875	-0.2
0.75	-0.2
0.75	-0.2
0.8125	-0.2
0.8125	-0.2
0.875	-0.2
0.875	-0.2
0.9375	-0.2
0.9375	-0.2
1	-0.2
1	-0.2
1.0625	-0.2
1.0625	-0.2
1.125	-0.2
1.125	-0.2
1.1875	-0.2
1.1875	-0.2
1.25	-0.2
1.25	-0.2
1.3125	-0.2
1.3125	-0.2
1.375	-0.2
1.375	-0.2
1.4375	-0.2
1.4375	-0.2
1.5	-0.2
1.5	-0.2
1.5625	-0.2
1.5625	-0.2
1.625	-0.2
1.625	-0.2
1.6875	-0.2
1.6875	-0.2
1.75	-0.2
1.75	-0.2
1.8125	-0.2
1.8125	-0.2
1.875	-0.2
1.875	-0.2
1.9375	-0.2
1.9375	-0.2
2	-0.2
2	-0.2
2.0625	-0.2
2.0625	-0.2
2.125	-0.2
2.125	-0.2
2.1875	-0.2
2.1875	-0.2
2.25	-0.2
2.25	-0.2
2.3125	-0.2
2.3125	-0.2
2.375	-0.2
2.375	-0.2
2.4375	-0.2
2.4375	-0.2
2.5	-0.2
2.5	-0.2
2.5625	-0.2
2.5625	-0.2
2.625	-0.2
2.625	-0.2
2.6875	-0.2
2.6875	-0.2
2.75	-0.2
2.75	-0.2
2.8125	-0.2
2.8125	-0.2
2.875	-0.2
2.875	-0.2
2.9375	-0.2
2.9375	-0.2
3	-0.2
3	-0.2
3.0625	-0.2
3.0625	-0.2
3.125	-0.2
3.125	-0.2
3.1875	-0.2
3.1875	-0.2
3.25	-0.2
3.25	-0.2
3.3125	-0.2
3.3125	-0.2
3.375	-0.2
3.375	-0.2
3.4375	-0.2
3.4375	-0.2
3.5	-0.2
3.5	-0.2
3.5625	-0.2
3.5625	-0.2
3.625	-0.2
3.625	-0.2
3.6875	-0.2
3.6875	-0.2
3.75	-0.2
3.75	-0.2
3.8125	-0.2
3.8125	-0.2
3.875	-0.2
3.875	-0.2
3.9375	-0.2
3.9375	-0.2
4	-0.2
4	-0.2
4.0625	-0.2
4.0625	-0.2
4.125	-0.2
4.125	-0.2
4.1875	-0.2
4.1875	-0.2
4.25	-0.2
4.25	-0.2
4.3125	-0.2
4.3125	-0.2
4.375	-0.2
4.375	-0.2
4.4375	-0.2
4.4375	-0.2
4.5	-0.2
4.5	-0.2
4.5625	-0.2
4.5625	-0.2
4.625	-0.2
4.625	-0.2
4.6875	-0.2
4.6875	-0.2
4.75	-0.2
4.75	-0.2
4.8125	-0.2
4.8125	-0.2
4.875	-0.2
4.875	-0.2
4.9375	-0.2
4.9375	-0.2
5	-0.2
5	-0.2
5.0625	-0.2
5.0625	-0.2
5.125	-0.2
5.125	-0.2
5.1875	-0.2
5.1875	-0.2
5.25	-0.2
5.25	-0.2
5.3125	-0.2
5.3125	-0.2
5.375	-0.2
5.375	-0.2
5.4375	-0.2
5.4375	-0.2
5.5	-0.2
5.5	-0.2
5.5625	-0.2
5.5625	-0.2
5.625	-0.2
5.625	-0.2
5.6875	-0.2
5.6875	-0.2
5.75	-0.2
5.75	-0.2
5.8125	-0.2
5.8125	-0.2
5.875	-0.2
5.875	-0.2
5.9375	-0.2
5.9375	-0.2
6	-0.2
6	-0.2
6.0625	-0.2
6.0625	-0.2
6.125	-0.2
6.125	-0.2
6.1875	-0.2
6.1875	-0.2
6.25	-0.2
6.25	-0.2
6.3125	-0.2
6.3125	-0.2
6.375	-0.2
6.375	-0.2
6.4375	-0.2
6.4375	-0.2
6.5	-0.2
6.5	-0.2
6.5625	-0.2
6.5625	-0.2
6.625	-0.2
6.625	-0.2
6.6875	-0.2
6.6875	-0.2
6.75	-0.2
6.75	-0.2
6.8125	-0.2
6.8125	-0.2
6.875	-0.2
6.875	-0.2
6.9375	-0.2
6.9375	-0.2
7	-0.2
7	-0.2
7.0625	-0.2
7.0625	-0.2
7.125	-0.2
7.125	-0.2
7.1875	-0.2
7.1875	-0.2
7.25	-0.2
7.25	-0.2
7.3125	-0.2
7.3125	-0.2
7.375	-0.2
7.375	-0.2
7.4375	-0.2
7.4375	-0.2
7.5	-0.2
7.5	-0.2
7.5625	-0.2
7.5625	-0.2
7.625	-0.2
7.625	-0.2
7.6875	-0.2
7.6875	-0.2
7.75	-0.2
7.75	-0.2
7.8125	-0.2
7.8125	-0.2
7.875	-0.2
7.875	-0.2
7.9375	-0.2
7.9375	-0.2
8	-0.2
8	-0.199967447916667
8.0625	-0.187662760416667
8.0625	-0.187662760416667
8.125	-0.175748697916667
8.125	-0.175748697916667
8.1875	-0.164225260416667
8.1875	-0.164225260416667
8.25	-0.153092447916667
8.25	-0.153092447916667
8.3125	-0.142350260416667
8.3125	-0.142350260416667
8.375	-0.131998697916667
8.375	-0.131998697916667
8.4375	-0.122037760416667
8.4375	-0.122037760416667
8.5	-0.112467447916667
8.5	-0.112467447916667
8.5625	-0.103287760416667
8.5625	-0.103287760416667
8.625	-0.0944986979166666
8.625	-0.0944986979166667
8.6875	-0.0861002604166667
8.6875	-0.0861002604166667
8.75	-0.0780924479166667
8.75	-0.0780924479166667
8.8125	-0.0704752604166667
8.8125	-0.0704752604166667
8.875	-0.0632486979166667
8.875	-0.0632486979166667
8.9375	-0.0564127604166667
8.9375	-0.0564127604166667
9	-0.0499674479166667
9	-0.0499674479166667
9.0625	-0.0439127604166667
9.0625	-0.0439127604166667
9.125	-0.0382486979166667
9.125	-0.0382486979166667
9.1875	-0.0329752604166667
9.1875	-0.0329752604166667
9.25	-0.0280924479166667
9.25	-0.0280924479166667
9.3125	-0.0236002604166667
9.3125	-0.0236002604166667
9.375	-0.0194986979166667
9.375	-0.0194986979166667
9.4375	-0.0157877604166667
9.4375	-0.0157877604166667
9.5	-0.0124674479166667
9.5	-0.0124674479166667
9.5625	-0.00953776041666667
9.5625	-0.00953776041666667
9.625	-0.00699869791666667
9.625	-0.00699869791666667
9.6875	-0.00485026041666667
9.6875	-0.00485026041666667
9.75	-0.00309244791666667
9.75	-0.00309244791666667
9.8125	-0.00172526041666667
9.8125	-0.00172526041666667
9.875	-0.000748697916666668
9.875	-0.000748697916666668
9.9375	-0.000162760416666668
9.9375	-0.000162760416666668
10	3.25520833333319e-05
10	3.25520833333319e-05
10.0625	-0.000162760416666668
10.0625	-0.000162760416666668
10.125	-0.000748697916666668
10.125	-0.000748697916666668
10.1875	-0.00172526041666667
10.1875	-0.00172526041666667
10.25	-0.00309244791666667
10.25	-0.00309244791666667
10.3125	-0.00485026041666667
10.3125	-0.00485026041666667
10.375	-0.00699869791666667
10.375	-0.00699869791666667
10.4375	-0.00953776041666667
10.4375	-0.00953776041666667
10.5	-0.0124674479166667
10.5	-0.0124674479166667
10.5625	-0.0157877604166667
10.5625	-0.0157877604166667
10.625	-0.0194986979166667
10.625	-0.0194986979166667
10.6875	-0.0236002604166667
10.6875	-0.0236002604166667
10.75	-0.0280924479166667
10.75	-0.0280924479166667
10.8125	-0.0329752604166667
10.8125	-0.0329752604166667
10.875	-0.0382486979166667
10.875	-0.0382486979166667
10.9375	-0.0439127604166667
10.9375	-0.0439127604166667
11	-0.0499674479166667
11	-0.0499674479166667
11.0625	-0.0564127604166667
11.0625	-0.0564127604166667
11.125	-0.0632486979166667
11.125	-0.0632486979166667
11.1875	-0.0704752604166667
11.1875	-0.0704752604166667
11.25	-0.0780924479166667
11.25	-0.0780924479166667
11.3125	-0.0861002604166667
11.3125	-0.0861002604166667
11.375	-0.0944986979166667
11.375	-0.0944986979166666
11.4375	-0.103287760416667
11.4375	-0.103287760416667
11.5	-0.112467447916667
11.5	-0.112467447916667
11.5625	-0.122037760416667
11.5625	-0.122037760416667
11.625	-0.131998697916667
11.625	-0.131998697916667
11.6875	-0.142350260416667
11.6875	-0.142350260416667
11.75	-0.153092447916667
11.75	-0.153092447916667
11.8125	-0.164225260416667
11.8125	-0.164225260416667
11.875	-0.175748697916667
11.875	-0.175748697916667
11.9375	-0.187662760416667
11.9375	-0.187662760416667
12	-0.199967447916667
12	-0.2
12.0625	-0.2
12.0625	-0.2
12.125	-0.2
12.125	-0.2
12.1875	-0.2
12.1875	-0.2
12.25	-0.2
12.25	-0.2
12.3125	-0.2
12.3125	-0.2
12.375	-0.2
12.375	-0.2
12.4375	-0.2
12.4375	-0.2
12.5	-0.2
12.5	-0.2
12.5625	-0.2
12.5625	-0.2
12.625	-0.2
12.625	-0.2
12.6875	-0.2
12.6875	-0.2
12.75	-0.2
12.75	-0.2
12.8125	-0.2
12.8125	-0.2
12.875	-0.2
12.875	-0.2
12.9375	-0.2
12.9375	-0.2
13	-0.2
13	-0.2
13.0625	-0.2
13.0625	-0.2
13.125	-0.2
13.125	-0.2
13.1875	-0.2
13.1875	-0.2
13.25	-0.2
13.25	-0.2
13.3125	-0.2
13.3125	-0.2
13.375	-0.2
13.375	-0.2
13.4375	-0.2
13.4375	-0.2
13.5	-0.2
13.5	-0.2
13.5625	-0.2
13.5625	-0.2
13.625	-0.2
13.625	-0.2
13.6875	-0.2
13.6875	-0.2
13.75	-0.2
13.75	-0.2
13.8125	-0.2
13.8125	-0.2
13.875	-0.2
13.875	-0.2
13.9375	-0.2
13.9375	-0.2
14	-0.2
14	-0.2
14.0625	-0.2
14.0625	-0.2
14.125	-0.2
14.125	-0.2
14.1875	-0.2
14.1875	-0.2
14.25	-0.2
14.25	-0.2
14.3125	-0.2
14.3125	-0.2
14.375	-0.2
14.375	-0.2
14.4375	-0.2
14.4375	-0.2
14.5	-0.2
14.5	-0.2
14.5625	-0.2
14.5625	-0.2
14.625	-0.2
14.625	-0.2
14.6875	-0.2
14.6875	-0.2
14.75	-0.2
14.75	-0.2
14.8125	-0.2
14.8125	-0.2
14.875	-0.2
14.875	-0.2
14.9375	-0.2
14.9375	-0.2
15	-0.2
15	-0.2
15.0625	-0.2
15.0625	-0.2
15.125	-0.2
15.125	-0.2
15.1875	-0.2
15.1875	-0.2
15.25	-0.2
15.25	-0.2
15.3125	-0.2
15.3125	-0.2
15.375	-0.2
15.375	-0.2
15.4375	-0.2
15.4375	-0.2
15.5	-0.2
15.5	-0.2
15.5625	-0.2
15.5625	-0.2
15.625	-0.2
15.625	-0.2
15.6875	-0.2
15.6875	-0.2
15.75	-0.2
15.75	-0.2
15.8125	-0.2
15.8125	-0.2
15.875	-0.2
15.875	-0.2
15.9375	-0.2
15.9375	-0.2
16	-0.2
16	-0.2
16.0625	-0.2
16.0625	-0.2
16.125	-0.2
16.125	-0.2
16.1875	-0.2
16.1875	-0.2
16.25	-0.2
16.25	-0.2
16.3125	-0.2
16.3125	-0.2
16.375	-0.2
16.375	-0.2
16.4375	-0.2
16.4375	-0.2
16.5	-0.2
16.5	-0.2
16.5625	-0.2
16.5625	-0.2
16.625	-0.2
16.625	-0.2
16.6875	-0.2
16.6875	-0.2
16.75	-0.2
16.75	-0.2
16.8125	-0.2
16.8125	-0.2
16.875	-0.2
16.875	-0.2
16.9375	-0.2
16.9375	-0.2
17	-0.2
17	-0.2
17.0625	-0.2
17.0625	-0.2
17.125	-0.2
17.125	-0.2
17.1875	-0.2
17.1875	-0.2
17.25	-0.2
17.25	-0.2
17.3125	-0.2
17.3125	-0.2
17.375	-0.2
17.375	-0.2
17.4375	-0.2
17.4375	-0.2
17.5	-0.2
17.5	-0.2
17.5625	-0.2
17.5625	-0.2
17.625	-0.2
17.625	-0.2
17.6875	-0.2
17.6875	-0.2
17.75	-0.2
17.75	-0.2
17.8125	-0.2
17.8125	-0.2
17.875	-0.2
17.875	-0.2
17.9375	-0.2
17.9375	-0.2
18	-0.2
18	-0.2
18.0625	-0.2
18.0625	-0.2
18.125	-0.2
18.125	-0.2
18.1875	-0.2
18.1875	-0.2
18.25	-0.2
18.25	-0.2
18.3125	-0.2
18.3125	-0.2
18.375	-0.2
18.375	-0.2
18.4375	-0.2
18.4375	-0.2
18.5	-0.2
18.5	-0.2
18.5625	-0.2
18.5625	-0.2
18.625	-0.2
18.625	-0.2
18.6875	-0.2
18.6875	-0.2
18.75	-0.2
18.75	-0.2
18.8125	-0.2
18.8125	-0.2
18.875	-0.2
18.875	-0.2
18.9375	-0.2
18.9375	-0.2
19	-0.2
19	-0.2
19.0625	-0.2
19.0625	-0.2
19.125	-0.2
19.125	-0.2
19.1875	-0.2
19.1875	-0.2
19.25	-0.2
19.25	-0.2
19.3125	-0.2
19.3125	-0.2
19.375	-0.2
19.375	-0.2
19.4375	-0.2
19.4375	-0.2
19.5	-0.2
19.5	-0.2
19.5625	-0.2
19.5625	-0.2
19.625	-0.2
19.625	-0.2
19.6875	-0.2
19.6875	-0.2
19.75	-0.2
19.75	-0.2
19.8125	-0.2
19.8125	-0.2
19.875	-0.2
19.875	-0.2
19.9375	-0.2
19.9375	-0.2
20	-0.2
0	0
0.0625	0
0.0625	0
0.125	0
0.125	0
0.1875	0
0.1875	0
0.25	0
0.25	0
0.3125	0
0.3125	0
0.375	0
0.375	0
0.4375	0
0.4375	0
0.5	0
0.5	0
0.5625	0
0.5625	0
0.625	0
0.625	0
0.6875	0
0.6875	0
0.75	0
0.75	0
0.8125	0
0.8125	0
0.875	0
0.875	0
0.9375	0
0.9375	0
1	0
1	0
1.0625	0
1.0625	0
1.125	0
1.125	0
1.1875	0
1.1875	0
1.25	0
1.25	0
1.3125	0
1.3125	0
1.375	0
1.375	0
1.4375	0
1.4375	0
1.5	0
1.5	0
1.5625	0
1.5625	0
1.625	0
1.625	0
1.6875	0
1.6875	0
1.75	0
1.75	0
1.8125	0
1.8125	0
1.875	0
1.875	0
1.9375	0
1.9375	0
2	0
2	0
2.0625	0
2.0625	0
2.125	0
2.125	0
2.1875	0
2.1875	0
2.25	0
2.25	0
2.3125	0
2.3125	0
2.375	0
2.375	0
2.4375	0
2.4375	0
2.5	0
2.5	0
2.5625	0
2.5625	0
2.625	0
2.625	0
2.6875	0
2.6875	0
2.75	0
2.75	0
2.8125	0
2.8125	0
2.875	0
2.875	0
2.9375	0
2.9375	0
3	0
3	0
3.0625	0
3.0625	0
3.125	0
3.125	0
3.1875	0
3.1875	0
3.25	0
3.25	0
3.3125	0
3.3125	0
3.375	0
3.375	0
3.4375	0
3.4375	0
3.5	0
3.5	0
3.5625	0
3.5625	0
3.625	0
3.625	0
3.6875	0
3.6875	0
3.75	0
3.75	0
3.8125	0
3.8125	0
3.875	0
3.875	0
3.9375	0
3.9375	0
4	0
4	0
4.0625	0
4.0625	0
4.125	0
4.125	0
4.1875	0
4.1875	0
4.25	0
4.25	0
4.3125	0
4.3125	0
4.375	0
4.375	0
4.4375	0
4.4375	0
4.5	0
4.5	0
4.5625	0
4.5625	0
4.625	0
4.625	0
4.6875	0
4.6875	0
4.75	0
4.75	0
4.8125	0
4.8125	0
4.875	0
4.875	0
4.9375	0
4.9375	0
5	0
5	0
5.0625	0
5.0625	0
5.125	0
5.125	0
5.1875	0
5.1875	0
5.25	0
5.25	0
5.3125	0
5.3125	0
5.375	0
5.375	0
5.4375	0
5.4375	0
5.5	0
5.5	0
5.5625	0
5.5625	0
5.625	0
5.625	0
5.6875	0
5.6875	0
5.75	0
5.75	0
5.8125	0
5.8125	0
5.875	0
5.875	0
5.9375	0
5.9375	0
6	0
6	0
6.0625	0
6.0625	0
6.125	0
6.125	0
6.1875	0
6.1875	0
6.25	0
6.25	0
6.3125	0
6.3125	0
6.375	0
6.375	0
6.4375	0
6.4375	0
6.5	0
6.5	0
6.5625	0
6.5625	0
6.625	0
6.625	0
6.6875	0
6.6875	0
6.75	0
6.75	0
6.8125	0
6.8125	0
6.875	0
6.875	0
6.9375	0
6.9375	0
7	0
7	0
7.0625	0
7.0625	0
7.125	0
7.125	0
7.1875	0
7.1875	0
7.25	0
7.25	0
7.3125	0
7.3125	0
7.375	0
7.375	0
7.4375	0
7.4375	0
7.5	0
7.5	0
7.5625	0
7.5625	0
7.625	0
7.625	0
7.6875	0
7.6875	0
7.75	0
7.75	0
7.8125	0
7.8125	0
7.875	0
7.875	0
7.9375	0
7.9375	0
8	0
8	0.0123046875
8.0625	0.0123046875
8.0625	0.0119140625
8.125	0.0119140625
8.125	0.0115234375
8.1875	0.0115234375
8.1875	0.0111328125
8.25	0.0111328125
8.25	0.0107421875
8.3125	0.0107421875
8.3125	0.0103515625
8.375	0.0103515625
8.375	0.00996093750000001
8.4375	0.00996093750000001
8.4375	0.00957031249999998
8.5	0.00957031249999998
8.5	0.00917968749999998
8.5625	0.00917968749999998
8.5625	0.0087890625
8.625	0.0087890625
8.625	0.00839843750000002
8.6875	0.00839843750000002
8.6875	0.00800781250000001
8.75	0.00800781250000001
8.75	0.00761718750000001
8.8125	0.00761718750000001
8.8125	0.0072265625
8.875	0.0072265625
8.875	0.0068359375
8.9375	0.0068359375
8.9375	0.00644531250000001
9	0.00644531250000001
9	0.0060546875
9.0625	0.0060546875
9.0625	0.0056640625
9.125	0.0056640625
9.125	0.0052734375
9.1875	0.0052734375
9.1875	0.00488281250000001
9.25	0.00488281250000001
9.25	0.0044921875
9.3125	0.0044921875
9.3125	0.0041015625
9.375	0.0041015625
9.375	0.0037109375
9.4375	0.0037109375
9.4375	0.0033203125
9.5	0.0033203125
9.5	0.0029296875
9.5625	0.0029296875
9.5625	0.0025390625
9.625	0.0025390625
9.625	0.0021484375
9.6875	0.0021484375
9.6875	0.0017578125
9.75	0.0017578125
9.75	0.0013671875
9.8125	0.0013671875
9.8125	0.0009765625
9.875	0.0009765625
9.875	0.0005859375
9.9375	0.0005859375
9.9375	0.0001953125
10	0.0001953125
10	-0.0001953125
10.0625	-0.0001953125
10.0625	-0.0005859375
10.125	-0.0005859375
10.125	-0.0009765625
10.1875	-0.0009765625
10.1875	-0.0013671875
10.25	-0.0013671875
10.25	-0.0017578125
10.3125	-0.0017578125
10.3125	-0.0021484375
10.375	-0.0021484375
10.375	-0.0025390625
10.4375	-0.0025390625
10.4375	-0.0029296875
10.5	-0.0029296875
10.5	-0.0033203125
10.5625	-0.0033203125
10.5625	-0.0037109375
10.625	-0.0037109375
10.625	-0.0041015625
10.6875	-0.0041015625
10.6875	-0.0044921875
10.75	-0.0044921875
10.75	-0.00488281250000001
10.8125	-0.00488281250000001
10.8125	-0.0052734375
10.875	-0.0052734375
10.875	-0.0056640625
10.9375	-0.0056640625
10.9375	-0.0060546875
11	-0.0060546875
11	-0.00644531250000001
11.0625	-0.00644531250000001
11.0625	-0.0068359375
11.125	-0.0068359375
11.125	-0.0072265625
11.1875	-0.0072265625
11.1875	-0.00761718750000001
11.25	-0.00761718750000001
11.25	-0.00800781250000001
11.3125	-0.00800781250000001
11.3125	-0.00839843750000002
11.375	-0.00839843750000002
11.375	-0.0087890625
11.4375	-0.0087890625
11.4375	-0.00917968749999998
11.5	-0.00917968749999998
11.5	-0.00957031249999998
11.5625	-0.00957031249999998
11.5625	-0.00996093750000001
11.625	-0.00996093750000001
11.625	-0.0103515625
11.6875	-0.0103515625
11.6875	-0.0107421875
11.75	-0.0107421875
11.75	-0.0111328125
11.8125	-0.0111328125
11.8125	-0.0115234375
11.875	-0.0115234375
11.875	-0.0119140625
11.9375	-0.0119140625
11.9375	-0.0123046875
12	-0.0123046875
12	0
12.0625	0
12.0625	0
12.125	0
12.125	0
12.1875	0
12.1875	0
12.25	0
12.25	0
12.3125	0
12.3125	0
12.375	0
12.375	0
12.4375	0
12.4375	0
12.5	0
12.5	0
12.5625	0
12.5625	0
12.625	0
12.625	0
12.6875	0
12.6875	0
12.75	0
12.75	0
12.8125	0
12.8125	0
12.875	0
12.875	0
12.9375	0
12.9375	0
13	0
13	0
13.0625	0
13.0625	0
13.125	0
13.125	0
13.1875	0
13.1875	0
13.25	0
13.25	0
13.3125	0
13.3125	0
13.375	0
13.375	0
13.4375	0
13.4375	0
13.5	0
13.5	0
13.5625	0
13.5625	0
13.625	0
13.625	0
13.6875	0
13.6875	0
13.75	0
13.75	0
13.8125	0
13.8125	0
13.875	0
13.875	0
13.9375	0
13.9375	0
14	0
14	0
14.0625	0
14.0625	0
14.125	0
14.125	0
14.1875	0
14.1875	0
14.25	0
14.25	0
14.3125	0
14.3125	0
14.375	0
14.375	0
14.4375	0
14.4375	0
14.5	0
14.5	0
14.5625	0
14.5625	0
14.625	0
14.625	0
14.6875	0
14.6875	0
14.75	0
14.75	0
14.8125	0
14.8125	0
14.875	0
14.875	0
14.9375	0
14.9375	0
15	0
15	0
15.0625	0
15.0625	0
15.125	0
15.125	0
15.1875	0
15.1875	0
15.25	0
15.25	0
15.3125	0
15.3125	0
15.375	0
15.375	0
15.4375	0
15.4375	0
15.5	0
15.5	0
15.5625	0
15.5625	0
15.625	0
15.625	0
15.6875	0
15.6875	0
15.75	0
15.75	0
15.8125	0
15.8125	0
15.875	0
15.875	0
15.9375	0
15.9375	0
16	0
16	0
16.0625	0
16.0625	0
16.125	0
16.125	0
16.1875	0
16.1875	0
16.25	0
16.25	0
16.3125	0
16.3125	0
16.375	0
16.375	0
16.4375	0
16.4375	0
16.5	0
16.5	0
16.5625	0
16.5625	0
16.625	0
16.625	0
16.6875	0
16.6875	0
16.75	0
16.75	0
16.8125	0
16.8125	0
16.875	0
16.875	0
16.9375	0
16.9375	0
17	0
17	0
17.0625	0
17.0625	0
17.125	0
17.125	0
17.1875	0
17.1875	0
17.25	0
17.25	0
17.3125	0
17.3125	0
17.375	0
17.375	0
17.4375	0
17.4375	0
17.5	0
17.5	0
17.5625	0
17.5625	0
17.625	0
17.625	0
17.6875	0
17.6875	0
17.75	0
17.75	0
17.8125	0
17.8125	0
17.875	0
17.875	0
17.9375	0
17.9375	0
18	0
18	0
18.0625	0
18.0625	0
18.125	0
18.125	0
18.1875	0
18.1875	0
18.25	0
18.25	0
18.3125	0
18.3125	0
18.375	0
18.375	0
18.4375	0
18.4375	0
18.5	0
18.5	0
18.5625	0
18.5625	0
18.625	0
18.625	0
18.6875	0
18.6875	0
18.75	0
18.75	0
18.8125	0
18.8125	0
18.875	0
18.875	0
18.9375	0
18.9375	0
19	0
19	0
19.0625	0
19.0625	0
19.125	0
19.125	0
19.1875	0
19.1875	0
19.25	0
19.25	0
19.3125	0
19.3125	0
19.375	0
19.375	0
19.4375	0
19.4375	0
19.5	0
19.5	0
19.5625	0
19.5625	0
19.625	0
19.625	0
19.6875	0
19.6875	0
19.75	0
19.75	0
19.8125	0
19.8125	0
19.875	0
19.875	0
19.9375	0
19.9375	0
20	0
