3	0
40
0	0.401397160600112
1	0.400707402586445
1	0.401166789989134
2	0.400938047993956
2	0.401090492959954
3	0.401014375204666
3	0.401065114869175
4	0.401039756636496
4	0.401056661514194
5	0.401048210363626
5	0.401053844396793
6	0.401051027524329
6	0.401052905432421
7	0.401051966495634
7	0.400140096588586
8	0.401963696800476
8	0.393798448975369
9	0.229745186475918
9	0.227034911144688
10	0.151884119456847
10	0.131630209920346
11	0.232355143418629
11	0.223893877567022
12	0.393636471389404
12	0.396401284781161
13	0.401156806013836
13	0.398015195803844
14	0.399556199868545
14	0.398531901617399
15	0.399040878129973
15	0.398701892569127
16	0.398871037706164
16	0.398758310986348
17	0.398814635896627
17	0.398777090027649
18	0.39879585869659
18	0.398783346702805
19	0.398789602226
19	0.398785431927703
20	0.398787517023747
0	0.156253984021241
1	0.157353039716983
1	0.156621339577494
2	0.156985684166412
2	0.156742898228285
3	0.156864125518043
3	0.156783319558672
4	0.156823704187314
4	0.15679678245879
5	0.156810241284876
5	0.156801268883883
6	0.156805754856326
6	0.156802764223311
7	0.156804259513072
7	0.155542552994991
8	0.158064470737803
8	0.160051687010932
9	0.153555336718847
9	0.161273493458849
10	0.15233353026874
10	0.164098837129181
11	0.149508186602666
11	0.162302908275009
12	0.151304115462441
12	0.160594648150352
13	0.153012375589271
13	0.158026972771748
14	0.155580050969052
14	0.157207067019266
15	0.156399956721917
15	0.156937563604381
16	0.156669460136499
16	0.156848144195558
17	0.156758879544448
17	0.156818383589418
18	0.156788640149258
18	0.156808468473435
19	0.156798555263553
19	0.156805163999291
20	0.156801859735729
0	-0.2
1	-0.2
1	-0.2
2	-0.2
2	-0.2
3	-0.2
3	-0.2
4	-0.2
4	-0.2
5	-0.2
5	-0.2
6	-0.2
6	-0.2
7	-0.2
7	-0.2
8	-0.2
8	-0.191666666666667
9	-0.0416666666666667
9	-0.0416666666666667
10	0.00833333333333333
10	0.00833333333333333
11	-0.0416666666666667
11	-0.0416666666666667
12	-0.191666666666667
12	-0.2
13	-0.2
13	-0.2
14	-0.2
14	-0.2
15	-0.2
15	-0.2
16	-0.2
16	-0.2
17	-0.2
17	-0.2
18	-0.2
18	-0.2
19	-0.2
19	-0.2
20	-0.2
