3	1
80
0	0.405062648669369
0.5	0.404299184339755
0.5	0.404313942679929
1	0.403666874640352
1	0.403686280154432
1.5	0.403141769394659
1.5	0.403156047775186
2	0.402691930608123
2	0.402703404712747
2.5	0.402309414889772
2.5	0.402319622208524
3	0.401991738902957
3	0.402001244677261
3.5	0.401736520032072
3.5	0.401745235372491
4	0.401538905440227
4	0.401546482594639
4.5	0.401390977970476
4.5	0.401397069861826
5	0.401282810776671
5	0.401287482685669
5.5	0.401206147961499
5.5	0.401210157025254
6	0.401156823364989
6	0.401160809487045
6.5	0.401130371343123
6.5	0.401134004001165
7	0.401117311550025
7	0.401120052867937
7.5	0.401106577029367
7.5	0.400935398690792
8	0.401263927813065
8	0.399203847519306
8.5	0.306286293033589
8.5	0.306182302870883
9	0.234517070056216
9	0.233913823236737
9.5	0.182146554535774
9.5	0.179730425272769
10	0.152272748769854
10	0.148534579808861
10.5	0.180885709948913
10.5	0.179151363549161
11	0.233758878100758
11	0.232324018773875
11.5	0.304967807605036
11.5	0.304419999091344
12	0.397859577706752
12	0.399324566168174
12.5	0.399982115585235
12.5	0.399717168068596
13	0.399805145470429
13	0.399793579624765
13.5	0.399810723894894
13.5	0.39980396749529
14	0.399791652230306
14	0.399791112935659
14.5	0.399778097550391
14.5	0.399779417828722
15	0.399768252545931
15	0.399769173980513
15.5	0.39975608024837
15.5	0.399756609348003
16	0.399740409315106
16	0.399740863956128
16.5	0.399721563610822
16.5	0.399722037067082
17	0.399699460444453
17	0.399699974507406
17.5	0.399673823664233
17.5	0.399674410895678
18	0.399644356642047
18	0.39964504931693
18.5	0.399610669756974
18.5	0.399611498820214
19	0.399572217462938
19	0.39957322638507
19.5	0.399528224125041
19.5	0.399529472666861
20	0.399477581130534
0	0.150425658483925
0.5	0.151678402110181
0.5	0.15165404612247
1	0.152720549189203
1	0.152688306113013
1.5	0.153594137985642
1.5	0.153569746994207
2	0.154353671665194
2	0.154333350562091
2.5	0.155014917322732
2.5	0.154996186646909
3	0.155584884511825
3	0.155566874001596
3.5	0.156070288202269
3.5	0.156053239435444
4	0.156481372702227
4	0.15646602706124
4.5	0.156832430172585
4.5	0.156819633901548
5	0.157139553780869
5	0.157129602990284
5.5	0.157414127874933
5.5	0.157406285917925
6	0.157658407490274
6	0.157652103467512
6.5	0.157872267699909
6.5	0.157868320548958
7	0.158061096136763
7	0.158060373195002
7.5	0.158231563675788
7.5	0.157821875168543
8	0.158796709756006
8	0.159059323806266
8.5	0.157848506328889
8.5	0.159527858917257
9	0.157628492639252
9	0.159928108887482
9.5	0.157427470807407
9.5	0.159496483604042
10	0.158002394064275
10	0.159925748184413
10.5	0.157579848069983
10.5	0.160282831067567
11	0.157183521630316
11	0.159893236629398
11.5	0.157652440516721
11.5	0.159397584906503
12	0.157684579598171
12	0.158780884758815
12.5	0.157711457094971
12.5	0.158131403257158
13	0.15800885834945
13	0.158032064494177
13.5	0.158001930870211
13.5	0.158015355324341
14	0.158008682909071
14	0.158010926344195
14.5	0.157994265036966
14.5	0.157994001665901
15	0.15796492367554
15	0.157965558045771
15.5	0.157927453339779
15.5	0.157928555478375
16	0.157883262120847
16	0.157884447678208
16.5	0.157832637716935
16.5	0.157833930442846
17	0.157775508169689
17	0.157776944488881
17.5	0.157711337452566
17.5	0.157712941877527
18	0.157639206375989
18	0.157641017218648
18.5	0.1575578548007
18.5	0.157559938606971
19	0.157465702435521
19	0.157468172483539
19.5	0.157360716048633
19.5	0.157363727286003
20	0.157240149051732
0	-0.2
0.5	-0.2
0.5	-0.2
1	-0.2
1	-0.2
1.5	-0.2
1.5	-0.2
2	-0.2
2	-0.2
2.5	-0.2
2.5	-0.2
3	-0.2
3	-0.2
3.5	-0.2
3.5	-0.2
4	-0.2
4	-0.2
4.5	-0.2
4.5	-0.2
5	-0.2
5	-0.2
5.5	-0.2
5.5	-0.2
6	-0.2
6	-0.2
6.5	-0.2
6.5	-0.2
7	-0.2
7	-0.2
7.5	-0.2
7.5	-0.2
8	-0.2
8	-0.197916666666667
8.5	-0.110416666666667
8.5	-0.110416666666667
9	-0.0479166666666667
9	-0.0479166666666667
9.5	-0.0104166666666667
9.5	-0.0104166666666667
10	0.00208333333333335
10	0.00208333333333335
10.5	-0.0104166666666667
10.5	-0.0104166666666667
11	-0.0479166666666667
11	-0.0479166666666667
11.5	-0.110416666666667
11.5	-0.110416666666667
12	-0.197916666666667
12	-0.2
12.5	-0.2
12.5	-0.2
13	-0.2
13	-0.2
13.5	-0.2
13.5	-0.2
14	-0.2
14	-0.2
14.5	-0.2
14.5	-0.2
15	-0.2
15	-0.2
15.5	-0.2
15.5	-0.2
16	-0.2
16	-0.2
16.5	-0.2
16.5	-0.2
17	-0.2
17	-0.2
17.5	-0.2
17.5	-0.2
18	-0.2
18	-0.2
18.5	-0.2
18.5	-0.2
19	-0.2
19	-0.2
19.5	-0.2
19.5	-0.2
20	-0.2
0	0.0500408917783621
0.5	0.0500408917783621
0.5	0.000146125651226046
1	0.000146125651226046
1	0.000192412860069449
1.5	0.000192412860069449
1.5	0.000141747609392039
2	0.000141747609392039
2	0.000114026537504664
2.5	0.000114026537504664
2.5	0.000101526037706262
3	0.000101526037706262
3	9.46156797990013e-05
3.5	9.46156797990013e-05
3.5	8.67970895953013e-05
4	8.67970895953013e-05
4	7.54943448451492e-05
4.5	7.54943448451492e-05
4.5	6.0715523851258e-05
5	6.0715523851258e-05
5	4.65739071072552e-05
5.5	4.65739071072552e-05
5.5	3.99723618612526e-05
6	3.99723618612526e-05
6	3.97473887065695e-05
6.5	3.97473887065695e-05
6.5	3.62246447458988e-05
7	3.62246447458988e-05
7	2.73370901914963e-05
7.5	2.73370901914963e-05
7.5	0.00170709033109344
8	0.00170709033109344
8	0.0233605565998337
8.5	0.0233605565998337
8.5	0.0015386023383486
9	0.0015386023383486
9	0.0115992168847184
9.5	0.0115992168847184
9.5	0.0582194255641279
10	0.0582194255641279
10	0.090781754339464
10.5	0.090781754339464
10.5	0.0336023899130629
11	0.0336023899130629
11	0.0213643214145816
11.5	0.0213643214145816
11.5	0.00624034627512268
12	0.00624034627512268
12	0.0146625920137665
12.5	0.0146625920137665
12.5	0.00265105819730767
13	0.00265105819730767
13	0.000115715796481311
13.5	0.000115715796481311
13.5	6.75981711316288e-05
14	6.75981711316288e-05
14	5.39581253921657e-06
14.5	5.39581253921657e-06
14.5	1.32102728402585e-05
15	1.32102728402585e-05
15	9.21981740820544e-06
15.5	9.21981740820544e-06
15.5	5.29432145270427e-06
16	5.29432145270427e-06
16	4.5494659797633e-06
16.5	4.5494659797633e-06
16.5	4.73798844811805e-06
17	4.73798844811805e-06
17	5.14465595361615e-06
17.5	5.14465595361615e-06
17.5	5.87731863813983e-06
18	5.87731863813983e-06
18	6.93319852578387e-06
18.5	6.93319852578387e-06
18.5	8.29909945527888e-06
19	8.29909945527888e-06
19	1.0100564792493e-05
19.5	1.0100564792493e-05
19.5	1.25009325892133e-05
20	1.25009325892133e-05
