3	1
320
0	0.400002626226023
0.125	0.400001313160246
0.125	0.400002188544129
0.25	0.400001750869995
0.25	0.40000204266126
0.375	0.400001896779408
0.375	0.400001994042509
0.5	0.400001945423701
0.5	0.400001977844493
0.625	0.400001961646193
0.625	0.400001972452967
0.75	0.4000019670611
0.75	0.400001970663225
0.875	0.400001968873131
0.875	0.400001970073715
1	0.40000196948385
1	0.400001969883924
1.125	0.400001969693785
1.125	0.400001969827027
1.25	0.400001969769787
1.25	0.400001969814087
1.375	0.400001969800812
1.375	0.400001969815467
1.5	0.40000196981652
1.5	0.400001969821295
1.625	0.400001969826804
1.625	0.400001969828289
1.75	0.40000196983497
1.75	0.400001969835361
1.875	0.400001969842128
1.875	0.400001969842157
2	0.400001969848656
2	0.400001969848567
2.125	0.400001969854687
2.125	0.400001969854561
2.25	0.400001969860272
2.25	0.400001969860136
2.375	0.400001969865436
2.375	0.400001969865299
2.5	0.400001969870195
2.5	0.40000196987006
2.625	0.400001969874561
2.625	0.400001969874429
2.75	0.400001969878546
2.75	0.400001969878417
2.875	0.400001969882159
2.875	0.400001969882035
3	0.400001969885413
3	0.400001969885292
3.125	0.400001969888317
3.125	0.400001969888199
3.25	0.400001969890882
3.25	0.400001969890767
3.375	0.400001969893117
3.375	0.400001969893007
3.5	0.400001969895034
3.5	0.400001969894926
3.625	0.400001969896641
3.625	0.400001969896537
3.75	0.400001969897948
3.75	0.400001969897847
3.875	0.400001969898966
3.875	0.400001969898869
4	0.400001969899707
4	0.400001969899613
4.125	0.400001969900178
4.125	0.400001969900087
4.25	0.40000196990039
4.25	0.400001969900303
4.375	0.400001969900356
4.375	0.400001969900272
4.5	0.400001969900085
4.5	0.400001969900005
4.625	0.40000196989959
4.625	0.400001969899515
4.75	0.400001969898884
4.75	0.400001969898812
4.875	0.400001969897977
4.875	0.40000196989791
5	0.400001969896884
5	0.400001969896821
5.125	0.400001969895618
5.125	0.40000196989556
5.25	0.400001969894195
5.25	0.400001969894141
5.375	0.400001969892629
5.375	0.400001969892581
5.5	0.400001969890937
5.5	0.400001969890893
5.625	0.400001969889132
5.625	0.400001969889094
5.75	0.400001969887234
5.75	0.4000019698872
5.875	0.400001969885259
5.875	0.400001969885232
6	0.400001969883225
6	0.400001969883203
6.125	0.40000196988115
6.125	0.400001969881134
6.25	0.400001969879052
6.25	0.400001969879042
6.375	0.400001969876949
6.375	0.400001969876945
6.5	0.40000196987486
6.5	0.400001969874862
6.625	0.400001969872802
6.625	0.400001969872811
6.75	0.400001969870794
6.75	0.400001969870809
6.875	0.400001969868853
6.875	0.400001969868873
7	0.400001969866997
7	0.400001969867023
7.125	0.40000196986524
7.125	0.400001969865272
7.25	0.4000019698636
7.25	0.400001969863636
7.375	0.40000196986209
7.375	0.400001969862132
7.5	0.400001969860726
7.5	0.400001969860772
7.625	0.40000196985952
7.625	0.400001969859571
7.75	0.400001969858484
7.75	0.400001969858539
7.875	0.40000196985763
7.875	0.399987502552195
8	0.400016436889938
8	0.399879603064241
8.125	0.374553171993952
8.125	0.374541866815877
8.25	0.350613635705535
8.25	0.350597541739121
8.375	0.328043718358458
8.375	0.328021754262497
8.5	0.306816624363503
8.5	0.306787035189009
8.625	0.286903005485723
8.625	0.286863363439147
8.75	0.268271406250984
8.75	0.268218472326402
8.875	0.250889030879982
8.875	0.250818519058587
9	0.234723096476795
9	0.234629336200742
9.125	0.219743232498649
9.125	0.219618706988405
9.25	0.205925863348671
9.25	0.205760613653932
9.375	0.193262675207544
9.375	0.193043676392445
9.5	0.181778290818773
9.5	0.181489453222064
9.625	0.171570653714086
9.625	0.171196453502665
9.75	0.162911266559188
9.75	0.162456516120969
9.875	0.156493285866329
9.875	0.156054565490161
10	0.153802205859562
10	0.153602074085674
10.125	0.156244613137698
10.125	0.156161862650655
10.25	0.162751639254302
10.25	0.162532119150374
10.375	0.171529197172483
10.375	0.17122411412286
10.5	0.181793630097695
10.5	0.181490714586772
10.625	0.19329624608784
10.625	0.193033492381372
10.75	0.205961386274984
10.75	0.205746165147605
10.875	0.219775096379577
10.875	0.219603115867104
11	0.234749928978054
11	0.234613916720503
11.125	0.250910961194954
11.125	0.250803811907174
11.25	0.268289012064984
11.25	0.268204684002124
11.375	0.286916937591723
11.375	0.28685054978216
11.5	0.306827489876535
11.5	0.30677517856237
11.625	0.328052064147681
11.625	0.328010794706515
11.75	0.350619986634353
11.75	0.350587381995503
11.875	0.374558147075276
11.875	0.374532346394028
12	0.399890856328423
12	0.399968277711347
12.125	0.400027216978814
12.125	0.399987928583565
12.25	0.400007568119313
12.25	0.399994475590109
12.375	0.400001021337671
12.375	0.399996657561329
12.5	0.399998839392583
12.5	0.399997384844883
12.625	0.399998112112784
12.625	0.399997627268457
12.75	0.39999786969019
12.75	0.399997708075932
12.875	0.399997788883105
12.875	0.399997735011716
13	0.399997761947373
13	0.39999774399022
13.125	0.39999775296862
13.125	0.399997746982874
13.25	0.399997749975431
13.25	0.399997747980154
13.375	0.399997748977343
13.375	0.399997748312224
13.5	0.399997748644206
13.5	0.399997748422473
13.625	0.399997748532641
13.625	0.399997748458705
13.75	0.39999774849486
13.75	0.399997748470191
13.875	0.399997748481605
13.875	0.399997748473359
14	0.399997748476461
14	0.399997748473692
14.125	0.399997748473964
14.125	0.399997748473021
14.25	0.399997748472296
14.25	0.399997748471963
14.375	0.399997748470856
14.375	0.399997748470728
14.5	0.399997748469448
14.5	0.399997748469389
14.625	0.399997748468012
14.625	0.399997748467978
14.75	0.399997748466535
14.75	0.39999774846651
14.875	0.399997748465014
14.875	0.399997748464993
15	0.399997748463455
15	0.399997748463437
15.125	0.399997748461864
15.125	0.399997748461848
15.25	0.399997748460247
15.25	0.399997748460233
15.375	0.399997748458611
15.375	0.399997748458599
15.5	0.399997748456963
15.5	0.399997748456952
15.625	0.399997748455308
15.625	0.399997748455299
15.75	0.399997748453652
15.75	0.399997748453645
15.875	0.399997748452002
15.875	0.399997748451995
16	0.399997748450362
16	0.399997748450356
16.125	0.399997748448737
16.125	0.399997748448733
16.25	0.399997748447133
16.25	0.39999774844713
16.375	0.399997748445555
16.375	0.399997748445553
16.5	0.399997748444005
16.5	0.399997748444004
16.625	0.399997748442488
16.625	0.399997748442488
16.75	0.399997748441009
16.75	0.399997748441009
16.875	0.39999774843957
16.875	0.399997748439571
17	0.399997748438175
17	0.399997748438177
17.125	0.399997748436827
17.125	0.399997748436829
17.25	0.399997748435528
17.25	0.399997748435531
17.375	0.399997748434282
17.375	0.399997748434284
17.5	0.399997748433091
17.5	0.399997748433093
17.625	0.399997748431956
17.625	0.399997748431959
17.75	0.399997748430879
17.75	0.399997748430882
17.875	0.399997748429863
17.875	0.399997748429866
18	0.399997748428908
18	0.39999774842891
18.125	0.399997748428015
18.125	0.399997748428018
18.25	0.399997748427187
18.25	0.39999774842719
18.375	0.399997748426425
18.375	0.399997748426427
18.5	0.399997748425729
18.5	0.399997748425731
18.625	0.399997748425099
18.625	0.399997748425101
18.75	0.399997748424537
18.75	0.399997748424538
18.875	0.399997748424044
18.875	0.399997748424045
19	0.399997748423618
19	0.399997748423619
19.125	0.399997748423262
19.125	0.399997748423263
19.25	0.399997748422976
19.25	0.399997748422976
19.375	0.39999774842276
19.375	0.399997748422759
19.5	0.399997748422613
19.5	0.399997748422611
19.625	0.399997748422536
19.625	0.399997748422534
19.75	0.399997748422529
19.75	0.399997748422527
19.875	0.399997748422592
19.875	0.399997748422589
20	0.399997748422725
0	0.158475838154311
0.125	0.158477919002658
0.125	0.158476531760838
0.25	0.158477225353567
0.25	0.158476762945045
0.375	0.158476994127471
0.375	0.158476839992344
0.5	0.158476917039715
0.5	0.158476865661723
0.625	0.15847689133155
0.625	0.158476874205802
0.75	0.158476882750419
0.75	0.158476877042047
0.875	0.158476879878852
0.875	0.158476877976258
1	0.158476878911029
1	0.158476878277022
1.125	0.158476878578339
1.125	0.158476878367189
1.25	0.158476878457898
1.25	0.158476878387695
1.375	0.158476878408732
1.375	0.158476878385508
1.5	0.158476878383839
1.5	0.15847687837627
1.625	0.15847687836754
1.625	0.158476878365187
1.75	0.1584768783546
1.75	0.158476878353981
1.875	0.158476878343256
1.875	0.15847687834321
2	0.15847687833291
2	0.158476878333052
2.125	0.158476878323352
2.125	0.158476878323553
2.25	0.158476878314502
2.25	0.158476878314718
2.375	0.158476878306319
2.375	0.158476878306536
2.5	0.158476878298777
2.5	0.15847687829899
2.625	0.158476878291858
2.625	0.158476878292066
2.75	0.158476878285543
2.75	0.158476878285746
2.875	0.158476878279815
2.875	0.158476878280013
3	0.158476878274659
3	0.158476878274851
3.125	0.158476878270057
3.125	0.158476878270243
3.25	0.158476878265992
3.25	0.158476878266173
3.375	0.15847687826245
3.375	0.158476878262626
3.5	0.158476878259413
3.5	0.158476878259584
3.625	0.158476878256866
3.625	0.158476878257031
3.75	0.158476878254794
3.75	0.158476878254954
3.875	0.158476878253179
3.875	0.158476878253334
4	0.158476878252006
4	0.158476878252155
4.125	0.158476878251259
4.125	0.158476878251403
4.25	0.158476878250923
4.25	0.158476878251061
4.375	0.158476878250978
4.375	0.15847687825111
4.5	0.158476878251406
4.5	0.158476878251533
4.625	0.15847687825219
4.625	0.15847687825231
4.75	0.15847687825331
4.75	0.158476878253424
4.875	0.158476878254747
4.875	0.158476878254854
5	0.158476878256478
5	0.158476878256579
5.125	0.158476878258483
5.125	0.158476878258576
5.25	0.158476878260738
5.25	0.158476878260824
5.375	0.158476878263219
5.375	0.158476878263297
5.5	0.158476878265902
5.5	0.158476878265972
5.625	0.158476878268761
5.625	0.158476878268823
5.75	0.15847687827177
5.75	0.158476878271822
5.875	0.158476878274899
5.875	0.158476878274942
6	0.158476878278121
6	0.158476878278156
6.125	0.158476878281409
6.125	0.158476878281434
6.25	0.158476878284734
6.25	0.158476878284749
6.375	0.158476878288067
6.375	0.158476878288073
6.5	0.158476878291378
6.5	0.158476878291374
6.625	0.158476878294638
6.625	0.158476878294625
6.75	0.158476878297819
6.75	0.158476878297796
6.875	0.158476878300894
6.875	0.158476878300862
7	0.158476878303836
7	0.158476878303795
7.125	0.158476878306619
7.125	0.158476878306569
7.25	0.158476878309218
7.25	0.15847687830916
7.375	0.158476878311611
7.375	0.158476878311544
7.5	0.158476878313773
7.5	0.158476878313699
7.625	0.158476878315683
7.625	0.158476878315602
7.75	0.158476878317324
7.75	0.158476878317237
7.875	0.158476878318679
7.875	0.158456817530151
8	0.158496939108163
8	0.158514991197
8.125	0.158438765443096
8.125	0.158520953991995
8.25	0.158432802649233
8.25	0.158527147863869
8.375	0.158426608777725
8.375	0.158533866020136
8.5	0.1584198906209
8.5	0.158541197554146
8.625	0.158412559085208
8.625	0.158549135524162
8.75	0.158404621112128
8.75	0.158557599064507
8.875	0.158396157567
8.875	0.158566419278458
9	0.158387337346094
9	0.158575299045561
9.125	0.158378457569248
9.125	0.158583736456692
9.25	0.158370020144714
9.25	0.158590878591557
9.375	0.158362877991528
9.375	0.158595228603067
9.5	0.158358527954892
9.5	0.158594046227643
9.625	0.158359710295459
9.625	0.158582263679473
9.75	0.158371492794469
9.75	0.158552278027653
9.875	0.158401478376323
9.875	0.158507477597378
10	0.158446278711226
10	0.15849619263081
10.125	0.158457563567984
10.125	0.158535929332429
10.25	0.158417826768653
10.25	0.158579120683529
10.375	0.1583746353437
10.375	0.158603486696101
10.5	0.158350269276745
10.5	0.158611302854998
10.625	0.158342453076682
10.625	0.158609166532709
10.75	0.158344589366714
10.75	0.158601903464702
10.875	0.158351852408672
10.875	0.158592318518757
11	0.158361437333048
11	0.158581925773846
11.125	0.158371830059728
11.125	0.158571526326
11.25	0.15838222949189
11.25	0.158561542725268
11.375	0.158392213078925
11.375	0.158552194301995
11.5	0.158401561490077
11.5	0.158543586773041
11.625	0.158410169008181
11.625	0.158535758954658
11.75	0.158417996816752
11.75	0.158528708500932
11.875	0.158425047261525
11.875	0.158522407238388
12	0.158431348515835
12	0.158523582248089
12.125	0.158430173498494
12.125	0.158492439742015
12.25	0.1584613159974
12.25	0.158482064463738
12.375	0.158471691268961
12.375	0.158478606652863
12.5	0.158475149073565
12.5	0.158477454115871
12.625	0.15847630160473
12.625	0.158477069942697
12.75	0.158476685772513
12.75	0.158476941884164
12.875	0.158476813826081
12.875	0.158476899196566
13	0.158476856509132
13	0.158476884965998
13.125	0.158476870735561
13.125	0.15847688022123
13.25	0.158476875476585
13.25	0.158476878638522
13.375	0.158476877055932
13.375	0.158476878109956
13.5	0.158476877581505
13.5	0.158476877932889
13.625	0.158476877755932
13.625	0.1584768778731
13.75	0.158476877813418
13.75	0.158476877852512
13.875	0.158476877832027
13.875	0.158476877845094
14	0.158476877837772
14	0.158476877842161
14.125	0.158476877839321
14.125	0.158476877840815
14.25	0.158476877839556
14.25	0.158476877840083
14.375	0.158476877839431
14.375	0.158476877839633
14.5	0.158476877839262
14.5	0.158476877839353
14.625	0.158476877839145
14.625	0.158476877839196
14.75	0.158476877839107
14.75	0.158476877839144
14.875	0.158476877839155
14.875	0.158476877839184
15	0.158476877839282
15	0.158476877839306
15.125	0.158476877839482
15.125	0.158476877839503
15.25	0.158476877839749
15.25	0.158476877839766
15.375	0.158476877840076
15.375	0.15847687784009
15.5	0.158476877840457
15.5	0.158476877840468
15.625	0.158476877840884
15.625	0.158476877840892
15.75	0.158476877841353
15.75	0.158476877841358
15.875	0.158476877841856
15.875	0.158476877841859
16	0.15847687784239
16	0.15847687784239
16.125	0.15847687784295
16.125	0.158476877842947
16.25	0.158476877843531
16.25	0.158476877843526
16.375	0.158476877844131
16.375	0.158476877844124
16.5	0.158476877844745
16.5	0.158476877844736
16.625	0.158476877845369
16.625	0.158476877845358
16.75	0.158476877846002
16.75	0.158476877845989
16.875	0.158476877846641
16.875	0.158476877846627
17	0.158476877847286
17	0.158476877847271
17.125	0.158476877847935
17.125	0.158476877847918
17.25	0.158476877848587
17.25	0.158476877848569
17.375	0.158476877849241
17.375	0.158476877849222
17.5	0.158476877849897
17.5	0.158476877849877
17.625	0.158476877850555
17.625	0.158476877850534
17.75	0.158476877851215
17.75	0.158476877851194
17.875	0.15847687785188
17.875	0.158476877851858
18	0.158476877852549
18	0.158476877852527
18.125	0.158476877853224
18.125	0.158476877853201
18.25	0.158476877853905
18.25	0.158476877853881
18.375	0.158476877854595
18.375	0.158476877854571
18.5	0.158476877855297
18.5	0.158476877855273
18.625	0.158476877856013
18.625	0.158476877855989
18.75	0.158476877856743
18.75	0.158476877856719
18.875	0.158476877857491
18.875	0.158476877857467
19	0.15847687785826
19	0.158476877858237
19.125	0.158476877859052
19.125	0.158476877859028
19.25	0.15847687785987
19.25	0.158476877859846
19.375	0.158476877860717
19.375	0.158476877860694
19.5	0.158476877861597
19.5	0.158476877861574
19.625	0.158476877862511
19.625	0.158476877862489
19.75	0.158476877863464
19.75	0.158476877863442
19.875	0.158476877864458
19.875	0.158476877864436
20	0.158476877865495
0	-0.2
0.125	-0.2
0.125	-0.2
0.25	-0.2
0.25	-0.2
0.375	-0.2
0.375	-0.2
0.5	-0.2
0.5	-0.2
0.625	-0.2
0.625	-0.2
0.75	-0.2
0.75	-0.2
0.875	-0.2
0.875	-0.2
1	-0.2
1	-0.2
1.125	-0.2
1.125	-0.2
1.25	-0.2
1.25	-0.2
1.375	-0.2
1.375	-0.2
1.5	-0.2
1.5	-0.2
1.625	-0.2
1.625	-0.2
1.75	-0.2
1.75	-0.2
1.875	-0.2
1.875	-0.2
2	-0.2
2	-0.2
2.125	-0.2
2.125	-0.2
2.25	-0.2
2.25	-0.2
2.375	-0.2
2.375	-0.2
2.5	-0.2
2.5	-0.2
2.625	-0.2
2.625	-0.2
2.75	-0.2
2.75	-0.2
2.875	-0.2
2.875	-0.2
3	-0.2
3	-0.2
3.125	-0.2
3.125	-0.2
3.25	-0.2
3.25	-0.2
3.375	-0.2
3.375	-0.2
3.5	-0.2
3.5	-0.2
3.625	-0.2
3.625	-0.2
3.75	-0.2
3.75	-0.2
3.875	-0.2
3.875	-0.2
4	-0.2
4	-0.2
4.125	-0.2
4.125	-0.2
4.25	-0.2
4.25	-0.2
4.375	-0.2
4.375	-0.2
4.5	-0.2
4.5	-0.2
4.625	-0.2
4.625	-0.2
4.75	-0.2
4.75	-0.2
4.875	-0.2
4.875	-0.2
5	-0.2
5	-0.2
5.125	-0.2
5.125	-0.2
5.25	-0.2
5.25	-0.2
5.375	-0.2
5.375	-0.2
5.5	-0.2
5.5	-0.2
5.625	-0.2
5.625	-0.2
5.75	-0.2
5.75	-0.2
5.875	-0.2
5.875	-0.2
6	-0.2
6	-0.2
6.125	-0.2
6.125	-0.2
6.25	-0.2
6.25	-0.2
6.375	-0.2
6.375	-0.2
6.5	-0.2
6.5	-0.2
6.625	-0.2
6.625	-0.2
6.75	-0.2
6.75	-0.2
6.875	-0.2
6.875	-0.2
7	-0.2
7	-0.2
7.125	-0.2
7.125	-0.2
7.25	-0.2
7.25	-0.2
7.375	-0.2
7.375	-0.2
7.5	-0.2
7.5	-0.2
7.625	-0.2
7.625	-0.2
7.75	-0.2
7.75	-0.2
7.875	-0.2
7.875	-0.2
8	-0.2
8	-0.199869791666667
8.125	-0.175651041666667
8.125	-0.175651041666667
8.25	-0.152994791666667
8.25	-0.152994791666667
8.375	-0.131901041666667
8.375	-0.131901041666667
8.5	-0.112369791666667
8.5	-0.112369791666667
8.625	-0.0944010416666667
8.625	-0.0944010416666667
8.75	-0.0779947916666667
8.75	-0.0779947916666667
8.875	-0.0631510416666667
8.875	-0.0631510416666667
9	-0.0498697916666667
9	-0.0498697916666667
9.125	-0.0381510416666667
9.125	-0.0381510416666667
9.25	-0.0279947916666667
9.25	-0.0279947916666667
9.375	-0.0194010416666667
9.375	-0.0194010416666667
9.5	-0.0123697916666667
9.5	-0.0123697916666667
9.625	-0.00690104166666667
9.625	-0.00690104166666667
9.75	-0.00299479166666667
9.75	-0.00299479166666667
9.875	-0.000651041666666666
9.875	-0.000651041666666666
10	0.000130208333333334
10	0.000130208333333334
10.125	-0.000651041666666666
10.125	-0.000651041666666666
10.25	-0.00299479166666667
10.25	-0.00299479166666667
10.375	-0.00690104166666667
10.375	-0.00690104166666667
10.5	-0.0123697916666667
10.5	-0.0123697916666667
10.625	-0.0194010416666667
10.625	-0.0194010416666667
10.75	-0.0279947916666667
10.75	-0.0279947916666667
10.875	-0.0381510416666667
10.875	-0.0381510416666667
11	-0.0498697916666667
11	-0.0498697916666667
11.125	-0.0631510416666667
11.125	-0.0631510416666667
11.25	-0.0779947916666667
11.25	-0.0779947916666667
11.375	-0.0944010416666667
11.375	-0.0944010416666667
11.5	-0.112369791666667
11.5	-0.112369791666667
11.625	-0.131901041666667
11.625	-0.131901041666667
11.75	-0.152994791666667
11.75	-0.152994791666667
11.875	-0.175651041666667
11.875	-0.175651041666667
12	-0.199869791666667
12	-0.2
12.125	-0.2
12.125	-0.2
12.25	-0.2
12.25	-0.2
12.375	-0.2
12.375	-0.2
12.5	-0.2
12.5	-0.2
12.625	-0.2
12.625	-0.2
12.75	-0.2
12.75	-0.2
12.875	-0.2
12.875	-0.2
13	-0.2
13	-0.2
13.125	-0.2
13.125	-0.2
13.25	-0.2
13.25	-0.2
13.375	-0.2
13.375	-0.2
13.5	-0.2
13.5	-0.2
13.625	-0.2
13.625	-0.2
13.75	-0.2
13.75	-0.2
13.875	-0.2
13.875	-0.2
14	-0.2
14	-0.2
14.125	-0.2
14.125	-0.2
14.25	-0.2
14.25	-0.2
14.375	-0.2
14.375	-0.2
14.5	-0.2
14.5	-0.2
14.625	-0.2
14.625	-0.2
14.75	-0.2
14.75	-0.2
14.875	-0.2
14.875	-0.2
15	-0.2
15	-0.2
15.125	-0.2
15.125	-0.2
15.25	-0.2
15.25	-0.2
15.375	-0.2
15.375	-0.2
15.5	-0.2
15.5	-0.2
15.625	-0.2
15.625	-0.2
15.75	-0.2
15.75	-0.2
15.875	-0.2
15.875	-0.2
16	-0.2
16	-0.2
16.125	-0.2
16.125	-0.2
16.25	-0.2
16.25	-0.2
16.375	-0.2
16.375	-0.2
16.5	-0.2
16.5	-0.2
16.625	-0.2
16.625	-0.2
16.75	-0.2
16.75	-0.2
16.875	-0.2
16.875	-0.2
17	-0.2
17	-0.2
17.125	-0.2
17.125	-0.2
17.25	-0.2
17.25	-0.2
17.375	-0.2
17.375	-0.2
17.5	-0.2
17.5	-0.2
17.625	-0.2
17.625	-0.2
17.75	-0.2
17.75	-0.2
17.875	-0.2
17.875	-0.2
18	-0.2
18	-0.2
18.125	-0.2
18.125	-0.2
18.25	-0.2
18.25	-0.2
18.375	-0.2
18.375	-0.2
18.5	-0.2
18.5	-0.2
18.625	-0.2
18.625	-0.2
18.75	-0.2
18.75	-0.2
18.875	-0.2
18.875	-0.2
19	-0.2
19	-0.2
19.125	-0.2
19.125	-0.2
19.25	-0.2
19.25	-0.2
19.375	-0.2
19.375	-0.2
19.5	-0.2
19.5	-0.2
19.625	-0.2
19.625	-0.2
19.75	-0.2
19.75	-0.2
19.875	-0.2
19.875	-0.2
20	-0.2
0	0
0.125	0
0.125	0
0.25	0
0.25	0
0.375	0
0.375	0
0.5	0
0.5	0
0.625	0
0.625	0
0.75	0
0.75	0
0.875	0
0.875	0
1	0
1	0
1.125	0
1.125	0
1.25	0
1.25	0
1.375	0
1.375	0
1.5	0
1.5	0
1.625	0
1.625	0
1.75	0
1.75	0
1.875	0
1.875	0
2	0
2	0
2.125	0
2.125	0
2.25	0
2.25	0
2.375	0
2.375	0
2.5	0
2.5	0
2.625	0
2.625	0
2.75	0
2.75	0
2.875	0
2.875	0
3	0
3	0
3.125	0
3.125	0
3.25	0
3.25	0
3.375	0
3.375	0
3.5	0
3.5	0
3.625	0
3.625	0
3.75	0
3.75	0
3.875	0
3.875	0
4	0
4	0
4.125	0
4.125	0
4.25	0
4.25	0
4.375	0
4.375	0
4.5	0
4.5	0
4.625	0
4.625	0
4.75	0
4.75	0
4.875	0
4.875	0
5	0
5	0
5.125	0
5.125	0
5.25	0
5.25	0
5.375	0
5.375	0
5.5	0
5.5	0
5.625	0
5.625	0
5.75	0
5.75	0
5.875	0
5.875	0
6	0
6	0
6.125	0
6.125	0
6.25	0
6.25	0
6.375	0
6.375	0
6.5	0
6.5	0
6.625	0
6.625	0
6.75	0
6.75	0
6.875	0
6.875	0
7	0
7	0
7.125	0
7.125	0
7.25	0
7.25	0
7.375	0
7.375	0
7.5	0
7.5	0
7.625	0
7.625	0
7.75	0
7.75	0
7.875	0
7.875	0
8	0
8	0.02421875
8.125	0.02421875
8.125	0.02265625
8.25	0.02265625
8.25	0.02109375
8.375	0.02109375
8.375	0.01953125
8.5	0.01953125
8.5	0.01796875
8.625	0.01796875
8.625	0.01640625
8.75	0.01640625
8.75	0.01484375
8.875	0.01484375
8.875	0.01328125
9	0.01328125
9	0.01171875
9.125	0.01171875
9.125	0.01015625
9.25	0.01015625
9.25	0.00859375000000001
9.375	0.00859375000000001
9.375	0.00703125
9.5	0.00703125
9.5	0.00546875
9.625	0.00546875
9.625	0.00390625
9.75	0.00390625
9.75	0.00234375
9.875	0.00234375
9.875	0.00078125
10	0.00078125
10	-0.00078125
10.125	-0.00078125
10.125	-0.00234375
10.25	-0.00234375
10.25	-0.00390625
10.375	-0.00390625
10.375	-0.00546875
10.5	-0.00546875
10.5	-0.00703125
10.625	-0.00703125
10.625	-0.00859375000000001
10.75	-0.00859375000000001
10.75	-0.01015625
10.875	-0.01015625
10.875	-0.01171875
11	-0.01171875
11	-0.01328125
11.125	-0.01328125
11.125	-0.01484375
11.25	-0.01484375
11.25	-0.01640625
11.375	-0.01640625
11.375	-0.01796875
11.5	-0.01796875
11.5	-0.01953125
11.625	-0.01953125
11.625	-0.02109375
11.75	-0.02109375
11.75	-0.02265625
11.875	-0.02265625
11.875	-0.02421875
12	-0.02421875
12	0
12.125	0
12.125	0
12.25	0
12.25	0
12.375	0
12.375	0
12.5	0
12.5	0
12.625	0
12.625	0
12.75	0
12.75	0
12.875	0
12.875	0
13	0
13	0
13.125	0
13.125	0
13.25	0
13.25	0
13.375	0
13.375	0
13.5	0
13.5	0
13.625	0
13.625	0
13.75	0
13.75	0
13.875	0
13.875	0
14	0
14	0
14.125	0
14.125	0
14.25	0
14.25	0
14.375	0
14.375	0
14.5	0
14.5	0
14.625	0
14.625	0
14.75	0
14.75	0
14.875	0
14.875	0
15	0
15	0
15.125	0
15.125	0
15.25	0
15.25	0
15.375	0
15.375	0
15.5	0
15.5	0
15.625	0
15.625	0
15.75	0
15.75	0
15.875	0
15.875	0
16	0
16	0
16.125	0
16.125	0
16.25	0
16.25	0
16.375	0
16.375	0
16.5	0
16.5	0
16.625	0
16.625	0
16.75	0
16.75	0
16.875	0
16.875	0
17	0
17	0
17.125	0
17.125	0
17.25	0
17.25	0
17.375	0
17.375	0
17.5	0
17.5	0
17.625	0
17.625	0
17.75	0
17.75	0
17.875	0
17.875	0
18	0
18	0
18.125	0
18.125	0
18.25	0
18.25	0
18.375	0
18.375	0
18.5	0
18.5	0
18.625	0
18.625	0
18.75	0
18.75	0
18.875	0
18.875	0
19	0
19	0
19.125	0
19.125	0
19.25	0
19.25	0
19.375	0
19.375	0
19.5	0
19.5	0
19.625	0
19.625	0
19.75	0
19.75	0
19.875	0
19.875	0
20	0
