3	1
20
0	0.409357628263645
2	0.405068773080612
2	0.407911388003772
4	0.406525508203443
4	0.407447677984629
6	0.406990305455034
6	0.403935814130843
8	0.410488051934777
8	0.380330066531109
10	0.140722982374757
10	0.0973122381585217
12	0.372061313780647
12	0.382439439652191
14	0.400128176970682
14	0.388727768548928
16	0.39403363794235
16	0.390532555019631
18	0.392245706035684
18	0.391107403662025
20	0.391672595832837
0	0.143105275317855
2	0.150157082968798
2	0.145494441552911
4	0.147767917217195
4	0.146256308144004
6	0.147006050879802
6	0.141957934805068
8	0.151304424260051
8	0.161982912384467
10	0.131279446600447
10	0.169450820705076
12	0.123811537651113
12	0.160961173052519
14	0.132301185148218
14	0.150864795988454
16	0.142397562334582
16	0.147991776925903
18	0.145270581575303
18	0.147079381655905
20	0.146182977063926
0	-0.2
2	-0.2
2	-0.2
4	-0.2
4	-0.2
6	-0.2
6	-0.2
8	-0.2
8	-0.166666666666667
10	0.0333333333333333
10	0.0333333333333333
12	-0.166666666666667
12	-0.2
14	-0.2
14	-0.2
16	-0.2
16	-0.2
18	-0.2
18	-0.2
20	-0.2
0	0
2	0
2	0
4	0
4	0
6	0
6	0
8	0
8	0.2
10	0.2
10	-0.2
12	-0.2
12	0
14	0
14	0
16	0
16	0
18	0
18	0
20	0
