adv.80
1.1
0
81
0
0.0375
0.075
0.1125
0.15
0.1875
0.225
0.2625
0.3
0.3375
0.375
0.4125
0.45
0.4875
0.525
0.5625
0.6
0.6375
0.675
0.7125
0.75
0.7875
0.825
0.8625
0.9
0.9375
0.975
1.0125
1.05
1.0875
1.125
1.1625
1.2
1.2375
1.275
1.3125
1.35
1.3875
1.425
1.4625
1.5
1.5375
1.575
1.6125
1.65
1.6875
1.725
1.7625
1.8
1.8375
1.875
1.9125
1.95
1.9875
2.025
2.0625
2.1
2.1375
2.175
2.2125
2.25
2.2875
2.325
2.3625
2.4
2.4375
2.475
2.5125
2.55
2.5875
2.625
2.6625
2.7
2.7375
2.775
2.8125
2.85
2.8875
2.925
2.9625
3
80
1	2
2	3
3	4
4	5
5	6
6	7
7	8
8	9
9	10
10	11
11	12
12	13
13	14
14	15
15	16
16	17
17	18
18	19
19	20
20	21
21	22
22	23
23	24
24	25
25	26
26	27
27	28
28	29
29	30
30	31
31	32
32	33
33	34
34	35
35	36
36	37
37	38
38	39
39	40
40	41
41	42
42	43
43	44
44	45
45	46
46	47
47	48
48	49
49	50
50	51
51	52
52	53
53	54
54	55
55	56
56	57
57	58
58	59
59	60
60	61
61	62
62	63
63	64
64	65
65	66
66	67
67	68
68	69
69	70
70	71
71	72
72	73
73	74
74	75
75	76
76	77
77	78
78	79
79	80
80	81
2
1	1
81	1
