adv.640
1.1
0
641
0
0.0046875
0.009375
0.0140625
0.01875
0.0234375
0.028125
0.0328125
0.0375
0.0421875
0.046875
0.0515625
0.05625
0.0609375
0.065625
0.0703125
0.075
0.0796875
0.084375
0.0890625
0.09375
0.0984375
0.103125
0.1078125
0.1125
0.1171875
0.121875
0.1265625
0.13125
0.1359375
0.140625
0.1453125
0.15
0.1546875
0.159375
0.1640625
0.16875
0.1734375
0.178125
0.1828125
0.1875
0.1921875
0.196875
0.2015625
0.20625
0.2109375
0.215625
0.2203125
0.225
0.2296875
0.234375
0.2390625
0.24375
0.2484375
0.253125
0.2578125
0.2625
0.2671875
0.271875
0.2765625
0.28125
0.2859375
0.290625
0.2953125
0.3
0.3046875
0.309375
0.3140625
0.31875
0.3234375
0.328125
0.3328125
0.3375
0.3421875
0.346875
0.3515625
0.35625
0.3609375
0.365625
0.3703125
0.375
0.3796875
0.384375
0.3890625
0.39375
0.3984375
0.403125
0.4078125
0.4125
0.4171875
0.421875
0.4265625
0.43125
0.4359375
0.440625
0.4453125
0.45
0.4546875
0.459375
0.4640625
0.46875
0.4734375
0.478125
0.4828125
0.4875
0.4921875
0.496875
0.5015625
0.50625
0.5109375
0.515625
0.5203125
0.525
0.5296875
0.534375
0.5390625
0.54375
0.5484375
0.553125
0.5578125
0.5625
0.5671875
0.571875
0.5765625
0.58125
0.5859375
0.590625
0.5953125
0.6
0.6046875
0.609375
0.6140625
0.61875
0.6234375
0.628125
0.6328125
0.6375
0.6421875
0.646875
0.6515625
0.65625
0.6609375
0.665625
0.6703125
0.675
0.6796875
0.684375
0.6890625
0.69375
0.6984375
0.703125
0.7078125
0.7125
0.7171875
0.721875
0.7265625
0.73125
0.7359375
0.740625
0.7453125
0.75
0.7546875
0.759375
0.7640625
0.76875
0.7734375
0.778125
0.7828125
0.7875
0.7921875
0.796875
0.8015625
0.80625
0.8109375
0.815625
0.8203125
0.825
0.8296875
0.834375
0.8390625
0.84375
0.8484375
0.853125
0.8578125
0.8625
0.8671875
0.871875
0.8765625
0.88125
0.8859375
0.890625
0.8953125
0.9
0.9046875
0.909375
0.9140625
0.91875
0.9234375
0.928125
0.9328125
0.9375
0.9421875
0.946875
0.9515625
0.95625
0.9609375
0.965625
0.9703125
0.975
0.9796875
0.984375
0.9890625
0.99375
0.9984375
1.003125
1.0078125
1.0125
1.0171875
1.021875
1.0265625
1.03125
1.0359375
1.040625
1.0453125
1.05
1.0546875
1.059375
1.0640625
1.06875
1.0734375
1.078125
1.0828125
1.0875
1.0921875
1.096875
1.1015625
1.10625
1.1109375
1.115625
1.1203125
1.125
1.1296875
1.134375
1.1390625
1.14375
1.1484375
1.153125
1.1578125
1.1625
1.1671875
1.171875
1.1765625
1.18125
1.1859375
1.190625
1.1953125
1.2
1.2046875
1.209375
1.2140625
1.21875
1.2234375
1.228125
1.2328125
1.2375
1.2421875
1.246875
1.2515625
1.25625
1.2609375
1.265625
1.2703125
1.275
1.2796875
1.284375
1.2890625
1.29375
1.2984375
1.303125
1.3078125
1.3125
1.3171875
1.321875
1.3265625
1.33125
1.3359375
1.340625
1.3453125
1.35
1.3546875
1.359375
1.3640625
1.36875
1.3734375
1.378125
1.3828125
1.3875
1.3921875
1.396875
1.4015625
1.40625
1.4109375
1.415625
1.4203125
1.425
1.4296875
1.434375
1.4390625
1.44375
1.4484375
1.453125
1.4578125
1.4625
1.4671875
1.471875
1.4765625
1.48125
1.4859375
1.490625
1.4953125
1.5
1.5046875
1.509375
1.5140625
1.51875
1.5234375
1.528125
1.5328125
1.5375
1.5421875
1.546875
1.5515625
1.55625
1.5609375
1.565625
1.5703125
1.575
1.5796875
1.584375
1.5890625
1.59375
1.5984375
1.603125
1.6078125
1.6125
1.6171875
1.621875
1.6265625
1.63125
1.6359375
1.640625
1.6453125
1.65
1.6546875
1.659375
1.6640625
1.66875
1.6734375
1.678125
1.6828125
1.6875
1.6921875
1.696875
1.7015625
1.70625
1.7109375
1.715625
1.7203125
1.725
1.7296875
1.734375
1.7390625
1.74375
1.7484375
1.753125
1.7578125
1.7625
1.7671875
1.771875
1.7765625
1.78125
1.7859375
1.790625
1.7953125
1.8
1.8046875
1.809375
1.8140625
1.81875
1.8234375
1.828125
1.8328125
1.8375
1.8421875
1.846875
1.8515625
1.85625
1.8609375
1.865625
1.8703125
1.875
1.8796875
1.884375
1.8890625
1.89375
1.8984375
1.903125
1.9078125
1.9125
1.9171875
1.921875
1.9265625
1.93125
1.9359375
1.940625
1.9453125
1.95
1.9546875
1.959375
1.9640625
1.96875
1.9734375
1.978125
1.9828125
1.9875
1.9921875
1.996875
2.0015625
2.00625
2.0109375
2.015625
2.0203125
2.025
2.0296875
2.034375
2.0390625
2.04375
2.0484375
2.053125
2.0578125
2.0625
2.0671875
2.071875
2.0765625
2.08125
2.0859375
2.090625
2.0953125
2.1
2.1046875
2.109375
2.1140625
2.11875
2.1234375
2.128125
2.1328125
2.1375
2.1421875
2.146875
2.1515625
2.15625
2.1609375
2.165625
2.1703125
2.175
2.1796875
2.184375
2.1890625
2.19375
2.1984375
2.203125
2.2078125
2.2125
2.2171875
2.221875
2.2265625
2.23125
2.2359375
2.240625
2.2453125
2.25
2.2546875
2.259375
2.2640625
2.26875
2.2734375
2.278125
2.2828125
2.2875
2.2921875
2.296875
2.3015625
2.30625
2.3109375
2.315625
2.3203125
2.325
2.3296875
2.334375
2.3390625
2.34375
2.3484375
2.353125
2.3578125
2.3625
2.3671875
2.371875
2.3765625
2.38125
2.3859375
2.390625
2.3953125
2.4
2.4046875
2.409375
2.4140625
2.41875
2.4234375
2.428125
2.4328125
2.4375
2.4421875
2.446875
2.4515625
2.45625
2.4609375
2.465625
2.4703125
2.475
2.4796875
2.484375
2.4890625
2.49375
2.4984375
2.503125
2.5078125
2.5125
2.5171875
2.521875
2.5265625
2.53125
2.5359375
2.540625
2.5453125
2.55
2.5546875
2.559375
2.5640625
2.56875
2.5734375
2.578125
2.5828125
2.5875
2.5921875
2.596875
2.6015625
2.60625
2.6109375
2.615625
2.6203125
2.625
2.6296875
2.634375
2.6390625
2.64375
2.6484375
2.653125
2.6578125
2.6625
2.6671875
2.671875
2.6765625
2.68125
2.6859375
2.690625
2.6953125
2.7
2.7046875
2.709375
2.7140625
2.71875
2.7234375
2.728125
2.7328125
2.7375
2.7421875
2.746875
2.7515625
2.75625
2.7609375
2.765625
2.7703125
2.775
2.7796875
2.784375
2.7890625
2.79375
2.7984375
2.803125
2.8078125
2.8125
2.8171875
2.821875
2.8265625
2.83125
2.8359375
2.840625
2.8453125
2.85
2.8546875
2.859375
2.8640625
2.86875
2.8734375
2.878125
2.8828125
2.8875
2.8921875
2.896875
2.9015625
2.90625
2.9109375
2.915625
2.9203125
2.925
2.9296875
2.934375
2.9390625
2.94375
2.9484375
2.953125
2.9578125
2.9625
2.9671875
2.971875
2.9765625
2.98125
2.9859375
2.990625
2.9953125
3
640
1	2
2	3
3	4
4	5
5	6
6	7
7	8
8	9
9	10
10	11
11	12
12	13
13	14
14	15
15	16
16	17
17	18
18	19
19	20
20	21
21	22
22	23
23	24
24	25
25	26
26	27
27	28
28	29
29	30
30	31
31	32
32	33
33	34
34	35
35	36
36	37
37	38
38	39
39	40
40	41
41	42
42	43
43	44
44	45
45	46
46	47
47	48
48	49
49	50
50	51
51	52
52	53
53	54
54	55
55	56
56	57
57	58
58	59
59	60
60	61
61	62
62	63
63	64
64	65
65	66
66	67
67	68
68	69
69	70
70	71
71	72
72	73
73	74
74	75
75	76
76	77
77	78
78	79
79	80
80	81
81	82
82	83
83	84
84	85
85	86
86	87
87	88
88	89
89	90
90	91
91	92
92	93
93	94
94	95
95	96
96	97
97	98
98	99
99	100
100	101
101	102
102	103
103	104
104	105
105	106
106	107
107	108
108	109
109	110
110	111
111	112
112	113
113	114
114	115
115	116
116	117
117	118
118	119
119	120
120	121
121	122
122	123
123	124
124	125
125	126
126	127
127	128
128	129
129	130
130	131
131	132
132	133
133	134
134	135
135	136
136	137
137	138
138	139
139	140
140	141
141	142
142	143
143	144
144	145
145	146
146	147
147	148
148	149
149	150
150	151
151	152
152	153
153	154
154	155
155	156
156	157
157	158
158	159
159	160
160	161
161	162
162	163
163	164
164	165
165	166
166	167
167	168
168	169
169	170
170	171
171	172
172	173
173	174
174	175
175	176
176	177
177	178
178	179
179	180
180	181
181	182
182	183
183	184
184	185
185	186
186	187
187	188
188	189
189	190
190	191
191	192
192	193
193	194
194	195
195	196
196	197
197	198
198	199
199	200
200	201
201	202
202	203
203	204
204	205
205	206
206	207
207	208
208	209
209	210
210	211
211	212
212	213
213	214
214	215
215	216
216	217
217	218
218	219
219	220
220	221
221	222
222	223
223	224
224	225
225	226
226	227
227	228
228	229
229	230
230	231
231	232
232	233
233	234
234	235
235	236
236	237
237	238
238	239
239	240
240	241
241	242
242	243
243	244
244	245
245	246
246	247
247	248
248	249
249	250
250	251
251	252
252	253
253	254
254	255
255	256
256	257
257	258
258	259
259	260
260	261
261	262
262	263
263	264
264	265
265	266
266	267
267	268
268	269
269	270
270	271
271	272
272	273
273	274
274	275
275	276
276	277
277	278
278	279
279	280
280	281
281	282
282	283
283	284
284	285
285	286
286	287
287	288
288	289
289	290
290	291
291	292
292	293
293	294
294	295
295	296
296	297
297	298
298	299
299	300
300	301
301	302
302	303
303	304
304	305
305	306
306	307
307	308
308	309
309	310
310	311
311	312
312	313
313	314
314	315
315	316
316	317
317	318
318	319
319	320
320	321
321	322
322	323
323	324
324	325
325	326
326	327
327	328
328	329
329	330
330	331
331	332
332	333
333	334
334	335
335	336
336	337
337	338
338	339
339	340
340	341
341	342
342	343
343	344
344	345
345	346
346	347
347	348
348	349
349	350
350	351
351	352
352	353
353	354
354	355
355	356
356	357
357	358
358	359
359	360
360	361
361	362
362	363
363	364
364	365
365	366
366	367
367	368
368	369
369	370
370	371
371	372
372	373
373	374
374	375
375	376
376	377
377	378
378	379
379	380
380	381
381	382
382	383
383	384
384	385
385	386
386	387
387	388
388	389
389	390
390	391
391	392
392	393
393	394
394	395
395	396
396	397
397	398
398	399
399	400
400	401
401	402
402	403
403	404
404	405
405	406
406	407
407	408
408	409
409	410
410	411
411	412
412	413
413	414
414	415
415	416
416	417
417	418
418	419
419	420
420	421
421	422
422	423
423	424
424	425
425	426
426	427
427	428
428	429
429	430
430	431
431	432
432	433
433	434
434	435
435	436
436	437
437	438
438	439
439	440
440	441
441	442
442	443
443	444
444	445
445	446
446	447
447	448
448	449
449	450
450	451
451	452
452	453
453	454
454	455
455	456
456	457
457	458
458	459
459	460
460	461
461	462
462	463
463	464
464	465
465	466
466	467
467	468
468	469
469	470
470	471
471	472
472	473
473	474
474	475
475	476
476	477
477	478
478	479
479	480
480	481
481	482
482	483
483	484
484	485
485	486
486	487
487	488
488	489
489	490
490	491
491	492
492	493
493	494
494	495
495	496
496	497
497	498
498	499
499	500
500	501
501	502
502	503
503	504
504	505
505	506
506	507
507	508
508	509
509	510
510	511
511	512
512	513
513	514
514	515
515	516
516	517
517	518
518	519
519	520
520	521
521	522
522	523
523	524
524	525
525	526
526	527
527	528
528	529
529	530
530	531
531	532
532	533
533	534
534	535
535	536
536	537
537	538
538	539
539	540
540	541
541	542
542	543
543	544
544	545
545	546
546	547
547	548
548	549
549	550
550	551
551	552
552	553
553	554
554	555
555	556
556	557
557	558
558	559
559	560
560	561
561	562
562	563
563	564
564	565
565	566
566	567
567	568
568	569
569	570
570	571
571	572
572	573
573	574
574	575
575	576
576	577
577	578
578	579
579	580
580	581
581	582
582	583
583	584
584	585
585	586
586	587
587	588
588	589
589	590
590	591
591	592
592	593
593	594
594	595
595	596
596	597
597	598
598	599
599	600
600	601
601	602
602	603
603	604
604	605
605	606
606	607
607	608
608	609
609	610
610	611
611	612
612	613
613	614
614	615
615	616
616	617
617	618
618	619
619	620
620	621
621	622
622	623
623	624
624	625
625	626
626	627
627	628
628	629
629	630
630	631
631	632
632	633
633	634
634	635
635	636
636	637
637	638
638	639
639	640
640	641
2
1	1
641	1
