1	0
320
0	-2.56367967746876e-06
0.01875	1.02628059563813e-05
0.01875	5.43861772395945e-06
0.0375	0.000108157487569032
0.0375	0.000103705796895204
0.05625	0.000379786785143393
0.05625	0.00037569569017269
0.075	0.000902010859507101
0.075	0.000898268610971946
0.09375	0.00174530521267432
0.09375	0.00174190021389502
0.1125	0.00297397080137111
0.1125	0.00297089160825588
0.13125	0.00464634140397884
0.13125	0.00464357672502376
0.15	0.00681498824089545
0.15	0.00681252693718451
0.16875	0.00952692184831478
0.16875	0.00952475293351986
0.1875	0.0128237912054239
0.1875	0.0128219038458047
0.20625	0.0167420801150181
0.20625	0.0167404636294224
0.225	0.0213133008375345
0.225	0.0213119446973977
0.24375	0.0265641849785028
0.24375	0.0265630788078485
0.2625	0.0325168716294147
0.2625	0.0325160052048542
0.28125	0.0391890927620111
0.28125	0.0391884560127435
0.3	0.0465943558759866
0.3	0.0465939388837991
0.31875	0.0547421239001133
0.31875	0.0547419168993809
0.3375	0.0636379923467813
0.3375	0.0636379857244668
0.35625	0.0732838637199579
0.35625	0.0732840480156122
0.375	0.0836781191765644
0.375	0.0836784850823261
0.39375	0.0948157874412714
0.39375	0.0948163258018671
0.4125	0.106688710974711
0.4125	0.106689412787455
0.43125	0.119285709395108
0.43125	0.119286565809903
0.45	0.13259274015333
0.45	0.132593742472666
0.46875	0.146593056461352
0.46875	0.146594196140307
0.4875	0.161267362474141
0.4875	0.161268631120381
0.50625	0.176593965724963
0.50625	0.176595355098742
0.525	0.192548926814097
0.525	0.192550428828257
0.54375	0.20910620635098
0.54375	0.209107813070951
0.5625	0.22623780914976
0.5625	0.226239512793559
0.58125	0.243913925678271
0.58125	0.243915718616503
0.6	0.262103070760427
0.6	0.262104945516286
0.61875	0.280772219532031
0.61875	0.280774168781298
0.6375	0.299886940650004
0.6375	0.299888957221049
0.65625	0.319411526755033
0.65625	0.319413603628812
0.675	0.339309122187632
0.675	0.339311252497691
0.69375	0.359541847957629
0.69375	0.359544024990099
0.7125	0.380070923967061
0.7125	0.380073141160665
0.73125	0.400856788486498
0.73125	0.400859039432543
0.75	0.421859214884776
0.75	0.421861493327158
0.76875	0.443037425612149
0.76875	0.443039725447355
0.7875	0.464350203436869
0.7875	0.464352518713969
0.80625	0.485755999935168
0.80625	0.485758324855822
0.825	0.50721304123467
0.825	0.507215370153127
0.84375	0.528679431011218
0.84375	0.528681758434314
0.8625	0.550113250739115
0.8625	0.550115571326273
0.88125	0.571472657194791
0.88125	0.571474965758023
0.9	0.592715977213877
0.9	0.592718268717783
0.91875	0.613801799701708
0.91875	0.613804069263476
0.9375	0.634689064897237
0.9375	0.634691307786642
0.95625	0.655337150890368
0.95625	0.655339362529773
0.975	0.67570595739271
0.975	0.675708133357066
0.99375	0.695755986761746
0.99375	0.695758122778592
1.0125	0.715448422278422
1.0125	0.715450514227884
1.03125	0.734745203678149
1.03125	0.734747247592944
1.05	0.753609099935232
1.05	0.753611092000661
1.06875	0.772003779300708
1.06875	0.772005715854662
1.0875	0.789893876593608
1.0875	0.789895754126567
1.10625	0.807245057745633
1.10625	0.807246872900663
1.125	0.824024081599253
1.125	0.824025831172007
1.14375	0.840198858959216
1.14375	0.840200539897936
1.1625	0.855738508897481
1.1625	0.855740118302999
1.18125	0.870613412311572
1.18125	0.870614947437304
1.2	0.884795262736338
1.2	0.884796720988291
1.21875	0.898257114409146
1.21875	0.898258493345914
1.2375	0.910973427588481
1.2375	0.910974724921244
1.25625	0.922920111125964
1.25625	0.922921324718493
1.275	0.934074562291799
1.275	0.934075690160451
1.29375	0.944415703853625
1.29375	0.944416744167345
1.3125	0.953924018408793
1.3125	0.953924969489116
1.33125	0.962581579970059
1.33125	0.962582440291104
1.35	0.970372082804697
1.35	0.970372850993174
1.36875	0.977280867527026
1.36875	0.977281542362231
1.3875	0.983294944444356
1.3875	0.983295524858175
1.40625	0.988403014156359
1.40625	0.988403499233263
1.425	0.992595485407847
1.425	0.992595874384898
1.44375	0.995864490194974
1.44375	0.99586478246182
1.4625	0.998203896124858
1.4625	0.998204091223734
1.48125	0.999609316028613
1.48125	0.999609413654345
1.5	1.00007811482781
1.5	1.00007811482781
1.51875	0.999609413654345
1.51875	0.999609316028613
1.5375	0.998204091223734
1.5375	0.998203896124858
1.55625	0.99586478246182
1.55625	0.995864490194974
1.575	0.992595874384898
1.575	0.992595485407847
1.59375	0.988403499233263
1.59375	0.988403014156359
1.6125	0.983295524858175
1.6125	0.983294944444356
1.63125	0.977281542362231
1.63125	0.977280867527026
1.65	0.970372850993174
1.65	0.970372082804697
1.66875	0.962582440291104
1.66875	0.962581579970059
1.6875	0.953924969489116
1.6875	0.953924018408793
1.70625	0.944416744167345
1.70625	0.944415703853625
1.725	0.934075690160451
1.725	0.934074562291799
1.74375	0.922921324718493
1.74375	0.922920111125964
1.7625	0.910974724921244
1.7625	0.910973427588481
1.78125	0.898258493345914
1.78125	0.898257114409146
1.8	0.884796720988291
1.8	0.884795262736338
1.81875	0.870614947437304
1.81875	0.870613412311572
1.8375	0.855740118302999
1.8375	0.855738508897481
1.85625	0.840200539897936
1.85625	0.840198858959216
1.875	0.824025831172007
1.875	0.824024081599253
1.89375	0.807246872900663
1.89375	0.807245057745633
1.9125	0.789895754126567
1.9125	0.789893876593608
1.93125	0.772005715854662
1.93125	0.772003779300708
1.95	0.753611092000661
1.95	0.753609099935232
1.96875	0.734747247592944
1.96875	0.734745203678149
1.9875	0.715450514227884
1.9875	0.715448422278422
2.00625	0.695758122778592
2.00625	0.695755986761746
2.025	0.675708133357066
2.025	0.67570595739271
2.04375	0.655339362529772
2.04375	0.655337150890368
2.0625	0.634691307786641
2.0625	0.634689064897237
2.08125	0.613804069263476
2.08125	0.613801799701709
2.1	0.592718268717783
2.1	0.592715977213877
2.11875	0.571474965758024
2.11875	0.571472657194791
2.1375	0.550115571326273
2.1375	0.550113250739115
2.15625	0.528681758434313
2.15625	0.528679431011218
2.175	0.507215370153127
2.175	0.50721304123467
2.19375	0.485758324855822
2.19375	0.485755999935168
2.2125	0.464352518713969
2.2125	0.464350203436869
2.23125	0.443039725447354
2.23125	0.443037425612149
2.25	0.421861493327159
2.25	0.421859214884776
2.26875	0.400859039432544
2.26875	0.400856788486499
2.2875	0.380073141160665
2.2875	0.380070923967061
2.30625	0.359544024990099
2.30625	0.359541847957629
2.325	0.33931125249769
2.325	0.339309122187632
2.34375	0.319413603628812
2.34375	0.319411526755033
2.3625	0.299888957221049
2.3625	0.299886940650004
2.38125	0.280774168781298
2.38125	0.280772219532031
2.4	0.262104945516286
2.4	0.262103070760427
2.41875	0.243915718616503
2.41875	0.243913925678271
2.4375	0.226239512793559
2.4375	0.22623780914976
2.45625	0.209107813070951
2.45625	0.20910620635098
2.475	0.192550428828257
2.475	0.192548926814097
2.49375	0.176595355098742
2.49375	0.176593965724963
2.5125	0.161268631120381
2.5125	0.161267362474141
2.53125	0.146594196140307
2.53125	0.146593056461352
2.55	0.132593742472666
2.55	0.13259274015333
2.56875	0.119286565809903
2.56875	0.119285709395108
2.5875	0.106689412787455
2.5875	0.106688710974711
2.60625	0.0948163258018669
2.60625	0.0948157874412713
2.625	0.0836784850823261
2.625	0.0836781191765644
2.64375	0.0732840480156123
2.64375	0.0732838637199579
2.6625	0.0636379857244668
2.6625	0.0636379923467812
2.68125	0.0547419168993809
2.68125	0.0547421239001133
2.7	0.046593938883799
2.7	0.0465943558759865
2.71875	0.0391884560127435
2.71875	0.0391890927620111
2.7375	0.0325160052048542
2.7375	0.0325168716294148
2.75625	0.0265630788078485
2.75625	0.0265641849785027
2.775	0.0213119446973978
2.775	0.0213133008375345
2.79375	0.0167404636294223
2.79375	0.016742080115018
2.8125	0.0128219038458047
2.8125	0.0128237912054239
2.83125	0.00952475293351989
2.83125	0.00952692184831481
2.85	0.0068125269371845
2.85	0.00681498824089543
2.86875	0.00464357672502378
2.86875	0.00464634140397885
2.8875	0.00297089160825587
2.8875	0.0029739708013711
2.90625	0.00174190021389502
2.90625	0.00174530521267432
2.925	0.000898268610971952
2.925	0.000902010859507108
2.94375	0.000375695690172688
2.94375	0.000379786785143392
2.9625	0.000103705796895205
2.9625	0.000108157487569033
2.98125	5.438617723959e-06
2.98125	1.02628059563811e-05
3	-2.56367967746868e-06
