1	0
160
0	-2.01887806080006e-05
0.0375	8.08837088125723e-05
0.0375	4.52606619375724e-05
0.075	0.000835383240876374
0.075	0.000805435975251375
0.1125	0.00287432788198966
0.1125	0.00284968530386466
0.15	0.00668825230012116
0.15	0.00666855308137117
0.1875	0.0126754792491772
0.1875	0.0126603718273022
0.225	0.0211485355846264
0.225	0.0211376781627514
0.2625	0.0323403924978751
0.2625	0.0323334530447501
0.3	0.046410529969392
0.3	0.046407186219392
0.3375	0.0634508254405834
0.3375	0.0634507648937084
0.375	0.083491266704418
0.375	0.083494186626293
0.4125	0.106505489014802
0.4125	0.106511096436677
0.45	0.132416136414704
0.45	0.132424148133454
0.4875	0.161100047283031
0.4875	0.161110189861156
0.525	0.192393264100251
0.525	0.192405273865876
0.5625	0.226095867432771
0.5625	0.226109490479646
0.6	0.261976634136059
0.6	0.261991626323559
0.6375	0.299777519776521
0.6375	0.299793646729646
0.675	0.339217965272126
0.675	0.339235002381502
0.7125	0.379999027751781
0.7125	0.380016760173657
0.75	0.421807335633454
0.75	0.421825558289705
0.7875	0.464318867921052
0.7875	0.464337385499177
0.825	0.507202557720043
0.825	0.507221184673168
0.8625	0.550123719971833
0.8625	0.550142280518708
0.9	0.592747303406892
0.9	0.592765631531892
0.9375	0.634740966716625
0.9375	0.63475890616975
0.975	0.675777978944001
0.975	0.675795383240876
1.0125	0.715539944092927
1.0125	0.715556676514802
1.05	0.753719349956371
1.05	0.753735283550121
1.0875	0.790021941163239
1.0875	0.790036958741365
1.125	0.824168916444002
1.125	0.824182910584626
1.1625	0.855898950115062
1.1625	0.855911823161938
1.2	0.884970037781892
1.2	0.884981701844392
1.2375	0.911161166260896
1.2375	0.911171543214021
1.275	0.934273807720043
1.275	0.934282829204418
1.3125	0.954133238038239
1.3125	0.954140845460115
1.35	0.970589679383454
1.35	0.970595823914705
1.3875	0.983519267009593
1.3875	0.983523909587719
1.425	0.992824840272126
1.425	0.992827951600251
1.4625	0.998436557862458
1.4625	0.998438118409333
1.5	1.00031233726106
1.5	1.00031233726106
1.5375	0.998438118409333
1.5375	0.998436557862458
1.575	0.992827951600251
1.575	0.992824840272126
1.6125	0.983523909587719
1.6125	0.983519267009593
1.65	0.970595823914705
1.65	0.970589679383454
1.6875	0.954140845460115
1.6875	0.954133238038239
1.725	0.934282829204418
1.725	0.934273807720043
1.7625	0.911171543214021
1.7625	0.911161166260896
1.8	0.884981701844392
1.8	0.884970037781892
1.8375	0.855911823161938
1.8375	0.855898950115062
1.875	0.824182910584626
1.875	0.824168916444002
1.9125	0.790036958741365
1.9125	0.790021941163239
1.95	0.753735283550121
1.95	0.753719349956371
1.9875	0.715556676514802
1.9875	0.715539944092928
2.025	0.675795383240877
2.025	0.675777978944001
2.0625	0.63475890616975
2.0625	0.634740966716625
2.1	0.592765631531892
2.1	0.592747303406892
2.1375	0.550142280518708
2.1375	0.550123719971833
2.175	0.507221184673168
2.175	0.507202557720043
2.2125	0.464337385499177
2.2125	0.464318867921052
2.25	0.421825558289704
2.25	0.421807335633454
2.2875	0.380016760173656
2.2875	0.379999027751781
2.325	0.339235002381501
2.325	0.339217965272126
2.3625	0.299793646729646
2.3625	0.299777519776521
2.4	0.261991626323559
2.4	0.261976634136059
2.4375	0.226109490479646
2.4375	0.226095867432771
2.475	0.192405273865876
2.475	0.192393264100251
2.5125	0.161110189861156
2.5125	0.161100047283031
2.55	0.132424148133455
2.55	0.132416136414705
2.5875	0.106511096436677
2.5875	0.106505489014802
2.625	0.083494186626293
2.625	0.083491266704418
2.6625	0.0634507648937084
2.6625	0.0634508254405834
2.7	0.0464071862193919
2.7	0.0464105299693919
2.7375	0.0323334530447501
2.7375	0.0323403924978751
2.775	0.0211376781627514
2.775	0.0211485355846264
2.8125	0.0126603718273022
2.8125	0.0126754792491772
2.85	0.00666855308137115
2.85	0.00668825230012116
2.8875	0.00284968530386464
2.8875	0.00287432788198964
2.925	0.000805435975251384
2.925	0.000835383240876382
2.9625	4.52606619375737e-05
2.9625	8.08837088125734e-05
3	-2.01887806080005e-05
