1	0
1280
0	-4.0531357047493e-08
0.0046875	1.62157167684873e-07
0.0046875	8.22964878795941e-08
0.009375	1.73461760992305e-06
0.009375	1.65626497233407e-06
0.0140625	6.18212549668237e-06
0.0140625	6.10526905488654e-06
0.01875	1.49015376854265e-05
0.01875	1.48261656302536e-05
0.0234375	2.92628858701059e-05
0.0234375	2.91889864296385e-05
0.028125	5.06095888109455e-05
0.028125	5.05371502505193e-05
0.0328125	8.02586638936816e-05
0.0328125	8.0187674515885e-05
0.0375	0.000119500938018245
0.0375	0.000119431386162919
0.0421875	0.000169601257816893
0.0421875	0.000169533131861132
0.046875	0.000231798699201787
0.046875	0.000231731987559939
0.0515625	0.000307306776242024
0.0515625	0.000307241467365689
0.05625	0.000397313649370107
0.05625	0.000397249731748136
0.0609375	0.000502982332917866
0.0609375	0.000502919795076367
0.065625	0.000625450901981836
0.065625	0.000625389732484167
0.0703125	0.000765832698618067
0.0703125	0.000765772886064839
0.075	0.000925216537366393
0.075	0.000925158070395472
0.0796875	0.00110466691010415
0.0796875	0.00110460977739065
0.084375	0.00130522419022932
0.084375	0.00130516838048562
0.0890625	0.00152790483617317
0.0890625	0.00152785033814889
0.09375	0.00177370159424229
0.09375	0.0017736483967243
0.0984375	0.00204358370079007
0.0984375	0.00204353179260251
0.103125	0.00233849708371773
0.103125	0.00233844645372197
0.1078125	0.00265936456330462
0.1078125	0.0026593152003993
0.1125	0.00300708605236817
0.1125	0.00300703794548917
0.1171875	0.00338253875575308
0.1171875	0.00338249189387355
0.121875	0.00378657736915017
0.121875	0.0037865317412805
0.1265625	0.00422003427724447
0.1265625	0.00421998987243232
0.13125	0.00468371975119296
0.13125	0.00468367655852321
0.1359375	0.00517842214543155
0.1359375	0.00517838015402637
0.140625	0.00570490809381172
0.140625	0.00570486729283049
0.1453125	0.00626392270506639
0.1453125	0.0062638830837058
0.15	0.00685618975760548
0.15	0.00685615130509941
0.1546875	0.00748241189364065
0.1546875	0.00748237459926029
0.159375	0.00814327081263974
0.159375	0.00814323466569349
0.1640625	0.00883942746411047
0.1640625	0.008839392453944
0.16875	0.0095715222397137
0.16875	0.00957148835570995
0.1734375	0.0103401751647061
0.1734375	0.0103401423962852
0.178125	0.0111459860887122
0.178125	0.0111459544253316
0.1828125	0.011989534875826
0.1828125	0.0119895043069804
0.1875	0.0128713815940421
0.1875	0.0128713521092634
0.1921875	0.0137920667040159
0.1921875	0.0137920382928733
0.196875	0.0147521112471537
0.196875	0.0147520838992537
0.2015625	0.0157520170330321
0.2015625	0.0157519907380184
0.20625	0.0167922668261467
0.20625	0.0167922415737001
0.2109375	0.0178733245319901
0.2109375	0.017873300311829
0.215625	0.0189956353824602
0.215625	0.0189956121843399
0.2203125	0.0201596261205968
0.2203125	0.0201596039343101
0.225	0.0213657051846485
0.225	0.0213656840000253
0.2296875	0.0226142628914686
0.2296875	0.0226142426983761
0.234375	0.0239056716192406
0.234375	0.0239056524075832
0.2390625	0.0252402859895332
0.2390625	0.0252402677492528
0.24375	0.0266184430486846
0.24375	0.02661842576976
0.2484375	0.0280404624485166
0.2484375	0.0280404461209641
0.253125	0.0295066466263773
0.253125	0.0295066312402503
0.2578125	0.0310172809845144
0.2578125	0.0310172665299037
0.2625	0.0325726340687772
0.2625	0.0325726205358109
0.2671875	0.0341729577466482
0.2671875	0.0341729451254914
0.271875	0.0358184873846041
0.271875	0.0358184756654592
0.2765625	0.0375094420248062
0.2765625	0.037509431197913
0.28125	0.0392460245611209
0.28125	0.0392460146167564
0.2859375	0.0410284219144685
0.2859375	0.0410284128429471
0.290625	0.0428568052075025
0.290625	0.0428567969991755
0.2953125	0.0447313299386175
0.2953125	0.0447313225838737
0.3	0.0466521361552875
0.3	0.0466521296445529
0.3046875	0.0486193486267325
0.3046875	0.0486193429504705
0.309375	0.0506330770159157
0.309375	0.0506330721646266
0.3140625	0.0526934160508691
0.3140625	0.0526934120150907
0.31875	0.0548004456953494
0.31875	0.0548004424656569
0.3234375	0.056954231318823
0.3234375	0.0569542288858285
0.328125	0.0591548238657804
0.328125	0.0591548222201334
0.3328125	0.0614022600243796
0.3328125	0.061402259156767
0.3375	0.0636965623944204
0.3375	0.0636965622955661
0.3421875	0.0660377396546462
0.3421875	0.0660377403153116
0.346875	0.0684257867293772
0.346875	0.0684257881403606
0.3515625	0.070860684954471
0.3515625	0.0708606871066084
0.35625	0.0733424022426147
0.35625	0.0733424051267791
0.3609375	0.0758708932479449
0.3609375	0.0758708968550467
0.365625	0.0784460995299982
0.365625	0.0784461038509847
0.3703125	0.0810679497169899
0.3703125	0.0810679547428461
0.375	0.0837363596684238
0.375	0.0837363653901717
0.3796875	0.0864512326370301
0.3796875	0.0864512390457289
0.384375	0.0892124594300331
0.384375	0.0892124665167795
0.3890625	0.0920199185697489
0.3890625	0.0920199263256766
0.39375	0.0948734764535117
0.39375	0.0948734848697919
0.3984375	0.0977729875129303
0.3984375	0.0977729965807712
0.403125	0.100718294372473
0.403125	0.100718304083121
0.4078125	0.103709228007385
0.4078125	0.103709238352121
0.4125	0.106745607900928
0.4125	0.106745618871073
0.4171875	0.109827242200959
0.4171875	0.109827253787871
0.421875	0.112953927875833
0.421875	0.112953940070906
0.4265625	0.116125450869634
0.4265625	0.1161254636643
0.43125	0.119341586256736
0.43125	0.119341599642464
0.4359375	0.122602098395701
0.4359375	0.122602112363997
0.440625	0.125906741082491
0.440625	0.125906755624899
0.4453125	0.129255257703028
0.4453125	0.129255272811129
0.45	0.132647381385068
0.45	0.13264739705048
0.4546875	0.136082835149412
0.4546875	0.13608285136379
0.459375	0.139561332060445
0.459375	0.139561348815482
0.4640625	0.143082575376007
0.4640625	0.143082592663432
0.46875	0.146646258696585
0.46875	0.146646276508166
0.4734375	0.150252066113846
0.4734375	0.150252084441388
0.478125	0.153899672358492
0.478125	0.153899691193836
0.4828125	0.157588742947445
0.4828125	0.157588762282469
0.4875	0.161318934330364
0.4875	0.161318954156985
0.4921875	0.165089894035489
0.4921875	0.16508991434566
0.496875	0.168901260814817
0.496875	0.168901281600529
0.5015625	0.172752664788605
0.5015625	0.172752686041886
0.50625	0.176643727589204
0.50625	0.176643749302118
0.5109375	0.18057406250422
0.5109375	0.18057408466887
0.515625	0.18454327461901
0.515625	0.184543297227536
0.5203125	0.1885509609585
0.5203125	0.188550984003079
0.525	0.192596710628341
0.525	0.192596734101186
0.5296875	0.196680104955382
0.5296875	0.196680128848746
0.534375	0.20080071762749
0.534375	0.20080074193366
0.5390625	0.20495811483268
0.5390625	0.204958139543983
0.54375	0.209151855397591
0.54375	0.20915188050639
0.5484375	0.213381490925281
0.5484375	0.213381516423977
0.553125	0.217646565932358
0.553125	0.217646591813387
0.5578125	0.221946617985431
0.5578125	0.221946644241269
0.5625	0.226281177836905
0.5625	0.226281204460065
0.5671875	0.230649769560092
0.5671875	0.230649796543122
0.571875	0.235051910683658
0.571875	0.235051938019146
0.5765625	0.239487112325399
0.5765625	0.239487140005968
0.58125	0.243954879325344
0.58125	0.243954907343655
0.5859375	0.24845471037819
0.5859375	0.248454738726942
0.590625	0.252986098165067
0.590625	0.252986126836994
0.5953125	0.257548529484627
0.5953125	0.257548558472504
0.6	0.262141485383471
0.6	0.262141514680107
0.6046875	0.266764441285898
0.6046875	0.266764470884142
0.609375	0.271416867122987
0.609375	0.271416897015722
0.6140625	0.276098227461008
0.6140625	0.276098257641157
0.61875	0.280807981629162
0.61875	0.280808012089684
0.6234375	0.28554558384665
0.6234375	0.285545614580541
0.628125	0.290310483349074
0.628125	0.290310514349368
0.6328125	0.295102124514163
0.6328125	0.295102155773931
0.6375	0.299919946986834
0.6375	0.299919978499184
0.6421875	0.304763385803576
0.6421875	0.304763417561654
0.646875	0.30963187151617
0.646875	0.309631903513157
0.6515625	0.314524830314732
0.6515625	0.31452486254385
0.65625	0.319441684150094
0.65625	0.319441716604599
0.6609375	0.324381850855502
0.6609375	0.32438188352869
0.665625	0.329344744267659
0.665625	0.32934477715286
0.6703125	0.334329774347081
0.6703125	0.334329807437666
0.675	0.339336347297798
0.675	0.33933638058717
0.6796875	0.344363865686369
0.6796875	0.344363899167975
0.684375	0.349411728560243
0.684375	0.349411762227562
0.6890625	0.354479331565435
0.6890625	0.354479365411985
0.69375	0.359566067063539
0.69375	0.359566101082875
0.6984375	0.36467132424807
0.6984375	0.364671358433785
0.703125	0.369794489260131
0.703125	0.369794523605855
0.7078125	0.374934945303419
0.7078125	0.374934979802818
0.7125	0.380092072758546
0.7125	0.380092107405325
0.7171875	0.385265249296703
0.7171875	0.385265284084604
0.721875	0.390453849992649
0.721875	0.39045388491545
0.7265625	0.395657247437024
0.7265625	0.395657282488541
0.73125	0.400874811847999
0.73125	0.400874847022085
0.7359375	0.40610591118225
0.7359375	0.406105946472796
0.740625	0.411349911245268
0.740625	0.411349946646203
0.7453125	0.416606175800991
0.7453125	0.416606211306279
0.75	0.421874066680769
0.75	0.421874102284412
0.7546875	0.427152943891659
0.7546875	0.427152979587696
0.759375	0.432442165724048
0.759375	0.432442201506557
0.7640625	0.437741088858607
0.7640625	0.437741124721701
0.76875	0.443049068472573
0.76875	0.443049104410404
0.7734375	0.44836545834536
0.7734375	0.448365494352116
0.778125	0.453689610963503
0.778125	0.45368964703341
0.7828125	0.459020877624925
0.7828125	0.459020913752246
0.7875	0.464358608542542
0.7875	0.464358644721577
0.7921875	0.469702152947188
0.7921875	0.469702189172276
0.796875	0.475050859189879
0.796875	0.475050895455394
0.8015625	0.480404074843398
0.8015625	0.480404111143752
0.80625	0.485761146803214
0.80625	0.485761183132856
0.8109375	0.49112142138773
0.8109375	0.491121457741146
0.815625	0.49648424443786
0.815625	0.496484280809576
0.8203125	0.501848961415936
0.8203125	0.501848997800511
0.825	0.507214917503943
0.825	0.507214953895976
0.8296875	0.512581457701084
0.8296875	0.512581494095211
0.834375	0.517947926920676
0.834375	0.51794796331157
0.8390625	0.523313670086374
0.8390625	0.523313706468744
0.84375	0.528678032227724
0.84375	0.528678068596317
0.8484375	0.534040358575045
0.8484375	0.534040394924647
0.853125	0.539399994653646
0.853125	0.539400030979079
0.8578125	0.544756286377364
0.8578125	0.544756322673485
0.8625	0.550108580141435
0.8625	0.550108616403143
0.8671875	0.555456222914699
0.8671875	0.555456259136926
0.871875	0.560798562331127
0.871875	0.560798598508844
0.8765625	0.566134946780681
0.8765625	0.566134982908896
0.88125	0.571464725499504
0.88125	0.571464761573264
0.8859375	0.576787248659442
0.8859375	0.576787284673828
0.890625	0.582101867456885
0.890625	0.582101903407017
0.8953125	0.58740793420095
0.8953125	0.587407970081985
0.9	0.592704802400987
0.9	0.592704838208119
0.9046875	0.597991826853414
0.9046875	0.597991862581876
0.909375	0.603268363727887
0.909375	0.603268399372947
0.9140625	0.608533770652789
0.9140625	0.608533806209753
0.91875	0.61378740680006
0.91875	0.613787442264273
0.9234375	0.619028632969351
0.9234375	0.619028668336192
0.928125	0.624256811671505
0.928125	0.624256846936392
0.9328125	0.62947130721137
0.9328125	0.629471342369758
0.9375	0.634671485769948
0.9375	0.63467152081733
0.9421875	0.639856715485857
0.9421875	0.639856750417762
0.946875	0.645026366536142
0.946875	0.645026401348138
0.9515625	0.6501798112164
0.9515625	0.650179845904091
0.95625	0.655316424020244
0.95625	0.655316458579271
0.9609375	0.66043558171809
0.9609375	0.660435616144131
0.965625	0.665536663435277
0.965625	0.665536697724048
0.9703125	0.670619050729518
0.9703125	0.670619084876773
0.975	0.675682127667675
0.975	0.675682161669205
0.9796875	0.680725280901871
0.9796875	0.680725314753502
0.984375	0.685747899744922
0.984375	0.68574793344252
0.9890625	0.690749376245106
0.9890625	0.690749409784573
0.99375	0.695729105260262
0.99375	0.695729138637537
0.9984375	0.700686484531208
0.9984375	0.700686517742268
1.003125	0.705620914754504
1.003125	0.705620947795363
1.0078125	0.710531799654532
1.0078125	0.710531832521241
1.0125	0.71541854605491
1.0125	0.715418578743558
1.0171875	0.720280563949235
1.0171875	0.720280596455948
1.021875	0.725117266571161
1.021875	0.7251172988921
1.0265625	0.72992807046379
1.0265625	0.729928102595157
1.03125	0.734712395548417
1.03125	0.734712427486448
1.0359375	0.739469665192579
1.0359375	0.739469696933551
1.040625	0.744199306277455
1.040625	0.744199337817678
1.0453125	0.74890074926458
1.0453125	0.748900780600403
1.05	0.753573428261896
1.05	0.753573459389707
1.0546875	0.758216781089132
1.0546875	0.758216812005353
1.059375	0.76283024934251
1.059375	0.762830280043603
1.0640625	0.767413278458787
1.0640625	0.76741330894125
1.06875	0.771965317778616
1.06875	0.771965348038985
1.0734375	0.776485820609249
1.0734375	0.776485850644095
1.078125	0.780974244286556
1.078125	0.780974274092492
1.0828125	0.78543005023639
1.0828125	0.785430079810061
1.0875	0.789852704035262
1.0875	0.789852733373354
1.0921875	0.794241675470363
1.0921875	0.794241704569597
1.096875	0.798596438598903
1.096875	0.798596467456037
1.1015625	0.802916471806786
1.1015625	0.802916500418617
1.10625	0.807201257866615
1.10625	0.807201286229976
1.1109375	0.81145028399502
1.1109375	0.811450312106784
1.115625	0.815663041909324
1.115625	0.815663069766396
1.1203125	0.819839027883529
1.1203125	0.819839055482857
1.125	0.823977742803643
1.125	0.823977770142208
1.1296875	0.828078692222324
1.1296875	0.828078719297145
1.134375	0.832141386412864
1.134375	0.832141413220998
1.1390625	0.836165340422492
1.1390625	0.836165366961035
1.14375	0.84015007412502
1.14375	0.840150100391104
1.1484375	0.844095112272808
1.1484375	0.844095138263599
1.153125	0.847999984548056
1.153125	0.848000010260763
1.1578125	0.851864225613438
1.1578125	0.851864251045302
1.1625	0.855687375162055
1.1625	0.855687400310357
1.1671875	0.85946897796672
1.1671875	0.859469002828778
1.171875	0.863208583928572
1.171875	0.863208608501741
1.1765625	0.866905748125025
1.1765625	0.866905772406699
1.18125	0.87056003085704
1.18125	0.870560054844646
1.1859375	0.874170997695724
1.1859375	0.87417102138673
1.190625	0.87773821952827
1.190625	0.877738242920179
1.1953125	0.881261272603211
1.1953125	0.881261295693566
1.2	0.884739738575021
1.2	0.8847397613614
1.2046875	0.888173204548031
1.2046875	0.888173227028049
1.209375	0.891561263119677
1.209375	0.891561285290988
1.2140625	0.894903512423086
1.2140625	0.89490353428338
1.21875	0.898199556168982
1.21875	0.898199577715987
1.2234375	0.901449003686926
1.2234375	0.901449024918406
1.228125	0.904651469965884
1.228125	0.904651490879642
1.2328125	0.907806575694125
1.2328125	0.907806596287999
1.2375	0.910913947298447
1.2375	0.910913967570315
1.2421875	0.913973216982738
1.2421875	0.913973236930513
1.246875	0.916984022765856
1.246875	0.91698404238749
1.2515625	0.919946008518851
1.2515625	0.919946027812331
1.25625	0.922858824001505
1.25625	0.922858842964857
1.2609375	0.925722124898208
1.2609375	0.925722143529495
1.265625	0.928535572853164
1.265625	0.928535591150487
1.2703125	0.931298835504924
1.2703125	0.931298853466418
1.275	0.934011586520245
1.275	0.934011604144087
1.2796875	0.936673505627287
1.2796875	0.936673522911688
1.284375	0.939284278648132
1.284375	0.939284295591341
1.2890625	0.941843597530638
1.2890625	0.941843614130942
1.29375	0.944351160379617
1.29375	0.944351176635339
1.2984375	0.946806671487345
1.2984375	0.946806687396845
1.303125	0.949209841363405
1.303125	0.949209856925082
1.3078125	0.951560386763849
1.3078125	0.951560401976139
1.3125	0.953858030719708
1.3125	0.953858045581083
1.3171875	0.956102502564806
1.3171875	0.956102517073776
1.321875	0.95829353796293
1.321875	0.958293552118042
1.3265625	0.960430878934308
1.3265625	0.960430892734147
1.33125	0.962514273881429
1.33125	0.962514287324616
1.3359375	0.964543477614189
1.3359375	0.964543490699384
1.340625	0.966518251374365
1.340625	0.966518264100263
1.3453125	0.96843836285942
1.3453125	0.968438375224754
1.35	0.970303586245636
1.35	0.970303598249177
1.3546875	0.97211370221058
1.3546875	0.972113713851136
1.359375	0.973868497954894
1.359375	0.973868509231311
1.3640625	0.975567767223421
1.3640625	0.975567778134579
1.36875	0.977211310325651
1.36875	0.977211320870473
1.3734375	0.97879893415551
1.3734375	0.978798944332951
1.378125	0.980330452210465
1.378125	0.980330462019519
1.3828125	0.981805684609966
1.3828125	0.981805694049665
1.3875	0.983224458113213
1.3875	0.983224467182626
1.3921875	0.984586606136263
1.3921875	0.984586614834496
1.396875	0.985891968768449
1.396875	0.985891977094645
1.4015625	0.987140392788144
1.4015625	0.987140400741482
1.40625	0.988331731677843
1.40625	0.988331739257543
1.4109375	0.989465845638591
1.4109375	0.989465852843906
1.415625	0.990542601603713
1.415625	0.990542608433936
1.4203125	0.991561873251905
1.4203125	0.991561879706365
1.425	0.992523541019628
1.425	0.992523547097693
1.4296875	0.993427492112852
1.4296875	0.993427497813925
1.434375	0.994273620518113
1.434375	0.994273625841634
1.4390625	0.995061827012907
1.4390625	0.995061831958356
1.44375	0.995792019175419
1.44375	0.995792023742311
1.4484375	0.99646411139357
1.4484375	0.99646411558146
1.453125	0.997078024873399
1.453125	0.997078028681876
1.4578125	0.99763368764678
1.4578125	0.997633691075469
1.4625	0.998131034578453
1.4625	0.998131037627021
1.4671875	0.998570007372402
1.4671875	0.998570010040553
1.471875	0.998950554577556
1.471875	0.998950556865026
1.4765625	0.999272631592809
1.4765625	0.999272633499376
1.48125	0.999536200671388
1.48125	0.999536202196865
1.4859375	0.999741230924537
1.4859375	0.999741232068775
1.490625	0.999887698324533
1.490625	0.99988769908742
1.4953125	0.999975585707036
1.4953125	0.999975586088498
1.5	1.00000488277276
1.5	1.00000488277276
1.5046875	0.999975586088498
1.5046875	0.999975585707036
1.509375	0.99988769908742
1.509375	0.999887698324533
1.5140625	0.999741232068775
1.5140625	0.999741230924537
1.51875	0.999536202196865
1.51875	0.999536200671388
1.5234375	0.999272633499376
1.5234375	0.999272631592809
1.528125	0.998950556865026
1.528125	0.998950554577556
1.5328125	0.998570010040553
1.5328125	0.998570007372402
1.5375	0.998131037627021
1.5375	0.998131034578453
1.5421875	0.997633691075469
1.5421875	0.99763368764678
1.546875	0.997078028681876
1.546875	0.997078024873399
1.5515625	0.99646411558146
1.5515625	0.99646411139357
1.55625	0.995792023742311
1.55625	0.995792019175419
1.5609375	0.995061831958356
1.5609375	0.995061827012907
1.565625	0.994273625841634
1.565625	0.994273620518113
1.5703125	0.993427497813925
1.5703125	0.993427492112852
1.575	0.992523547097693
1.575	0.992523541019628
1.5796875	0.991561879706365
1.5796875	0.991561873251905
1.584375	0.990542608433936
1.584375	0.990542601603713
1.5890625	0.989465852843906
1.5890625	0.989465845638591
1.59375	0.988331739257543
1.59375	0.988331731677843
1.5984375	0.987140400741482
1.5984375	0.987140392788144
1.603125	0.985891977094645
1.603125	0.985891968768449
1.6078125	0.984586614834496
1.6078125	0.984586606136263
1.6125	0.983224467182626
1.6125	0.983224458113213
1.6171875	0.981805694049665
1.6171875	0.981805684609966
1.621875	0.980330462019519
1.621875	0.980330452210465
1.6265625	0.978798944332951
1.6265625	0.97879893415551
1.63125	0.977211320870473
1.63125	0.977211310325651
1.6359375	0.975567778134579
1.6359375	0.975567767223421
1.640625	0.973868509231311
1.640625	0.973868497954894
1.6453125	0.972113713851136
1.6453125	0.97211370221058
1.65	0.970303598249177
1.65	0.970303586245636
1.6546875	0.968438375224754
1.6546875	0.96843836285942
1.659375	0.966518264100263
1.659375	0.966518251374365
1.6640625	0.964543490699384
1.6640625	0.964543477614189
1.66875	0.962514287324616
1.66875	0.962514273881429
1.6734375	0.960430892734147
1.6734375	0.960430878934308
1.678125	0.958293552118042
1.678125	0.95829353796293
1.6828125	0.956102517073776
1.6828125	0.956102502564806
1.6875	0.953858045581083
1.6875	0.953858030719708
1.6921875	0.951560401976139
1.6921875	0.951560386763849
1.696875	0.949209856925082
1.696875	0.949209841363405
1.7015625	0.946806687396845
1.7015625	0.946806671487345
1.70625	0.944351176635339
1.70625	0.944351160379617
1.7109375	0.941843614130942
1.7109375	0.941843597530638
1.715625	0.939284295591341
1.715625	0.939284278648132
1.7203125	0.936673522911688
1.7203125	0.936673505627287
1.725	0.934011604144087
1.725	0.934011586520245
1.7296875	0.931298853466418
1.7296875	0.931298835504924
1.734375	0.928535591150487
1.734375	0.928535572853164
1.7390625	0.925722143529495
1.7390625	0.925722124898208
1.74375	0.922858842964857
1.74375	0.922858824001505
1.7484375	0.919946027812331
1.7484375	0.919946008518851
1.753125	0.91698404238749
1.753125	0.916984022765856
1.7578125	0.913973236930513
1.7578125	0.913973216982738
1.7625	0.910913967570315
1.7625	0.910913947298447
1.7671875	0.907806596287999
1.7671875	0.907806575694125
1.771875	0.904651490879642
1.771875	0.904651469965884
1.7765625	0.901449024918406
1.7765625	0.901449003686926
1.78125	0.898199577715987
1.78125	0.898199556168982
1.7859375	0.89490353428338
1.7859375	0.894903512423086
1.790625	0.891561285290988
1.790625	0.891561263119677
1.7953125	0.888173227028049
1.7953125	0.888173204548031
1.8	0.8847397613614
1.8	0.884739738575021
1.8046875	0.881261295693566
1.8046875	0.881261272603211
1.809375	0.877738242920179
1.809375	0.87773821952827
1.8140625	0.87417102138673
1.8140625	0.874170997695724
1.81875	0.870560054844646
1.81875	0.87056003085704
1.8234375	0.866905772406699
1.8234375	0.866905748125025
1.828125	0.863208608501741
1.828125	0.863208583928572
1.8328125	0.859469002828778
1.8328125	0.85946897796672
1.8375	0.855687400310357
1.8375	0.855687375162055
1.8421875	0.851864251045302
1.8421875	0.851864225613438
1.846875	0.848000010260763
1.846875	0.847999984548056
1.8515625	0.844095138263599
1.8515625	0.844095112272808
1.85625	0.840150100391104
1.85625	0.84015007412502
1.8609375	0.836165366961035
1.8609375	0.836165340422492
1.865625	0.832141413220998
1.865625	0.832141386412864
1.8703125	0.828078719297145
1.8703125	0.828078692222324
1.875	0.823977770142208
1.875	0.823977742803643
1.8796875	0.819839055482857
1.8796875	0.819839027883529
1.884375	0.815663069766396
1.884375	0.815663041909324
1.8890625	0.811450312106784
1.8890625	0.81145028399502
1.89375	0.807201286229976
1.89375	0.807201257866615
1.8984375	0.802916500418617
1.8984375	0.802916471806786
1.903125	0.798596467456037
1.903125	0.798596438598903
1.9078125	0.794241704569597
1.9078125	0.794241675470363
1.9125	0.789852733373354
1.9125	0.789852704035262
1.9171875	0.785430079810061
1.9171875	0.78543005023639
1.921875	0.780974274092492
1.921875	0.780974244286556
1.9265625	0.776485850644095
1.9265625	0.776485820609249
1.93125	0.771965348038985
1.93125	0.771965317778616
1.9359375	0.76741330894125
1.9359375	0.767413278458787
1.940625	0.762830280043603
1.940625	0.76283024934251
1.9453125	0.758216812005353
1.9453125	0.758216781089132
1.95	0.753573459389707
1.95	0.753573428261896
1.9546875	0.748900780600403
1.9546875	0.74890074926458
1.959375	0.744199337817678
1.959375	0.744199306277455
1.9640625	0.739469696933551
1.9640625	0.739469665192579
1.96875	0.734712427486448
1.96875	0.734712395548417
1.9734375	0.729928102595157
1.9734375	0.72992807046379
1.978125	0.7251172988921
1.978125	0.725117266571161
1.9828125	0.720280596455948
1.9828125	0.720280563949235
1.9875	0.715418578743558
1.9875	0.71541854605491
1.9921875	0.710531832521241
1.9921875	0.710531799654532
1.996875	0.705620947795363
1.996875	0.705620914754504
2.0015625	0.700686517742268
2.0015625	0.700686484531208
2.00625	0.695729138637536
2.00625	0.695729105260262
2.0109375	0.690749409784573
2.0109375	0.690749376245107
2.015625	0.68574793344252
2.015625	0.685747899744922
2.0203125	0.680725314753502
2.0203125	0.680725280901871
2.025	0.675682161669205
2.025	0.675682127667675
2.0296875	0.670619084876773
2.0296875	0.670619050729518
2.034375	0.665536697724049
2.034375	0.665536663435277
2.0390625	0.660435616144131
2.0390625	0.66043558171809
2.04375	0.655316458579271
2.04375	0.655316424020244
2.0484375	0.650179845904091
2.0484375	0.6501798112164
2.053125	0.645026401348138
2.053125	0.645026366536142
2.0578125	0.639856750417762
2.0578125	0.639856715485857
2.0625	0.63467152081733
2.0625	0.634671485769948
2.0671875	0.629471342369758
2.0671875	0.62947130721137
2.071875	0.624256846936391
2.071875	0.624256811671504
2.0765625	0.619028668336192
2.0765625	0.619028632969351
2.08125	0.613787442264273
2.08125	0.61378740680006
2.0859375	0.608533806209753
2.0859375	0.608533770652789
2.090625	0.603268399372947
2.090625	0.603268363727886
2.0953125	0.597991862581876
2.0953125	0.597991826853414
2.1	0.592704838208119
2.1	0.592704802400987
2.1046875	0.587407970081985
2.1046875	0.58740793420095
2.109375	0.582101903407017
2.109375	0.582101867456885
2.1140625	0.576787284673827
2.1140625	0.576787248659442
2.11875	0.571464761573264
2.11875	0.571464725499505
2.1234375	0.566134982908896
2.1234375	0.566134946780681
2.128125	0.560798598508844
2.128125	0.560798562331127
2.1328125	0.555456259136926
2.1328125	0.555456222914699
2.1375	0.550108616403143
2.1375	0.550108580141435
2.1421875	0.544756322673486
2.1421875	0.544756286377364
2.146875	0.539400030979079
2.146875	0.539399994653646
2.1515625	0.534040394924647
2.1515625	0.534040358575045
2.15625	0.528678068596317
2.15625	0.528678032227724
2.1609375	0.523313706468744
2.1609375	0.523313670086374
2.165625	0.51794796331157
2.165625	0.517947926920676
2.1703125	0.512581494095211
2.1703125	0.512581457701084
2.175	0.507214953895977
2.175	0.507214917503943
2.1796875	0.501848997800511
2.1796875	0.501848961415936
2.184375	0.496484280809575
2.184375	0.49648424443786
2.1890625	0.491121457741146
2.1890625	0.49112142138773
2.19375	0.485761183132856
2.19375	0.485761146803214
2.1984375	0.480404111143752
2.1984375	0.480404074843399
2.203125	0.475050895455394
2.203125	0.475050859189879
2.2078125	0.469702189172276
2.2078125	0.469702152947188
2.2125	0.464358644721578
2.2125	0.464358608542542
2.2171875	0.459020913752246
2.2171875	0.459020877624925
2.221875	0.45368964703341
2.221875	0.453689610963503
2.2265625	0.448365494352116
2.2265625	0.44836545834536
2.23125	0.443049104410404
2.23125	0.443049068472573
2.2359375	0.437741124721701
2.2359375	0.437741088858607
2.240625	0.432442201506557
2.240625	0.432442165724048
2.2453125	0.427152979587697
2.2453125	0.427152943891659
2.25	0.421874102284412
2.25	0.421874066680769
2.2546875	0.416606211306278
2.2546875	0.416606175800991
2.259375	0.411349946646203
2.259375	0.411349911245268
2.2640625	0.406105946472796
2.2640625	0.40610591118225
2.26875	0.400874847022085
2.26875	0.400874811847999
2.2734375	0.395657282488541
2.2734375	0.395657247437024
2.278125	0.39045388491545
2.278125	0.390453849992649
2.2828125	0.385265284084604
2.2828125	0.385265249296703
2.2875	0.380092107405325
2.2875	0.380092072758546
2.2921875	0.374934979802818
2.2921875	0.374934945303419
2.296875	0.369794523605855
2.296875	0.369794489260131
2.3015625	0.364671358433785
2.3015625	0.364671324248069
2.30625	0.359566101082875
2.30625	0.359566067063539
2.3109375	0.354479365411985
2.3109375	0.354479331565435
2.315625	0.349411762227562
2.315625	0.349411728560243
2.3203125	0.344363899167975
2.3203125	0.344363865686369
2.325	0.33933638058717
2.325	0.339336347297798
2.3296875	0.334329807437666
2.3296875	0.334329774347082
2.334375	0.32934477715286
2.334375	0.329344744267659
2.3390625	0.32438188352869
2.3390625	0.324381850855502
2.34375	0.319441716604599
2.34375	0.319441684150094
2.3484375	0.31452486254385
2.3484375	0.314524830314732
2.353125	0.309631903513158
2.353125	0.30963187151617
2.3578125	0.304763417561654
2.3578125	0.304763385803576
2.3625	0.299919978499184
2.3625	0.299919946986834
2.3671875	0.295102155773931
2.3671875	0.295102124514164
2.371875	0.290310514349368
2.371875	0.290310483349074
2.3765625	0.285545614580541
2.3765625	0.28554558384665
2.38125	0.280808012089683
2.38125	0.280807981629162
2.3859375	0.276098257641157
2.3859375	0.276098227461008
2.390625	0.271416897015722
2.390625	0.271416867122987
2.3953125	0.266764470884141
2.3953125	0.266764441285898
2.4	0.262141514680108
2.4	0.262141485383471
2.4046875	0.257548558472504
2.4046875	0.257548529484627
2.409375	0.252986126836995
2.409375	0.252986098165067
2.4140625	0.248454738726942
2.4140625	0.24845471037819
2.41875	0.243954907343654
2.41875	0.243954879325344
2.4234375	0.239487140005968
2.4234375	0.239487112325399
2.428125	0.235051938019145
2.428125	0.235051910683658
2.4328125	0.230649796543123
2.4328125	0.230649769560092
2.4375	0.226281204460065
2.4375	0.226281177836905
2.4421875	0.221946644241269
2.4421875	0.221946617985431
2.446875	0.217646591813387
2.446875	0.217646565932358
2.4515625	0.213381516423977
2.4515625	0.213381490925281
2.45625	0.20915188050639
2.45625	0.209151855397591
2.4609375	0.204958139543983
2.4609375	0.20495811483268
2.465625	0.20080074193366
2.465625	0.20080071762749
2.4703125	0.196680128848746
2.4703125	0.196680104955382
2.475	0.192596734101186
2.475	0.192596710628341
2.4796875	0.188550984003079
2.4796875	0.188550960958501
2.484375	0.184543297227536
2.484375	0.18454327461901
2.4890625	0.18057408466887
2.4890625	0.18057406250422
2.49375	0.176643749302118
2.49375	0.176643727589204
2.4984375	0.172752686041886
2.4984375	0.172752664788605
2.503125	0.168901281600529
2.503125	0.168901260814818
2.5078125	0.16508991434566
2.5078125	0.165089894035489
2.5125	0.161318954156985
2.5125	0.161318934330364
2.5171875	0.157588762282469
2.5171875	0.157588742947445
2.521875	0.153899691193836
2.521875	0.153899672358492
2.5265625	0.150252084441388
2.5265625	0.150252066113846
2.53125	0.146646276508166
2.53125	0.146646258696585
2.5359375	0.143082592663432
2.5359375	0.143082575376007
2.540625	0.139561348815483
2.540625	0.139561332060446
2.5453125	0.13608285136379
2.5453125	0.136082835149412
2.55	0.13264739705048
2.55	0.132647381385068
2.5546875	0.129255272811129
2.5546875	0.129255257703028
2.559375	0.125906755624899
2.559375	0.125906741082491
2.5640625	0.122602112363997
2.5640625	0.122602098395701
2.56875	0.119341599642464
2.56875	0.119341586256736
2.5734375	0.1161254636643
2.5734375	0.116125450869634
2.578125	0.112953940070906
2.578125	0.112953927875833
2.5828125	0.109827253787871
2.5828125	0.109827242200959
2.5875	0.106745618871073
2.5875	0.106745607900928
2.5921875	0.103709238352121
2.5921875	0.103709228007384
2.596875	0.100718304083121
2.596875	0.100718294372473
2.6015625	0.0977729965807712
2.6015625	0.0977729875129303
2.60625	0.0948734848697918
2.60625	0.0948734764535116
2.6109375	0.0920199263256767
2.6109375	0.092019918569749
2.615625	0.0892124665167795
2.615625	0.089212459430033
2.6203125	0.086451239045729
2.6203125	0.0864512326370302
2.625	0.0837363653901717
2.625	0.0837363596684238
2.6296875	0.081067954742846
2.6296875	0.0810679497169898
2.634375	0.0784461038509848
2.634375	0.0784460995299982
2.6390625	0.0758708968550466
2.6390625	0.0758708932479449
2.64375	0.0733424051267792
2.64375	0.0733424022426147
2.6484375	0.0708606871066084
2.6484375	0.070860684954471
2.653125	0.0684257881403606
2.653125	0.0684257867293771
2.6578125	0.0660377403153116
2.6578125	0.0660377396546463
2.6625	0.063696562295566
2.6625	0.0636965623944203
2.6671875	0.0614022591567671
2.6671875	0.0614022600243797
2.671875	0.0591548222201334
2.671875	0.0591548238657804
2.6765625	0.0569542288858284
2.6765625	0.056954231318823
2.68125	0.0548004424656569
2.68125	0.0548004456953494
2.6859375	0.0526934120150907
2.6859375	0.052693416050869
2.690625	0.0506330721646266
2.690625	0.0506330770159157
2.6953125	0.0486193429504704
2.6953125	0.0486193486267325
2.7	0.0466521296445529
2.7	0.0466521361552874
2.7046875	0.0447313225838738
2.7046875	0.0447313299386176
2.709375	0.0428567969991755
2.709375	0.0428568052075024
2.7140625	0.0410284128429472
2.7140625	0.0410284219144686
2.71875	0.0392460146167565
2.71875	0.0392460245611209
2.7234375	0.037509431197913
2.7234375	0.0375094420248061
2.728125	0.0358184756654592
2.728125	0.0358184873846041
2.7328125	0.0341729451254913
2.7328125	0.0341729577466482
2.7375	0.0325726205358109
2.7375	0.0325726340687773
2.7421875	0.0310172665299038
2.7421875	0.0310172809845144
2.746875	0.0295066312402503
2.746875	0.0295066466263772
2.7515625	0.0280404461209641
2.7515625	0.0280404624485166
2.75625	0.02661842576976
2.75625	0.0266184430486846
2.7609375	0.0252402677492528
2.7609375	0.0252402859895332
2.765625	0.0239056524075832
2.765625	0.0239056716192406
2.7703125	0.022614242698376
2.7703125	0.0226142628914685
2.775	0.0213656840000253
2.775	0.0213657051846486
2.7796875	0.02015960393431
2.7796875	0.0201596261205968
2.784375	0.01899561218434
2.784375	0.0189956353824602
2.7890625	0.017873300311829
2.7890625	0.0178733245319901
2.79375	0.0167922415737001
2.79375	0.0167922668261466
2.7984375	0.0157519907380184
2.7984375	0.0157520170330322
2.803125	0.0147520838992537
2.803125	0.0147521112471537
2.8078125	0.0137920382928734
2.8078125	0.0137920667040159
2.8125	0.0128713521092634
2.8125	0.0128713815940421
2.8171875	0.0119895043069804
2.8171875	0.0119895348758259
2.821875	0.0111459544253316
2.821875	0.0111459860887122
2.8265625	0.0103401423962852
2.8265625	0.0103401751647061
2.83125	0.00957148835570997
2.83125	0.00957152223971373
2.8359375	0.00883939245394401
2.8359375	0.00883942746411047
2.840625	0.00814323466569346
2.840625	0.00814327081263972
2.8453125	0.0074823745992603
2.8453125	0.00748241189364066
2.85	0.0068561513050994
2.85	0.00685618975760546
2.8546875	0.00626388308370582
2.8546875	0.00626392270506641
2.859375	0.00570486729283049
2.859375	0.00570490809381172
2.8640625	0.00517838015402635
2.8640625	0.00517842214543153
2.86875	0.00468367655852322
2.86875	0.00468371975119297
2.8734375	0.00421998987243231
2.8734375	0.00422003427724447
2.878125	0.00378653174128052
2.878125	0.00378657736915018
2.8828125	0.00338249189387356
2.8828125	0.00338253875575308
2.8875	0.00300703794548916
2.8875	0.00300708605236815
2.8921875	0.00265931520039931
2.8921875	0.00265936456330463
2.896875	0.00233844645372196
2.896875	0.00233849708371772
2.9015625	0.00204353179260252
2.9015625	0.00204358370079008
2.90625	0.0017736483967243
2.90625	0.00177370159424229
2.9109375	0.00152785033814888
2.9109375	0.00152790483617316
2.915625	0.00130516838048562
2.915625	0.00130522419022933
2.9203125	0.00110460977739065
2.9203125	0.00110466691010414
2.925	0.000925158070395479
2.925	0.000925216537366399
2.9296875	0.000765772886064839
2.9296875	0.000765832698618066
2.934375	0.000625389732484162
2.934375	0.000625450901981831
2.9390625	0.00050291979507637
2.9390625	0.000502982332917868
2.94375	0.000397249731748134
2.94375	0.000397313649370105
2.9484375	0.000307241467365692
2.9484375	0.000307306776242027
2.953125	0.000231731987559939
2.953125	0.000231798699201787
2.9578125	0.00016953313186113
2.9578125	0.000169601257816891
2.9625	0.00011943138616292
2.9625	0.000119500938018246
2.9671875	8.01876745158841e-05
2.9671875	8.02586638936811e-05
2.971875	5.05371502505204e-05
2.971875	5.06095888109464e-05
2.9765625	2.91889864296384e-05
2.9765625	2.92628858701057e-05
2.98125	1.48261656302531e-05
2.98125	1.49015376854262e-05
2.9859375	6.10526905488676e-06
2.9859375	6.18212549668242e-06
2.990625	1.65626497233396e-06
2.990625	1.73461760992304e-06
2.9953125	8.22964878796597e-08
2.9953125	1.62157167684881e-07
3	-4.05313570475027e-08
