1	1
20
0	-0.0082077037037037
0.3	0.0333122962962963
0.3	0.0312642962962963
0.6	0.248730962962963
0.6	0.256154962962963
0.9	0.591328296296296
0.9	0.600544296296296
1.2	0.896624296296296
1.2	0.902512296296297
1.5	1.01933896296296
1.5	1.01933896296296
1.8	0.902512296296297
1.8	0.896624296296296
2.1	0.600544296296296
2.1	0.591328296296296
2.4	0.256154962962963
2.4	0.248730962962963
2.7	0.0312642962962962
2.7	0.0333122962962962
3	-0.00820770370370369
0	1
0.3	1
0.3	1
0.6	1
0.6	1
0.9	1
0.9	1
1.2	1
1.2	1
1.5	1
1.5	1
1.8	1
1.8	1
2.1	1
2.1	1
2.4	1
2.4	1
2.7	1
2.7	1
3	1
