1	1
80
0	-0.000156456958912037
0.075	0.000627859447337963
0.075	0.000387984447337963
0.15	0.00622150658275463
0.15	0.00606363158275462
0.225	0.020513390697338
0.225	0.020426265697338
0.3	0.0456852305410879
0.3	0.045658230541088
0.375	0.0827421823640047
0.375	0.0827653073640046
0.45	0.131698464916088
0.45	0.131762339916088
0.525	0.191751734447338
0.525	0.191847609447338
0.6	0.261446209707755
0.6	0.261565959707755
0.675	0.338824546947338
0.675	0.338960671947338
0.75	0.421568464916088
0.75	0.421714089916088
0.825	0.507128119864004
0.825	0.507276994864005
0.9	0.592840230541088
0.9	0.592986730541088
0.975	0.676034953197338
0.975	0.676174078197338
1.05	0.754131506582754
1.05	0.754258881582754
1.125	0.824722546947338
1.125	0.824834421947338
1.2	0.885647293041088
1.2	0.885740543041088
1.275	0.935053401114004
1.275	0.935125526114004
1.35	0.971447589916088
1.35	0.971496714916088
1.425	0.993735015697338
1.425	0.993759890697338
1.5	1.00124739720775
1.5	1.00124739720775
1.575	0.993759890697338
1.575	0.993735015697338
1.65	0.971496714916088
1.65	0.971447589916088
1.725	0.935125526114004
1.725	0.935053401114004
1.8	0.885740543041088
1.8	0.885647293041088
1.875	0.824834421947338
1.875	0.824722546947338
1.95	0.754258881582754
1.95	0.754131506582755
2.025	0.676174078197338
2.025	0.676034953197338
2.1	0.592986730541088
2.1	0.592840230541088
2.175	0.507276994864005
2.175	0.507128119864005
2.25	0.421714089916088
2.25	0.421568464916088
2.325	0.338960671947338
2.325	0.338824546947338
2.4	0.261565959707755
2.4	0.261446209707755
2.475	0.191847609447338
2.475	0.191751734447338
2.55	0.131762339916088
2.55	0.131698464916088
2.625	0.0827653073640046
2.625	0.0827421823640046
2.7	0.0456582305410879
2.7	0.0456852305410879
2.775	0.020426265697338
2.775	0.020513390697338
2.85	0.00606363158275461
2.85	0.00622150658275463
2.925	0.000387984447337977
2.925	0.000627859447337965
3	-0.000156456958912039
0	1
0.075	1
0.075	1
0.15	1
0.15	1
0.225	1
0.225	1
0.3	1
0.3	1
0.375	1
0.375	1
0.45	1
0.45	1
0.525	1
0.525	1
0.6	1
0.6	1
0.675	1
0.675	1
0.75	1
0.75	1
0.825	1
0.825	1
0.9	1
0.9	1
0.975	1
0.975	1
1.05	1
1.05	1
1.125	1
1.125	1
1.2	1
1.2	1
1.275	1
1.275	1
1.35	1
1.35	1
1.425	1
1.425	1
1.5	1
1.5	1
1.575	1
1.575	1
1.65	1
1.65	1
1.725	1
1.725	1
1.8	1
1.8	1
1.875	1
1.875	1
1.95	1
1.95	1
2.025	1
2.025	1
2.1	1
2.1	1
2.175	1
2.175	1
2.25	1
2.25	1
2.325	1
2.325	1
2.4	1
2.4	1
2.475	1
2.475	1
2.55	1
2.55	1
2.625	1
2.625	1
2.7	1
2.7	1
2.775	1
2.775	1
2.85	1
2.85	1
2.925	1
2.925	1
3	1
