1	1
40
0	-0.00117324537037037
0.15	0.0047246712962963
0.15	0.00345267129629629
0.3	0.0428997546296296
0.3	0.0426757546296296
0.45	0.12876200462963
0.45	0.12926600462963
0.6	0.259141421296296
0.6	0.260093421296296
0.75	0.42036800462963
0.75	0.42152800462963
0.9	0.59295175462963
0.9	0.59411975462963
1.05	0.755542671296296
1.05	0.756558671296296
1.2	0.88817075462963
1.2	0.888914754629629
1.35	0.97476600462963
1.35	0.97515800462963
1.5	1.0049584212963
1.5	1.0049584212963
1.65	0.97515800462963
1.65	0.97476600462963
1.8	0.888914754629629
1.8	0.88817075462963
1.95	0.756558671296296
1.95	0.755542671296296
2.1	0.594119754629629
2.1	0.59295175462963
2.25	0.42152800462963
2.25	0.42036800462963
2.4	0.260093421296296
2.4	0.259141421296296
2.55	0.12926600462963
2.55	0.12876200462963
2.7	0.0426757546296295
2.7	0.0428997546296296
2.85	0.00345267129629629
2.85	0.00472467129629629
3	-0.00117324537037037
0	1
0.15	1
0.15	1
0.3	1
0.3	1
0.45	1
0.45	1
0.6	1
0.6	1
0.75	1
0.75	1
0.9	1
0.9	1
1.05	1
1.05	1
1.2	1
1.2	1
1.35	1
1.35	1
1.5	1
1.5	1
1.65	1
1.65	1
1.8	1
1.8	1
1.95	1
1.95	1
2.1	1
2.1	1
2.25	1
2.25	1
2.4	1
2.4	1
2.55	1
2.55	1
2.7	1
2.7	1
2.85	1
2.85	1
3	1
