1	1
80
0	26300104.2463743
0.075	-26300104.2461753
0.075	26300104.2501242
0.15	-26300104.2461753
0.15	26300104.2669367
0.225	-26300104.2461753
0.225	26300104.3026087
0.3	-26300104.2461753
0.3	26300104.3608863
0.375	-26300104.2461753
0.375	26300104.4430057
0.45	-26300104.2461753
0.45	26300104.5484795
0.525	-26300104.2461753
0.525	26300104.6752269
0.6	-26300104.2461753
0.6	26300104.8199978
0.675	-26300104.2461753
0.675	26300104.9786165
0.75	-26300104.2461753
0.75	26300105.1462817
0.825	-26300104.2461753
0.825	26300105.3178044
0.9	-26300104.2461753
0.9	26300105.4878437
0.975	-26300104.2461753
0.975	26300105.6511092
1.05	-26300104.2461753
1.05	26300105.8025471
1.125	-26300104.2461753
1.125	26300105.9374995
1.2	-26300104.2461753
1.2	26300106.051845
1.275	-26300104.2461753
1.275	26300106.1421135
1.35	-26300104.2461753
1.35	26300106.2055809
1.425	-26300104.2461753
1.425	26300106.2403395
1.5	-26300104.2461753
1.5	26300106.2453479
1.575	-26300104.2461753
1.575	26300106.220456
1.65	-26300104.2461753
1.65	26300106.1664095
1.725	-26300104.2461753
1.725	26300106.0848312
1.8	-26300104.2461753
1.8	26300105.9781791
1.875	-26300104.2461753
1.875	26300105.8496835
1.95	-26300104.2461753
1.95	26300105.7032599
2.025	-26300104.2461753
2.025	26300105.5434011
2.1	-26300104.2461753
2.1	26300105.3750454
2.175	-26300104.2461753
2.175	26300105.2034225
2.25	-26300104.2461753
2.25	26300105.0338787
2.325	-26300104.2461753
2.325	26300104.8716761
2.4	-26300104.2461753
2.4	26300104.7217731
2.475	-26300104.2461753
2.475	26300104.5885801
2.55	-26300104.2461753
2.55	26300104.4756921
2.625	-26300104.2461753
2.625	26300104.3856028
2.7	-26300104.2461753
2.7	26300104.3193894
2.775	-26300104.2461753
2.775	26300104.2763823
2.85	-26300104.2461753
2.85	26300104.2538077
2.925	-26300104.2461753
2.925	26300104.2464074
3	-26300104.2461753
0	14101519228438.7
0.075	14101519228438.7
0.075	710408770077.762
0.15	710408770077.762
0.15	135123204538.188
0.225	135123204538.188
0.225	49710693858.0613
0.3	49710693858.0613
0.3	24455763281.2179
0.375	24455763281.2179
0.375	14252601603.437
0.45	14252601603.437
0.45	9279874553.15626
0.525	9279874553.15626
0.525	6538478582.73417
0.6	6538478582.73417
0.6	4888871970.23116
0.675	4888871970.23116
0.675	3830129306.76796
0.75	3830129306.76796
0.75	3116681157.83388
0.825	3116681157.83388
0.825	2617831643.04415
0.9	2617831643.04415
0.9	2259334694.35706
0.975	2259334694.35706
0.975	1996780408.01441
1.05	1996780408.01441
1.05	1802489997.65077
1.125	1802489997.65077
1.125	1658667575.35695
1.2	1658667575.35695
1.2	1553631125.24861
1.275	1553631125.24861
1.275	1479660388.22315
1.35	1479660388.22315
1.35	1431732457.44243
1.425	1431732457.44243
1.425	1406777123.43291
1.5	1406777123.43291
1.5	1403252803.39751
1.575	1403252803.39751
1.575	1420945179.91318
1.65	1420945179.91318
1.65	1460938738.41591
1.725	1460938738.41591
1.725	1525758305.52458
1.8	1525758305.52458
1.8	1619710399.69159
1.875	1619710399.69159
1.875	1749504339.9319
1.95	1749504339.9319
1.95	1925313401.17419
2.025	1925313401.17419
2.025	2162572235.35336
2.1	2162572235.35336
2.1	2485090585.67533
2.175	2485090585.67533
2.175	2930637675.11949
2.25	2930637675.11949
2.25	3561422311.5281
2.325	3561422311.5281
2.325	4484957549.38965
2.4	4484957549.38965
2.4	5898565197.9472
2.475	5898565197.9472
2.475	8193063681.65215
2.55	8193063681.65215
2.55	12222827556.9263
2.625	12222827556.9263
2.625	20120462352.5389
2.7	20120462352.5389
2.7	38317034601.9236
2.775	38317034601.9236
2.775	92870637333.8719
2.85	92870637333.8719
2.85	367556896252.371
2.925	367556896252.371
2.925	12088865063121.5
3	12088865063121.5
