1	1
40
0	26300104.2475826
0.15	-26300104.2461753
0.15	26300104.2745123
0.3	-26300104.2461753
0.3	26300104.3836897
0.45	-26300104.2461753
0.45	26300104.5863548
0.6	-26300104.2461753
0.6	26300104.8701375
0.75	-26300104.2461753
0.75	26300105.2026128
0.9	-26300104.2461753
0.9	26300105.5435634
1.05	-26300104.2461753
1.05	26300105.8507279
1.2	-26300104.2461753
1.2	26300106.0866469
1.35	-26300104.2461753
1.35	26300106.2228002
1.5	-26300104.2461753
1.5	26300106.2429378
1.65	-26300104.2461753
1.65	26300106.1446547
1.8	-26300104.2461753
1.8	26300105.9396835
1.95	-26300104.2461753
1.95	26300105.6526678
2.1	-26300104.2461753
2.1	26300105.318536
2.25	-26300104.2461753
2.25	26300104.9784136
2.4	-26300104.2461753
2.4	26300104.6741081
2.55	-26300104.2461753
2.55	26300104.4411455
2.7	-26300104.2461753
2.7	26300104.3003731
2.85	-26300104.2461753
2.85	26300104.248117
3	-26300104.2461753
0	996701309859.857
0.15	996701309859.857
0.15	49499754028.8635
0.3	49499754028.8635
0.3	10200188681.3688
0.45	10200188681.3688
0.45	4123330535.51567
0.6	4123330535.51567
0.6	2248008598.83582
0.75	2248008598.83582
0.75	1466559221.60955
0.9	1466559221.60955
0.9	1081150877.24673
1.05	1081150877.24673
1.05	874182815.581548
1.2	874182815.581548
1.2	762126573.011865
1.35	762126573.011865
1.35	709629998.951818
1.5	709629998.951818
1.5	702473292.194499
1.65	702473292.194499
1.65	738839878.595833
1.8	738839878.595833
1.8	828264238.035546
1.95	828264238.035546
1.95	997283861.488855
2.1	997283861.488855
2.1	1308022887.16119
2.25	1308022887.16119
2.25	1915595375.4772
2.4	1915595375.4772
2.4	3277786760.24651
2.55	3277786760.24651
2.55	7194289996.80335
2.7	7194289996.80335
2.7	25880622960.2448
2.85	25880622960.2448
2.85	722393977828.52
3	722393977828.52
