1	0
160
0	-0.000603941390394612
0.0375	-0.000147552404298919
0.0375	-0.000309136416275817
0.075	0.000941408767492574
0.075	0.000697940118136793
0.1125	0.00315752119752563
0.1125	0.00282876672930471
0.15	0.0070107947908753
0.15	0.00661306899335139
0.1875	0.012985636512724
0.1875	0.0125410958103135
0.225	0.0214505410693713
0.225	0.0209770936329911
0.2625	0.0326473146986198
0.2625	0.0321568737237345
0.3	0.0467234931649418
0.3	0.0462251142250921
0.3375	0.0637625555426817
0.3375	0.0632650909073183
0.375	0.0837945629066464
0.375	0.0833069364180983
0.4125	0.106795960843898
0.4125	0.106326388225838
0.45	0.132690756931272
0.45	0.132246369047645
0.4875	0.161355853619499
0.4875	0.160942844157088
0.525	0.192627360787435
0.525	0.19225117456239
0.5625	0.226305763996577
0.5625	0.225971130626434
0.6	0.262160300331728
0.6	0.261871219197146
0.6375	0.299933292841163
0.6375	0.299693053853761
0.675	0.339344506996684
0.675	0.339155730628089
0.7125	0.380095325883915
0.7125	0.379959995696763
0.75	0.421872697163562
0.75	0.421792186608703
0.7875	0.464352901059764
0.7875	0.464328001891753
0.825	0.507205155378948
0.825	0.50723610754549
0.8625	0.550095045881035
0.8625	0.550181567015204
0.9	0.59268777785192
0.9	0.592829092425198
0.9375	0.634651251704967
0.9375	0.634846120289801
0.975	0.675658963489503
0.975	0.675905712090668
1.0125	0.715392729612016
1.0125	0.715689278967165
1.05	0.753545235628117
1.05	0.753889130496936
1.0875	0.789822409270878
1.0875	0.790210847732312
1.125	0.82394561772634
1.125	0.824375480476982
1.1625	0.855653689120006
1.1625	0.856121568770628
1.2	0.884704758217675
1.2	0.885206988589877
1.2375	0.910877936347345
1.2375	0.911410621770539
1.275	0.93397480554026
1.275	0.934533850148567
1.3125	0.953820736890194
1.3125	0.954401873919292
1.35	0.970266033131518
1.35	0.97086485421552
1.3875	0.983186895436103
1.3875	0.983798879904436
1.425	0.992486214428951
1.425	0.99310675860323
1.4625	0.998094185422562
1.4625	0.998718631913465
1.5	0.999968747870061
1.5	1.0005924148742
1.5375	0.998095849037073
1.5375	0.998714059633879
1.575	0.992489531892348
1.575	0.993097643340933
1.6125	0.983191847217136
1.6125	0.983785280253178
1.65	0.970272589933313
1.65	0.970846858065926
1.6875	0.953828859650252
1.6875	0.954379598458864
1.725	0.933984445430454
1.725	0.934507441861678
1.7625	0.910889034773918
1.7625	0.911380256438432
1.8	0.884717246821271
1.8	0.88517287129069
1.8375	0.855667489775636
1.8375	0.856083933879386
1.875	0.823960642543264
1.875	0.82433459166546
1.9125	0.789838560592906
1.9125	0.790166997969225
1.95	0.753562406033938
1.95	0.753842642048496
1.9875	0.715410801913233
1.9875	0.715640503395456
2.025	0.67567781073079
2.025	0.675855030252291
2.0625	0.634670737174104
2.0625	0.634793942345556
2.1	0.592707755071317
2.1	0.592775857839336
2.1375	0.550115358563114
2.1375	0.550127744507213
2.175	0.50722563749315
2.175	0.507182195122585
2.2125	0.464373377016748
2.2125	0.464274527066509
2.25	0.421892981429884
2.25	0.421739706156062
2.2875	0.380115222225368
2.2875	0.379909094707684
2.325	0.339363810369333
2.325	0.339107023834242
2.3625	0.299951792718302
2.3625	0.299647189842341
2.4	0.262177772473482
2.4	0.261828874476269
2.4375	0.226321954129371
2.4375	0.2259329895681
2.475	0.192642014707532
2.475	0.192217949140275
2.5125	0.161368801730842
2.5125	0.160915371291126
2.55	0.132701846456246
2.55	0.132225594594379
2.5875	0.106804664182036
2.5875	0.106312962524958
2.625	0.0837998490079151
2.625	0.0833008654635988
2.6625	0.0637641390246491
2.6625	0.0632667675931184
2.7	0.0467238074568524
2.7	0.0462377575759442
2.7375	0.032650322738021
2.7375	0.0321867310348731
2.775	0.0214545547489204
2.775	0.021027144082169
2.8125	0.0129758910430036
2.8125	0.0126014995703869
2.85	0.00696458559075908
2.85	0.00666058196107704
2.8875	0.0030659146519586
2.8875	0.00284268360301037
2.925	0.000829885985582231
2.925	0.000680548993811297
2.9625	-0.000225612361705638
2.9625	-0.000331169899032651
3	-0.00049444707651394
