1	0
320
0	-0.000130963016403684
0.01875	-6.30194367405394e-05
0.01875	-8.56053265873624e-05
0.0375	9.59335900794909e-05
0.0375	6.24359023579236e-05
0.05625	0.000410743499675198
0.05625	0.000364210315422807
0.075	0.000952338535318603
0.075	0.000892896580553058
0.09375	0.00179955500445634
0.09375	0.00172872400853935
0.1125	0.00302714474056053
0.1125	0.00294679252718897
0.13125	0.00469961257710532
0.13125	0.00461126635208987
0.15	0.00687077472733328
0.15	0.00677546904714766
0.16875	0.00958633258470509
0.16875	0.00948480872511432
0.1875	0.0128865017686075
0.1875	0.0127794532220414
0.20625	0.0168072289837702
0.20625	0.0166954111528684
0.225	0.0213801814743444
0.225	0.0212643895704736
0.24375	0.0266323836682948
0.24375	0.0265133926227915
0.2625	0.0325861068134608
0.2625	0.0324646412379873
0.28125	0.0392590714071992
0.28125	0.0391358107056187
0.3	0.0466647483068258
0.3	0.0465403410958973
0.31875	0.0548125984855344
0.31875	0.0546876687564888
0.3375	0.0637082404497753
0.3375	0.0635833859303393
0.35625	0.0733535997523255
0.35625	0.073229389444597
0.375	0.0837470725719235
0.375	0.0836240466617262
0.39375	0.0948836992406816
0.39375	0.0947623702933829
0.4125	0.106755334784063
0.4125	0.106636188651242
0.43125	0.119350812513683
0.43125	0.119234308712914
0.45	0.132656103430152
0.45	0.1325426754397
0.46875	0.146654473699948
0.46875	0.146544529392406
0.4875	0.161326640079772
0.4875	0.161220562221774
0.50625	0.176650922547194
0.50625	0.176549069274564
0.525	0.192603393968413
0.525	0.192506099235797
0.54375	0.209158026981024
0.54375	0.209065601013081
0.5625	0.226286838183259
0.5625	0.226199567933477
0.58125	0.243960029597911
0.58125	0.24387817920834
0.6	0.262146127378896
0.6	0.262069938637923
0.61875	0.280812117763726
0.61875	0.280741810563309
0.6375	0.299923580281221
0.6375	0.299859353074597
0.65625	0.319444818214842
0.65625	0.319386848474418
0.675	0.339338986319207
0.675	0.339287430994351
0.69375	0.359568215789439
0.69375	0.35952321176421
0.7125	0.380093736483943
0.7125	0.38005540103485
0.73125	0.400875996400756
0.73125	0.400844427654525
0.75	0.421874778407307
0.75	0.421850055798653
0.76875	0.443049314223571
0.76875	0.443031498952954
0.7875	0.464358395658629
0.7875	0.464347531150019
0.80625	0.485760483100662
0.80625	0.485756595459304
0.825	0.507213811260365
0.825	0.507216909730542
0.84375	0.528676492167768
0.84375	0.528686569590564
0.8625	0.550106615422479
0.8625	0.550123648693545
0.88125	0.571462345697351
0.88125	0.571486296224667
0.9	0.592702017495557
0.9	0.592732831657194
0.91875	0.613784227161092
0.91875	0.613821836762979
0.9375	0.634667922142685
0.9375	0.634712244876371
0.95625	0.655312487511138
0.95625	0.655363427411554
0.975	0.675677829730073
0.975	0.675735277633301
0.99375	0.695724457680106
0.99375	0.695788291681136
1.0125	0.715413560936429
1.0125	0.715483646846927
1.03125	0.734707085299824
1.03125	0.734783277105894
1.05	0.75356780558108
1.05	0.753649945901028
1.06875	0.771959395638844
1.06875	0.772047316180944
1.0875	0.789846495670875
1.0875	0.789940017691127
1.10625	0.807194776758713
1.10625	0.807293711518613
1.125	0.823971002665785
1.125	0.824075151890085
1.14375	0.840143088888916
1.14375	0.840252245223388
1.1625	0.855680158963262
1.1625	0.855794106432462
1.18125	0.870552598020658
1.18125	0.870671112485691
1.2	0.884732103601388
1.2	0.884854953217669
1.21875	0.898191733719367
1.21875	0.898318679394388
1.2375	0.910905952180749
1.2375	0.91103674803184
1.25625	0.922850671155944
1.25625	0.922985064968036
1.275	0.934003291005058
1.275	0.934141024688451
1.29375	0.944342737356755
1.29375	0.944483547404877
1.3125	0.953849495440527
1.3125	0.9539931133877
1.33125	0.962505641672388
1.33125	0.962651794551592
1.35	0.970294872493989
1.35	0.970443283294624
1.36875	0.977202530465145
1.36875	0.977352918590795
1.3875	0.983215627609781
1.3875	0.98336770933598
1.40625	0.9883228660153
1.40625	0.988476354947292
1.425	0.992514655685364
1.425	0.99266926321587
1.44375	0.995783129646095
1.44375	0.995938565413076
1.4625	0.998122156305698
1.4625	0.998278128650115
1.48125	0.999527349067493
1.48125	0.999683565491076
1.5	0.999996073196371
1.5	1.00015224081938
1.51875	0.999527449938671
1.51875	0.999683275957659
1.5375	0.998122357895469
1.5375	0.998277550041047
1.55625	0.995783431649282
1.55625	0.995937698643883
1.575	0.9925150576442
1.575	0.992668109659841
1.59375	0.988323367319435
1.59375	0.988474916435482
1.6125	0.983216227496277
1.6125	0.983365988157209
1.63125	0.977203228018475
1.63125	0.977350917491646
1.65	0.970295666646038
1.65	0.970441005479442
1.66875	0.962506531202452
1.66875	0.962649243682486
1.6875	0.953850478975315
1.6875	0.953990293584543
1.70625	0.944343813370389
1.70625	0.944480463245307
1.725	0.934004457819071
1.725	0.934137681207867
1.74375	0.922851926939281
1.74375	0.922981467659603
1.7625	0.910907294949769
1.7625	0.911032902846486
1.78125	0.898193161337837
1.78125	0.898314592740804
1.8	0.88473361378049
1.8	0.884850631962309
1.81875	0.870554188318986
1.81875	0.870666563952774
1.8375	0.855681826786824
1.8375	0.855789338403973
1.85625	0.84014483149113
1.85625	0.840247265939073
1.875	0.82397281714748
1.875	0.824069970047452
1.89375	0.807196660068131
1.89375	0.807288336272937
1.9125	0.78984844460367
1.9125	0.789934458655444
1.93125	0.771961406838083
1.93125	0.772041583426053
1.95	0.753569875537238
1.95	0.753644049955494
1.96875	0.734709210350793
1.96875	0.734777228956045
1.9875	0.715415737267515
1.9875	0.715477457936857
2.00625	0.695726681324024
2.00625	0.6957819739127
2.025	0.67568009656695
2.025	0.67572884336612
2.04375	0.655314793268512
2.04375	0.65535688946301
2.0625	0.634670262395508
2.0625	0.634705616521609
2.08125	0.613786597331727
2.08125	0.613815131734911
2.1	0.592704412853779
2.1	0.592726064146493
2.11875	0.571464761360348
2.11875	0.57147948087977
2.1375	0.550109046354849
2.1375	0.550116800620653
2.15625	0.528678933181524
2.15625	0.528679704353642
2.175	0.507216257014931
2.175	0.507210043351319
2.19375	0.485762928102874
2.19375	0.485749744417272
2.2125	0.464360834262735
2.2125	0.464340712382435
2.23125	0.443051740631233
2.23125	0.443024729854837
2.25	0.421877186667595
2.25	0.421843354222787
2.26875	0.400878380410154
2.26875	0.400837811911455
2.2875	0.380096089986351
2.2875	0.380048889892889
2.30625	0.359570532376167
2.30625	0.359516824449436
2.325	0.339341259428964
2.325	0.339281187190591
2.34375	0.319447041133756
2.34375	0.319380768323262
2.3625	0.299925746142886
2.3625	0.299853457175454
2.38125	0.280814219549129
2.38125	0.280736119973363
2.4	0.262148157916207
2.4	0.262064474871899
2.41875	0.243961981562723
2.41875	0.243872964238612
2.4375	0.226288704099512
2.4375	0.226194624191053
2.45625	0.209159799220425
2.45625	0.209060951387544
2.475	0.192605064746529
2.475	0.192501767071405
2.49375	0.176652483923716
2.49375	0.176545078368571
2.5125	0.161328083973617
2.5125	0.161216936838471
2.53125	0.146655791897759
2.53125	0.146541294277995
2.55	0.132657287535514
2.55	0.132539855779196
2.56875	0.11935185387735
2.56875	0.119231930043162
2.5875	0.106756224633791
2.5875	0.106634276951723
2.60625	0.0948844290521646
2.60625	0.0947609523873239
2.625	0.083747633960501
2.625	0.0836231502697942
2.64375	0.073353983032442
2.64375	0.0732290417886394
2.6625	0.0637084333655352
2.6625	0.0635836119389862
2.68125	0.0548125896212426
2.68125	0.0546884937140363
2.7	0.0466645358722151
2.7	0.0465418002670874
2.71875	0.0392586643598346
2.71875	0.0391379541898457
2.7375	0.0325854986288678
2.7375	0.0324675105835878
2.75625	0.026631508398117
2.75625	0.0265169697230881
2.775	0.021378920157254
2.775	0.0212685826628923
2.79375	0.0168055431795388
2.79375	0.0167001733663143
2.8125	0.0128846428616082
2.8125	0.0127850199014595
2.83125	0.00958486762079541
2.83125	0.00949181231458194
2.85	0.00687013761104596
2.85	0.00678458967120973
2.86875	0.00469926067374886
2.86875	0.00462237919491769
2.8875	0.00302500230823032
2.8875	0.00295819021697596
2.90625	0.00179263327881794
2.90625	0.00173733293092429
2.925	0.000938717863119205
2.925	0.000895873095422961
2.94375	0.000391796753682915
2.94375	0.000361066428683425
2.9625	7.69222128742265e-05
2.9625	5.59830806131094e-05
2.98125	-7.50393614173762e-05
2.98125	-9.06373725741211e-05
3	-0.000114828184939509
