1	1
20
0	26300104.2546088
0.3	-26300104.2461753
0.3	26300104.4267968
0.6	-26300104.2461753
0.6	26300104.9720468
0.9	-26300104.2461753
0.9	26300105.6515018
1.2	-26300104.2461753
1.2	26300106.1525903
1.5	-26300104.2461753
1.5	26300106.2341581
1.8	-26300104.2461753
1.8	26300105.8612622
2.1	-26300104.2461753
2.1	26300105.2068941
2.4	-26300104.2461753
2.4	26300104.5819981
2.7	-26300104.2461753
2.7	26300104.2631022
3	-26300104.2461753
0	83160942496.99
0.3	83160942496.99
0.3	3882905542.0543
0.6	3882905542.0543
0.6	966198775.582839
0.9	966198775.582839
0.9	499055665.365225
1.2	499055665.365225
1.2	367882202.583337
1.5	367882202.583337
1.5	352787840.86761
1.8	352787840.86761
1.8	434240496.892531
2.1	434240496.892531
2.1	730011860.069183
2.4	730011860.069183
2.4	2088411189.51915
2.7	2088411189.51915
2.7	41433384475.1548
3	41433384475.1548
