3	1
40
0	0.2
5	0.2
5	0.199999999999999
10	0.200000000000001
10	0.200000000002181
15	0.199999999995579
15	0.199999991112504
20	0.200000017785927
20	0.200021083238023
25	0.199958683984767
25	0.156113771960812
30	0.324403274206342
30	0.317063227498498
35	0.318641945801829
35	0.319080961484669
40	0.186177344239421
40	0.142176219374929
45	0.0977755332288582
45	0.0981747838970297
50	0.095933758038981
50	0.0689466461003279
55	0.128707849095416
55	0.181295762720269
60	0.195710963911065
60	0.190758057626792
65	0.191730307787507
65	0.191486964103201
70	0.192607147186723
70	0.192651222817592
75	0.191973392307996
75	0.191422412125094
80	0.189814956921098
80	0.188284406697272
85	0.191720528204101
85	0.190645546005061
90	0.201141651778929
90	0.201605508018109
95	0.212662343024573
95	0.214834389649059
100	0.216037580026889
0	0.28
5	0.28
5	0.28
10	0.28
10	0.279999999999998
15	0.280000000000002
15	0.280000000006179
20	0.27999999998752
20	0.280002895386962
25	0.279996700628036
25	0.307300056311939
30	0.207759325939524
30	0.216981521858745
35	0.211504791319632
35	0.222935414609558
40	0.198639152078397
40	0.210786013900293
45	0.210190575893417
45	0.210541203594645
50	0.207742100142307
50	0.182348285237143
55	0.237100274979565
55	0.25495145764279
60	0.255456062810693
60	0.255291030483625
65	0.256859318178193
65	0.257197311197247
70	0.259252196800258
70	0.260284889780066
75	0.257552710958405
75	0.256869132374034
80	0.251765231835812
80	0.24829250923964
85	0.256992066423721
85	0.254523784208686
90	0.282909921932996
90	0.284751371886805
95	0.315984128590228
95	0.322882224877054
100	0.326156133936839
0	-0.1
5	-0.1
5	-0.1
10	-0.1
10	-0.1
15	-0.1
15	-0.1
20	-0.1
20	-0.1
25	-0.1
25	-0.1
30	-0.1
30	-0.1
35	-0.1
35	-0.1
40	0
40	0
45	-0.1
45	-0.1
50	-0.1
50	-0.1
55	-0.1
55	-0.1
60	-0.1
60	-0.1
65	-0.1
65	-0.1
70	-0.1
70	-0.1
75	-0.1
75	-0.1
80	-0.1
80	-0.1
85	-0.1
85	-0.1
90	-0.1
90	-0.1
95	-0.1
95	-0.1
100	-0.1
0	0
5	0
5	0
10	0
10	0
15	0
15	0
20	0
20	0
25	0
25	0
30	0
30	0
35	0
35	0.1
40	0.1
40	-0.1
45	-0.1
45	0
50	0
50	0
55	0
55	0
60	0
60	0
65	0
65	0
70	0
70	0
75	0
75	0
80	0
80	0
85	0
85	0
90	0
90	0
95	0
95	0
100	0
