3	1
40
0	-2.68156158598852e+154
1	-2.68156158598852e+154
1	0
2	0
2	0
3	0
3	-2.68156158598852e+154
4	-2.68156158598852e+154
4	0
5	0
5	-2.68156158598852e+154
6	-2.68156158598852e+154
6	0
7	0
7	0
8	0
8	0
9	0
9	0
10	0
10	0
11	0
11	0
12	0
12	0
13	0
13	0
14	0
14	0
15	0
15	0
16	0
16	0
17	0
17	0
18	0
18	0
19	0
19	0
20	0
0	-2.68156158598852e+154
1	-2.68156158598852e+154
1	0
2	0
2	0
3	0
3	-2.68156158598852e+154
4	-2.68156158598852e+154
4	0
5	0
5	-2.68156158598852e+154
6	-2.68156158598852e+154
6	0
7	0
7	0
8	0
8	0
9	0
9	0
10	0
10	0
11	0
11	0
12	0
12	0
13	0
13	0
14	0
14	0
15	0
15	0
16	0
16	0
17	0
17	0
18	0
18	0
19	0
19	0
20	0
0	-2.68156158598852e+154
1	-2.68156158598852e+154
1	0
2	0
2	0
3	0
3	-2.68156158598852e+154
4	-2.68156158598852e+154
4	0
5	0
5	-2.68156158598852e+154
6	-2.68156158598852e+154
6	0
7	0
7	0
8	0
8	0
9	0
9	0
10	0
10	0
11	0
11	0
12	0
12	0
13	0
13	0
14	0
14	0
15	0
15	0
16	0
16	0
17	0
17	0
18	0
18	0
19	0
19	0
20	0
0	1
1	1
1	1
2	1
2	1
3	1
3	1
4	1
4	1
5	1
5	1
6	1
6	1
7	1
7	1
8	1
8	1
9	1
9	1
10	1
10	1
11	1
11	1
12	1
12	1
13	1
13	1
14	1
14	1
15	1
15	1
16	1
16	1
17	1
17	1
18	1
18	1
19	1
19	1
20	1
