3	1
320
0	0.4
0.125	0.4
0.125	0.4
0.25	0.4
0.25	0.4
0.375	0.4
0.375	0.4
0.5	0.4
0.5	0.4
0.625	0.4
0.625	0.4
0.75	0.4
0.75	0.4
0.875	0.4
0.875	0.4
1	0.4
1	0.4
1.125	0.4
1.125	0.4
1.25	0.4
1.25	0.4
1.375	0.4
1.375	0.4
1.5	0.4
1.5	0.4
1.625	0.4
1.625	0.4
1.75	0.4
1.75	0.4
1.875	0.4
1.875	0.4
2	0.4
2	0.4
2.125	0.4
2.125	0.4
2.25	0.4
2.25	0.4
2.375	0.4
2.375	0.4
2.5	0.4
2.5	0.4
2.625	0.4
2.625	0.4
2.75	0.4
2.75	0.4
2.875	0.4
2.875	0.4
3	0.4
3	0.4
3.125	0.4
3.125	0.4
3.25	0.4
3.25	0.4
3.375	0.4
3.375	0.4
3.5	0.4
3.5	0.4
3.625	0.4
3.625	0.4
3.75	0.4
3.75	0.4
3.875	0.4
3.875	0.4
4	0.4
4	0.4
4.125	0.4
4.125	0.4
4.25	0.4
4.25	0.4
4.375	0.4
4.375	0.4
4.5	0.4
4.5	0.4
4.625	0.4
4.625	0.4
4.75	0.4
4.75	0.4
4.875	0.4
4.875	0.4
5	0.4
5	0.4
5.125	0.4
5.125	0.4
5.25	0.4
5.25	0.4
5.375	0.4
5.375	0.4
5.5	0.4
5.5	0.4
5.625	0.4
5.625	0.4
5.75	0.4
5.75	0.4
5.875	0.4
5.875	0.4
6	0.4
6	0.4
6.125	0.4
6.125	0.4
6.25	0.4
6.25	0.4
6.375	0.4
6.375	0.4
6.5	0.4
6.5	0.4
6.625	0.4
6.625	0.4
6.75	0.4
6.75	0.4
6.875	0.4
6.875	0.4
7	0.4
7	0.4
7.125	0.4
7.125	0.4
7.25	0.4
7.25	0.4
7.375	0.4
7.375	0.4
7.5	0.4
7.5	0.4
7.625	0.4
7.625	0.4
7.75	0.4
7.75	0.4
7.875	0.4
7.875	0.4
8	0.4
8	0.4
8.125	0.37578125
8.125	0.37578125
8.25	0.353125
8.25	0.353125
8.375	0.33203125
8.375	0.33203125
8.5	0.3125
8.5	0.3125
8.625	0.29453125
8.625	0.29453125
8.75	0.278125
8.75	0.278125
8.875	0.26328125
8.875	0.26328125
9	0.25
9	0.25
9.125	0.23828125
9.125	0.23828125
9.25	0.228125
9.25	0.228125
9.375	0.21953125
9.375	0.21953125
9.5	0.2125
9.5	0.2125
9.625	0.20703125
9.625	0.20703125
9.75	0.203125
9.75	0.203125
9.875	0.20078125
9.875	0.20078125
10	0.2
10	0.2
10.125	0.20078125
10.125	0.20078125
10.25	0.203125
10.25	0.203125
10.375	0.20703125
10.375	0.20703125
10.5	0.2125
10.5	0.2125
10.625	0.21953125
10.625	0.21953125
10.75	0.228125
10.75	0.228125
10.875	0.23828125
10.875	0.23828125
11	0.25
11	0.25
11.125	0.26328125
11.125	0.26328125
11.25	0.278125
11.25	0.278125
11.375	0.29453125
11.375	0.29453125
11.5	0.3125
11.5	0.3125
11.625	0.33203125
11.625	0.33203125
11.75	0.353125
11.75	0.353125
11.875	0.37578125
11.875	0.37578125
12	0.4
12	0.4
12.125	0.4
12.125	0.4
12.25	0.4
12.25	0.4
12.375	0.4
12.375	0.4
12.5	0.4
12.5	0.4
12.625	0.4
12.625	0.4
12.75	0.4
12.75	0.4
12.875	0.4
12.875	0.4
13	0.4
13	0.4
13.125	0.4
13.125	0.4
13.25	0.4
13.25	0.4
13.375	0.4
13.375	0.4
13.5	0.4
13.5	0.4
13.625	0.4
13.625	0.4
13.75	0.4
13.75	0.4
13.875	0.4
13.875	0.4
14	0.4
14	0.4
14.125	0.4
14.125	0.4
14.25	0.4
14.25	0.4
14.375	0.4
14.375	0.4
14.5	0.4
14.5	0.4
14.625	0.4
14.625	0.4
14.75	0.4
14.75	0.4
14.875	0.4
14.875	0.4
15	0.4
15	0.4
15.125	0.4
15.125	0.4
15.25	0.4
15.25	0.4
15.375	0.4
15.375	0.4
15.5	0.4
15.5	0.4
15.625	0.4
15.625	0.4
15.75	0.4
15.75	0.4
15.875	0.4
15.875	0.4
16	0.4
16	0.4
16.125	0.4
16.125	0.4
16.25	0.4
16.25	0.4
16.375	0.4
16.375	0.4
16.5	0.4
16.5	0.4
16.625	0.4
16.625	0.4
16.75	0.4
16.75	0.4
16.875	0.4
16.875	0.4
17	0.4
17	0.4
17.125	0.4
17.125	0.4
17.25	0.4
17.25	0.4
17.375	0.4
17.375	0.4
17.5	0.4
17.5	0.4
17.625	0.4
17.625	0.4
17.75	0.4
17.75	0.4
17.875	0.4
17.875	0.4
18	0.4
18	0.4
18.125	0.4
18.125	0.4
18.25	0.4
18.25	0.4
18.375	0.4
18.375	0.4
18.5	0.4
18.5	0.4
18.625	0.4
18.625	0.4
18.75	0.4
18.75	0.4
18.875	0.4
18.875	0.4
19	0.4
19	0.4
19.125	0.4
19.125	0.4
19.25	0.4
19.25	0.4
19.375	0.4
19.375	0.4
19.5	0.4
19.5	0.4
19.625	0.4
19.625	0.4
19.75	0.4
19.75	0.4
19.875	0.4
19.875	0.4
20	0.4
0	0.15848
0.125	0.15848
0.125	0.15848
0.25	0.15848
0.25	0.15848
0.375	0.15848
0.375	0.15848
0.5	0.15848
0.5	0.15848
0.625	0.15848
0.625	0.15848
0.75	0.15848
0.75	0.15848
0.875	0.15848
0.875	0.15848
1	0.15848
1	0.15848
1.125	0.15848
1.125	0.15848
1.25	0.15848
1.25	0.15848
1.375	0.15848
1.375	0.15848
1.5	0.15848
1.5	0.15848
1.625	0.15848
1.625	0.15848
1.75	0.15848
1.75	0.15848
1.875	0.15848
1.875	0.15848
2	0.15848
2	0.15848
2.125	0.15848
2.125	0.15848
2.25	0.15848
2.25	0.15848
2.375	0.15848
2.375	0.15848
2.5	0.15848
2.5	0.15848
2.625	0.15848
2.625	0.15848
2.75	0.15848
2.75	0.15848
2.875	0.15848
2.875	0.15848
3	0.15848
3	0.15848
3.125	0.15848
3.125	0.15848
3.25	0.15848
3.25	0.15848
3.375	0.15848
3.375	0.15848
3.5	0.15848
3.5	0.15848
3.625	0.15848
3.625	0.15848
3.75	0.15848
3.75	0.15848
3.875	0.15848
3.875	0.15848
4	0.15848
4	0.15848
4.125	0.15848
4.125	0.15848
4.25	0.15848
4.25	0.15848
4.375	0.15848
4.375	0.15848
4.5	0.15848
4.5	0.15848
4.625	0.15848
4.625	0.15848
4.75	0.15848
4.75	0.15848
4.875	0.15848
4.875	0.15848
5	0.15848
5	0.15848
5.125	0.15848
5.125	0.15848
5.25	0.15848
5.25	0.15848
5.375	0.15848
5.375	0.15848
5.5	0.15848
5.5	0.15848
5.625	0.15848
5.625	0.15848
5.75	0.15848
5.75	0.15848
5.875	0.15848
5.875	0.15848
6	0.15848
6	0.15848
6.125	0.15848
6.125	0.15848
6.25	0.15848
6.25	0.15848
6.375	0.15848
6.375	0.15848
6.5	0.15848
6.5	0.15848
6.625	0.15848
6.625	0.15848
6.75	0.15848
6.75	0.15848
6.875	0.15848
6.875	0.15848
7	0.15848
7	0.15848
7.125	0.15848
7.125	0.15848
7.25	0.15848
7.25	0.15848
7.375	0.15848
7.375	0.15848
7.5	0.15848
7.5	0.15848
7.625	0.15848
7.625	0.15848
7.75	0.15848
7.75	0.15848
7.875	0.15848
7.875	0.15848
8	0.15848
8	0.15848
8.125	0.16373728515625
8.125	0.16373728515625
8.25	0.16782265625
8.25	0.16782265625
8.375	0.17092138671875
8.375	0.17092138671875
8.5	0.17321875
8.5	0.17321875
8.625	0.17490001953125
8.625	0.17490001953125
8.75	0.17615046875
8.75	0.17615046875
8.875	0.17715537109375
8.875	0.17715537109375
9	0.1781
9	0.1781
9.125	0.17916962890625
9.125	0.17916962890625
9.25	0.18054953125
9.25	0.18054953125
9.375	0.18242498046875
9.375	0.18242498046875
9.5	0.18498125
9.5	0.18498125
9.625	0.18840361328125
9.625	0.18840361328125
9.75	0.19287734375
9.75	0.19287734375
9.875	0.19858771484375
9.875	0.19858771484375
10	0.20572
10	0.20572
10.125	0.19858771484375
10.125	0.19858771484375
10.25	0.19287734375
10.25	0.19287734375
10.375	0.18840361328125
10.375	0.18840361328125
10.5	0.18498125
10.5	0.18498125
10.625	0.18242498046875
10.625	0.18242498046875
10.75	0.18054953125
10.75	0.18054953125
10.875	0.17916962890625
10.875	0.17916962890625
11	0.1781
11	0.1781
11.125	0.17715537109375
11.125	0.17715537109375
11.25	0.17615046875
11.25	0.17615046875
11.375	0.17490001953125
11.375	0.17490001953125
11.5	0.17321875
11.5	0.17321875
11.625	0.17092138671875
11.625	0.17092138671875
11.75	0.16782265625
11.75	0.16782265625
11.875	0.16373728515625
11.875	0.16373728515625
12	0.15848
12	0.15848
12.125	0.15848
12.125	0.15848
12.25	0.15848
12.25	0.15848
12.375	0.15848
12.375	0.15848
12.5	0.15848
12.5	0.15848
12.625	0.15848
12.625	0.15848
12.75	0.15848
12.75	0.15848
12.875	0.15848
12.875	0.15848
13	0.15848
13	0.15848
13.125	0.15848
13.125	0.15848
13.25	0.15848
13.25	0.15848
13.375	0.15848
13.375	0.15848
13.5	0.15848
13.5	0.15848
13.625	0.15848
13.625	0.15848
13.75	0.15848
13.75	0.15848
13.875	0.15848
13.875	0.15848
14	0.15848
14	0.15848
14.125	0.15848
14.125	0.15848
14.25	0.15848
14.25	0.15848
14.375	0.15848
14.375	0.15848
14.5	0.15848
14.5	0.15848
14.625	0.15848
14.625	0.15848
14.75	0.15848
14.75	0.15848
14.875	0.15848
14.875	0.15848
15	0.15848
15	0.15848
15.125	0.15848
15.125	0.15848
15.25	0.15848
15.25	0.15848
15.375	0.15848
15.375	0.15848
15.5	0.15848
15.5	0.15848
15.625	0.15848
15.625	0.15848
15.75	0.15848
15.75	0.15848
15.875	0.15848
15.875	0.15848
16	0.15848
16	0.15848
16.125	0.15848
16.125	0.15848
16.25	0.15848
16.25	0.15848
16.375	0.15848
16.375	0.15848
16.5	0.15848
16.5	0.15848
16.625	0.15848
16.625	0.15848
16.75	0.15848
16.75	0.15848
16.875	0.15848
16.875	0.15848
17	0.15848
17	0.15848
17.125	0.15848
17.125	0.15848
17.25	0.15848
17.25	0.15848
17.375	0.15848
17.375	0.15848
17.5	0.15848
17.5	0.15848
17.625	0.15848
17.625	0.15848
17.75	0.15848
17.75	0.15848
17.875	0.15848
17.875	0.15848
18	0.15848
18	0.15848
18.125	0.15848
18.125	0.15848
18.25	0.15848
18.25	0.15848
18.375	0.15848
18.375	0.15848
18.5	0.15848
18.5	0.15848
18.625	0.15848
18.625	0.15848
18.75	0.15848
18.75	0.15848
18.875	0.15848
18.875	0.15848
19	0.15848
19	0.15848
19.125	0.15848
19.125	0.15848
19.25	0.15848
19.25	0.15848
19.375	0.15848
19.375	0.15848
19.5	0.15848
19.5	0.15848
19.625	0.15848
19.625	0.15848
19.75	0.15848
19.75	0.15848
19.875	0.15848
19.875	0.15848
20	0.15848
0	-0.2
0.125	-0.2
0.125	-0.2
0.25	-0.2
0.25	-0.2
0.375	-0.2
0.375	-0.2
0.5	-0.2
0.5	-0.2
0.625	-0.2
0.625	-0.2
0.75	-0.2
0.75	-0.2
0.875	-0.2
0.875	-0.2
1	-0.2
1	-0.2
1.125	-0.2
1.125	-0.2
1.25	-0.2
1.25	-0.2
1.375	-0.2
1.375	-0.2
1.5	-0.2
1.5	-0.2
1.625	-0.2
1.625	-0.2
1.75	-0.2
1.75	-0.2
1.875	-0.2
1.875	-0.2
2	-0.2
2	-0.2
2.125	-0.2
2.125	-0.2
2.25	-0.2
2.25	-0.2
2.375	-0.2
2.375	-0.2
2.5	-0.2
2.5	-0.2
2.625	-0.2
2.625	-0.2
2.75	-0.2
2.75	-0.2
2.875	-0.2
2.875	-0.2
3	-0.2
3	-0.2
3.125	-0.2
3.125	-0.2
3.25	-0.2
3.25	-0.2
3.375	-0.2
3.375	-0.2
3.5	-0.2
3.5	-0.2
3.625	-0.2
3.625	-0.2
3.75	-0.2
3.75	-0.2
3.875	-0.2
3.875	-0.2
4	-0.2
4	-0.2
4.125	-0.2
4.125	-0.2
4.25	-0.2
4.25	-0.2
4.375	-0.2
4.375	-0.2
4.5	-0.2
4.5	-0.2
4.625	-0.2
4.625	-0.2
4.75	-0.2
4.75	-0.2
4.875	-0.2
4.875	-0.2
5	-0.2
5	-0.2
5.125	-0.2
5.125	-0.2
5.25	-0.2
5.25	-0.2
5.375	-0.2
5.375	-0.2
5.5	-0.2
5.5	-0.2
5.625	-0.2
5.625	-0.2
5.75	-0.2
5.75	-0.2
5.875	-0.2
5.875	-0.2
6	-0.2
6	-0.2
6.125	-0.2
6.125	-0.2
6.25	-0.2
6.25	-0.2
6.375	-0.2
6.375	-0.2
6.5	-0.2
6.5	-0.2
6.625	-0.2
6.625	-0.2
6.75	-0.2
6.75	-0.2
6.875	-0.2
6.875	-0.2
7	-0.2
7	-0.2
7.125	-0.2
7.125	-0.2
7.25	-0.2
7.25	-0.2
7.375	-0.2
7.375	-0.2
7.5	-0.2
7.5	-0.2
7.625	-0.2
7.625	-0.2
7.75	-0.2
7.75	-0.2
7.875	-0.2
7.875	-0.2
8	-0.2
8	-0.2
8.125	-0.17578125
8.125	-0.17578125
8.25	-0.153125
8.25	-0.153125
8.375	-0.13203125
8.375	-0.13203125
8.5	-0.1125
8.5	-0.1125
8.625	-0.09453125
8.625	-0.09453125
8.75	-0.078125
8.75	-0.078125
8.875	-0.06328125
8.875	-0.06328125
9	-0.05
9	-0.05
9.125	-0.03828125
9.125	-0.03828125
9.25	-0.028125
9.25	-0.028125
9.375	-0.01953125
9.375	-0.01953125
9.5	-0.0125
9.5	-0.0125
9.625	-0.00703125
9.625	-0.00703125
9.75	-0.003125
9.75	-0.003125
9.875	-0.00078125
9.875	-0.00078125
10	0
10	0
10.125	-0.00078125
10.125	-0.00078125
10.25	-0.003125
10.25	-0.003125
10.375	-0.00703125
10.375	-0.00703125
10.5	-0.0125
10.5	-0.0125
10.625	-0.01953125
10.625	-0.01953125
10.75	-0.028125
10.75	-0.028125
10.875	-0.03828125
10.875	-0.03828125
11	-0.05
11	-0.05
11.125	-0.06328125
11.125	-0.06328125
11.25	-0.078125
11.25	-0.078125
11.375	-0.09453125
11.375	-0.09453125
11.5	-0.1125
11.5	-0.1125
11.625	-0.13203125
11.625	-0.13203125
11.75	-0.153125
11.75	-0.153125
11.875	-0.17578125
11.875	-0.17578125
12	-0.2
12	-0.2
12.125	-0.2
12.125	-0.2
12.25	-0.2
12.25	-0.2
12.375	-0.2
12.375	-0.2
12.5	-0.2
12.5	-0.2
12.625	-0.2
12.625	-0.2
12.75	-0.2
12.75	-0.2
12.875	-0.2
12.875	-0.2
13	-0.2
13	-0.2
13.125	-0.2
13.125	-0.2
13.25	-0.2
13.25	-0.2
13.375	-0.2
13.375	-0.2
13.5	-0.2
13.5	-0.2
13.625	-0.2
13.625	-0.2
13.75	-0.2
13.75	-0.2
13.875	-0.2
13.875	-0.2
14	-0.2
14	-0.2
14.125	-0.2
14.125	-0.2
14.25	-0.2
14.25	-0.2
14.375	-0.2
14.375	-0.2
14.5	-0.2
14.5	-0.2
14.625	-0.2
14.625	-0.2
14.75	-0.2
14.75	-0.2
14.875	-0.2
14.875	-0.2
15	-0.2
15	-0.2
15.125	-0.2
15.125	-0.2
15.25	-0.2
15.25	-0.2
15.375	-0.2
15.375	-0.2
15.5	-0.2
15.5	-0.2
15.625	-0.2
15.625	-0.2
15.75	-0.2
15.75	-0.2
15.875	-0.2
15.875	-0.2
16	-0.2
16	-0.2
16.125	-0.2
16.125	-0.2
16.25	-0.2
16.25	-0.2
16.375	-0.2
16.375	-0.2
16.5	-0.2
16.5	-0.2
16.625	-0.2
16.625	-0.2
16.75	-0.2
16.75	-0.2
16.875	-0.2
16.875	-0.2
17	-0.2
17	-0.2
17.125	-0.2
17.125	-0.2
17.25	-0.2
17.25	-0.2
17.375	-0.2
17.375	-0.2
17.5	-0.2
17.5	-0.2
17.625	-0.2
17.625	-0.2
17.75	-0.2
17.75	-0.2
17.875	-0.2
17.875	-0.2
18	-0.2
18	-0.2
18.125	-0.2
18.125	-0.2
18.25	-0.2
18.25	-0.2
18.375	-0.2
18.375	-0.2
18.5	-0.2
18.5	-0.2
18.625	-0.2
18.625	-0.2
18.75	-0.2
18.75	-0.2
18.875	-0.2
18.875	-0.2
19	-0.2
19	-0.2
19.125	-0.2
19.125	-0.2
19.25	-0.2
19.25	-0.2
19.375	-0.2
19.375	-0.2
19.5	-0.2
19.5	-0.2
19.625	-0.2
19.625	-0.2
19.75	-0.2
19.75	-0.2
19.875	-0.2
19.875	-0.2
20	-0.2
0	-0
0.125	0
0.125	-0
0.25	0
0.25	-0
0.375	0
0.375	-0
0.5	0
0.5	-0
0.625	0
0.625	-0
0.75	0
0.75	-0
0.875	0
0.875	-0
1	0
1	-0
1.125	0
1.125	-0
1.25	0
1.25	-0
1.375	0
1.375	-0
1.5	0
1.5	-0
1.625	0
1.625	-0
1.75	0
1.75	-0
1.875	0
1.875	-0
2	0
2	-0
2.125	0
2.125	-0
2.25	0
2.25	-0
2.375	0
2.375	-0
2.5	0
2.5	-0
2.625	0
2.625	-0
2.75	0
2.75	-0
2.875	0
2.875	-0
3	0
3	-0
3.125	0
3.125	-0
3.25	0
3.25	-0
3.375	0
3.375	-0
3.5	0
3.5	-0
3.625	0
3.625	-0
3.75	0
3.75	-0
3.875	0
3.875	-0
4	0
4	-0
4.125	0
4.125	-0
4.25	0
4.25	-0
4.375	0
4.375	-0
4.5	0
4.5	-0
4.625	0
4.625	-0
4.75	0
4.75	-0
4.875	0
4.875	-0
5	0
5	-0
5.125	0
5.125	-0
5.25	0
5.25	-0
5.375	0
5.375	-0
5.5	0
5.5	-0
5.625	0
5.625	-0
5.75	0
5.75	-0
5.875	0
5.875	-0
6	0
6	-0
6.125	0
6.125	-0
6.25	0
6.25	-0
6.375	0
6.375	-0
6.5	0
6.5	-0
6.625	0
6.625	-0
6.75	0
6.75	-0
6.875	0
6.875	-0
7	0
7	-0
7.125	0
7.125	-0
7.25	0
7.25	-0
7.375	0
7.375	-0
7.5	0
7.5	-0
7.625	0
7.625	-0
7.75	0
7.75	-0
7.875	0
7.875	-0
8	0
8	0.02421875
8.125	0.02421875
8.125	0.02265625
8.25	0.02265625
8.25	0.02109375
8.375	0.02109375
8.375	0.01953125
8.5	0.01953125
8.5	0.01796875
8.625	0.01796875
8.625	0.01640625
8.75	0.01640625
8.75	0.01484375
8.875	0.01484375
8.875	0.01328125
9	0.01328125
9	0.01171875
9.125	0.01171875
9.125	0.01015625
9.25	0.01015625
9.25	0.00859375
9.375	0.00859375
9.375	0.00703125
9.5	0.00703125
9.5	0.00546875
9.625	0.00546875
9.625	0.00390625
9.75	0.00390625
9.75	0.00234375
9.875	0.00234375
9.875	0.00078125
10	0.00078125
10	-0.00078125
10.125	-0.00078125
10.125	-0.00234375
10.25	-0.00234375
10.25	-0.00390625
10.375	-0.00390625
10.375	-0.00546875
10.5	-0.00546875
10.5	-0.00703125
10.625	-0.00703125
10.625	-0.00859375
10.75	-0.00859375
10.75	-0.01015625
10.875	-0.01015625
10.875	-0.01171875
11	-0.01171875
11	-0.01328125
11.125	-0.01328125
11.125	-0.01484375
11.25	-0.01484375
11.25	-0.01640625
11.375	-0.01640625
11.375	-0.01796875
11.5	-0.01796875
11.5	-0.01953125
11.625	-0.01953125
11.625	-0.02109375
11.75	-0.02109375
11.75	-0.02265625
11.875	-0.02265625
11.875	-0.02421875
12	-0.02421875
12	-0
12.125	0
12.125	-0
12.25	0
12.25	-0
12.375	0
12.375	-0
12.5	0
12.5	-0
12.625	0
12.625	-0
12.75	0
12.75	-0
12.875	0
12.875	-0
13	0
13	-0
13.125	0
13.125	-0
13.25	0
13.25	-0
13.375	0
13.375	-0
13.5	0
13.5	-0
13.625	0
13.625	-0
13.75	0
13.75	-0
13.875	0
13.875	-0
14	0
14	-0
14.125	0
14.125	-0
14.25	0
14.25	-0
14.375	0
14.375	-0
14.5	0
14.5	-0
14.625	0
14.625	-0
14.75	0
14.75	-0
14.875	0
14.875	-0
15	0
15	-0
15.125	0
15.125	-0
15.25	0
15.25	-0
15.375	0
15.375	-0
15.5	0
15.5	-0
15.625	0
15.625	-0
15.75	0
15.75	-0
15.875	0
15.875	-0
16	0
16	-0
16.125	0
16.125	-0
16.25	0
16.25	-0
16.375	0
16.375	-0
16.5	0
16.5	-0
16.625	0
16.625	-0
16.75	0
16.75	-0
16.875	0
16.875	-0
17	0
17	-0
17.125	0
17.125	-0
17.25	0
17.25	-0
17.375	0
17.375	-0
17.5	0
17.5	-0
17.625	0
17.625	-0
17.75	0
17.75	-0
17.875	0
17.875	-0
18	0
18	-0
18.125	0
18.125	-0
18.25	0
18.25	-0
18.375	0
18.375	-0
18.5	0
18.5	-0
18.625	0
18.625	-0
18.75	0
18.75	-0
18.875	0
18.875	-0
19	0
19	-0
19.125	0
19.125	-0
19.25	0
19.25	-0
19.375	0
19.375	-0
19.5	0
19.5	-0
19.625	0
19.625	-0
19.75	0
19.75	-0
19.875	0
19.875	-0
20	0
