3	1
160
0	0.4
0.25	0.4
0.25	0.4
0.5	0.4
0.5	0.4
0.75	0.4
0.75	0.4
1	0.4
1	0.4
1.25	0.4
1.25	0.4
1.5	0.4
1.5	0.4
1.75	0.4
1.75	0.4
2	0.4
2	0.4
2.25	0.4
2.25	0.4
2.5	0.4
2.5	0.4
2.75	0.4
2.75	0.4
3	0.4
3	0.4
3.25	0.4
3.25	0.4
3.5	0.4
3.5	0.4
3.75	0.4
3.75	0.4
4	0.4
4	0.4
4.25	0.4
4.25	0.4
4.5	0.4
4.5	0.4
4.75	0.4
4.75	0.4
5	0.4
5	0.4
5.25	0.4
5.25	0.4
5.5	0.4
5.5	0.4
5.75	0.4
5.75	0.4
6	0.4
6	0.4
6.25	0.4
6.25	0.4
6.5	0.4
6.5	0.4
6.75	0.4
6.75	0.4
7	0.4
7	0.4
7.25	0.4
7.25	0.4
7.5	0.4
7.5	0.4
7.75	0.4
7.75	0.4
8	0.4
8	0.4
8.25	0.353125
8.25	0.353125
8.5	0.3125
8.5	0.3125
8.75	0.278125
8.75	0.278125
9	0.25
9	0.25
9.25	0.228125
9.25	0.228125
9.5	0.2125
9.5	0.2125
9.75	0.203125
9.75	0.203125
10	0.2
10	0.2
10.25	0.203125
10.25	0.203125
10.5	0.2125
10.5	0.2125
10.75	0.228125
10.75	0.228125
11	0.25
11	0.25
11.25	0.278125
11.25	0.278125
11.5	0.3125
11.5	0.3125
11.75	0.353125
11.75	0.353125
12	0.4
12	0.4
12.25	0.4
12.25	0.4
12.5	0.4
12.5	0.4
12.75	0.4
12.75	0.4
13	0.4
13	0.4
13.25	0.4
13.25	0.4
13.5	0.4
13.5	0.4
13.75	0.4
13.75	0.4
14	0.4
14	0.4
14.25	0.4
14.25	0.4
14.5	0.4
14.5	0.4
14.75	0.4
14.75	0.4
15	0.4
15	0.4
15.25	0.4
15.25	0.4
15.5	0.4
15.5	0.4
15.75	0.4
15.75	0.4
16	0.4
16	0.4
16.25	0.4
16.25	0.4
16.5	0.4
16.5	0.4
16.75	0.4
16.75	0.4
17	0.4
17	0.4
17.25	0.4
17.25	0.4
17.5	0.4
17.5	0.4
17.75	0.4
17.75	0.4
18	0.4
18	0.4
18.25	0.4
18.25	0.4
18.5	0.4
18.5	0.4
18.75	0.4
18.75	0.4
19	0.4
19	0.4
19.25	0.4
19.25	0.4
19.5	0.4
19.5	0.4
19.75	0.4
19.75	0.4
20	0.4
0	0.15848
0.25	0.15848
0.25	0.15848
0.5	0.15848
0.5	0.15848
0.75	0.15848
0.75	0.15848
1	0.15848
1	0.15848
1.25	0.15848
1.25	0.15848
1.5	0.15848
1.5	0.15848
1.75	0.15848
1.75	0.15848
2	0.15848
2	0.15848
2.25	0.15848
2.25	0.15848
2.5	0.15848
2.5	0.15848
2.75	0.15848
2.75	0.15848
3	0.15848
3	0.15848
3.25	0.15848
3.25	0.15848
3.5	0.15848
3.5	0.15848
3.75	0.15848
3.75	0.15848
4	0.15848
4	0.15848
4.25	0.15848
4.25	0.15848
4.5	0.15848
4.5	0.15848
4.75	0.15848
4.75	0.15848
5	0.15848
5	0.15848
5.25	0.15848
5.25	0.15848
5.5	0.15848
5.5	0.15848
5.75	0.15848
5.75	0.15848
6	0.15848
6	0.15848
6.25	0.15848
6.25	0.15848
6.5	0.15848
6.5	0.15848
6.75	0.15848
6.75	0.15848
7	0.15848
7	0.15848
7.25	0.15848
7.25	0.15848
7.5	0.15848
7.5	0.15848
7.75	0.15848
7.75	0.15848
8	0.15848
8	0.15848
8.25	0.139908125
8.25	0.139908125
8.5	0.1238125
8.5	0.1238125
8.75	0.110193125
8.75	0.110193125
9	0.09905
9	0.09905
9.25	0.090383125
9.25	0.090383125
9.5	0.0841925
9.5	0.0841925
9.75	0.080478125
9.75	0.080478125
10	0.07924
10	0.07924
10.25	0.080478125
10.25	0.080478125
10.5	0.0841925
10.5	0.0841925
10.75	0.090383125
10.75	0.090383125
11	0.09905
11	0.09905
11.25	0.110193125
11.25	0.110193125
11.5	0.1238125
11.5	0.1238125
11.75	0.139908125
11.75	0.139908125
12	0.15848
12	0.15848
12.25	0.15848
12.25	0.15848
12.5	0.15848
12.5	0.15848
12.75	0.15848
12.75	0.15848
13	0.15848
13	0.15848
13.25	0.15848
13.25	0.15848
13.5	0.15848
13.5	0.15848
13.75	0.15848
13.75	0.15848
14	0.15848
14	0.15848
14.25	0.15848
14.25	0.15848
14.5	0.15848
14.5	0.15848
14.75	0.15848
14.75	0.15848
15	0.15848
15	0.15848
15.25	0.15848
15.25	0.15848
15.5	0.15848
15.5	0.15848
15.75	0.15848
15.75	0.15848
16	0.15848
16	0.15848
16.25	0.15848
16.25	0.15848
16.5	0.15848
16.5	0.15848
16.75	0.15848
16.75	0.15848
17	0.15848
17	0.15848
17.25	0.15848
17.25	0.15848
17.5	0.15848
17.5	0.15848
17.75	0.15848
17.75	0.15848
18	0.15848
18	0.15848
18.25	0.15848
18.25	0.15848
18.5	0.15848
18.5	0.15848
18.75	0.15848
18.75	0.15848
19	0.15848
19	0.15848
19.25	0.15848
19.25	0.15848
19.5	0.15848
19.5	0.15848
19.75	0.15848
19.75	0.15848
20	0.15848
0	-0.2
0.25	-0.2
0.25	-0.2
0.5	-0.2
0.5	-0.2
0.75	-0.2
0.75	-0.2
1	-0.2
1	-0.2
1.25	-0.2
1.25	-0.2
1.5	-0.2
1.5	-0.2
1.75	-0.2
1.75	-0.2
2	-0.2
2	-0.2
2.25	-0.2
2.25	-0.2
2.5	-0.2
2.5	-0.2
2.75	-0.2
2.75	-0.2
3	-0.2
3	-0.2
3.25	-0.2
3.25	-0.2
3.5	-0.2
3.5	-0.2
3.75	-0.2
3.75	-0.2
4	-0.2
4	-0.2
4.25	-0.2
4.25	-0.2
4.5	-0.2
4.5	-0.2
4.75	-0.2
4.75	-0.2
5	-0.2
5	-0.2
5.25	-0.2
5.25	-0.2
5.5	-0.2
5.5	-0.2
5.75	-0.2
5.75	-0.2
6	-0.2
6	-0.2
6.25	-0.2
6.25	-0.2
6.5	-0.2
6.5	-0.2
6.75	-0.2
6.75	-0.2
7	-0.2
7	-0.2
7.25	-0.2
7.25	-0.2
7.5	-0.2
7.5	-0.2
7.75	-0.2
7.75	-0.2
8	-0.2
8	-0.2
8.25	-0.153125
8.25	-0.153125
8.5	-0.1125
8.5	-0.1125
8.75	-0.078125
8.75	-0.078125
9	-0.05
9	-0.05
9.25	-0.028125
9.25	-0.028125
9.5	-0.0125
9.5	-0.0125
9.75	-0.003125
9.75	-0.003125
10	0
10	0
10.25	-0.003125
10.25	-0.003125
10.5	-0.0125
10.5	-0.0125
10.75	-0.028125
10.75	-0.028125
11	-0.05
11	-0.05
11.25	-0.078125
11.25	-0.078125
11.5	-0.1125
11.5	-0.1125
11.75	-0.153125
11.75	-0.153125
12	-0.2
12	-0.2
12.25	-0.2
12.25	-0.2
12.5	-0.2
12.5	-0.2
12.75	-0.2
12.75	-0.2
13	-0.2
13	-0.2
13.25	-0.2
13.25	-0.2
13.5	-0.2
13.5	-0.2
13.75	-0.2
13.75	-0.2
14	-0.2
14	-0.2
14.25	-0.2
14.25	-0.2
14.5	-0.2
14.5	-0.2
14.75	-0.2
14.75	-0.2
15	-0.2
15	-0.2
15.25	-0.2
15.25	-0.2
15.5	-0.2
15.5	-0.2
15.75	-0.2
15.75	-0.2
16	-0.2
16	-0.2
16.25	-0.2
16.25	-0.2
16.5	-0.2
16.5	-0.2
16.75	-0.2
16.75	-0.2
17	-0.2
17	-0.2
17.25	-0.2
17.25	-0.2
17.5	-0.2
17.5	-0.2
17.75	-0.2
17.75	-0.2
18	-0.2
18	-0.2
18.25	-0.2
18.25	-0.2
18.5	-0.2
18.5	-0.2
18.75	-0.2
18.75	-0.2
19	-0.2
19	-0.2
19.25	-0.2
19.25	-0.2
19.5	-0.2
19.5	-0.2
19.75	-0.2
19.75	-0.2
20	-0.2
0	-0
0.25	0
0.25	-0
0.5	0
0.5	-0
0.75	0
0.75	-0
1	0
1	-0
1.25	0
1.25	-0
1.5	0
1.5	-0
1.75	0
1.75	-0
2	0
2	-0
2.25	0
2.25	-0
2.5	0
2.5	-0
2.75	0
2.75	-0
3	0
3	-0
3.25	0
3.25	-0
3.5	0
3.5	-0
3.75	0
3.75	-0
4	0
4	-0
4.25	0
4.25	-0
4.5	0
4.5	-0
4.75	0
4.75	-0
5	0
5	-0
5.25	0
5.25	-0
5.5	0
5.5	-0
5.75	0
5.75	-0
6	0
6	-0
6.25	0
6.25	-0
6.5	0
6.5	-0
6.75	0
6.75	-0
7	0
7	-0
7.25	0
7.25	-0
7.5	0
7.5	-0
7.75	0
7.75	-0
8	0
8	0.0234375
8.25	0.0234375
8.25	0.0203125
8.5	0.0203125
8.5	0.0171875
8.75	0.0171875
8.75	0.0140625
9	0.0140625
9	0.0109375
9.25	0.0109375
9.25	0.0078125
9.5	0.0078125
9.5	0.0046875
9.75	0.0046875
9.75	0.0015625
10	0.0015625
10	-0.0015625
10.25	-0.0015625
10.25	-0.0046875
10.5	-0.0046875
10.5	-0.0078125
10.75	-0.0078125
10.75	-0.0109375
11	-0.0109375
11	-0.0140625
11.25	-0.0140625
11.25	-0.0171875
11.5	-0.0171875
11.5	-0.0203125
11.75	-0.0203125
11.75	-0.0234375
12	-0.0234375
12	-0
12.25	0
12.25	-0
12.5	0
12.5	-0
12.75	0
12.75	-0
13	0
13	-0
13.25	0
13.25	-0
13.5	0
13.5	-0
13.75	0
13.75	-0
14	0
14	-0
14.25	0
14.25	-0
14.5	0
14.5	-0
14.75	0
14.75	-0
15	0
15	-0
15.25	0
15.25	-0
15.5	0
15.5	-0
15.75	0
15.75	-0
16	0
16	-0
16.25	0
16.25	-0
16.5	0
16.5	-0
16.75	0
16.75	-0
17	0
17	-0
17.25	0
17.25	-0
17.5	0
17.5	-0
17.75	0
17.75	-0
18	0
18	-0
18.25	0
18.25	-0
18.5	0
18.5	-0
18.75	0
18.75	-0
19	0
19	-0
19.25	0
19.25	-0
19.5	0
19.5	-0
19.75	0
19.75	-0
20	0
