3	1
20
0	0.4
2	0.4
2	0.4
4	0.4
4	0.4
6	0.4
6	0.4
8	0.4
8	0.4
10	0.2
10	0.2
12	0.4
12	0.4
14	0.4
14	0.4
16	0.4
16	0.4
18	0.4
18	0.4
20	0.4
0	0.15848
2	0.15848
2	0.15848
4	0.15848
4	0.15848
6	0.15848
6	0.15848
8	0.15848
8	0.15848
10	0.20572
10	0.20572
12	0.15848
12	0.15848
14	0.15848
14	0.15848
16	0.15848
16	0.15848
18	0.15848
18	0.15848
20	0.15848
0	-0.2
2	-0.2
2	-0.2
4	-0.2
4	-0.2
6	-0.2
6	-0.2
8	-0.2
8	-0.2
10	0
10	0
12	-0.2
12	-0.2
14	-0.2
14	-0.2
16	-0.2
16	-0.2
18	-0.2
18	-0.2
20	-0.2
0	-0
2	0
2	-0
4	0
4	-0
6	0
6	-0
8	0
8	0.2
10	0.2
10	-0.2
12	-0.2
12	-0
14	0
14	-0
16	0
16	-0
18	0
18	-0
20	0
