3	1
20
0	0.401699834070303
2	0.400862968414152
2	0.401420215808934
4	0.401142991018004
4	0.401327734664975
6	0.401235516465218
6	0.401296986496033
8	0.401266269534472
8	0.406453140277
10	0.177518107586506
10	0.166758598094095
12	0.4068389309475
12	0.396052239645037
14	0.401096023384781
14	0.397765816025874
16	0.399397431934019
16	0.398313093686206
18	0.398851706914553
18	0.398493003409342
20	0.398671965838623
0	0.155768596033954
2	0.157103634249733
2	0.156215085779263
4	0.156657144505223
4	0.156362600903584
6	0.156509629380602
6	0.156411627382996
8	0.156460602900417
8	0.163534464465256
10	0.149337765817508
10	0.169945288527581
12	0.142926941755189
12	0.160459076033228
14	0.152413154250059
14	0.15773184433207
16	0.155140385951473
16	0.156863242943357
18	0.156008987340103
18	0.156577968361344
20	0.156294261921767
0	-0.2
2	-0.2
2	-0.2
4	-0.2
4	-0.2
6	-0.2
6	-0.2
8	-0.2
8	-0.2
10	0
10	0
12	-0.2
12	-0.2
14	-0.2
14	-0.2
16	-0.2
16	-0.2
18	-0.2
18	-0.2
20	-0.2
0	0
2	0
2	0
4	0
4	0
6	0
6	0
8	0
8	0.2
10	0.2
10	-0.2
12	-0.2
12	0
14	0
14	0
16	0
16	0
18	0
18	0
20	0
