3	1
320
0	0.40000254810081
0.125	0.400001274092234
0.125	0.400002123436192
0.25	0.400001698778533
0.25	0.400001981890141
0.375	0.400001840344926
0.375	0.400001934714884
0.5	0.400001887539519
0.5	0.400001918995952
0.625	0.400001903276714
0.625	0.40000191376204
0.75	0.400001908527766
0.75	0.400001912022738
0.875	0.400001910283053
0.875	0.400001911447911
1	0.400001910872693
1	0.400001911260847
1.125	0.400001911073384
1.125	0.400001911202636
1.25	0.400001911144023
1.25	0.400001911186973
1.375	0.400001911170906
1.375	0.400001911185088
1.5	0.400001911182796
1.5	0.400001911187388
1.625	0.400001911189282
1.625	0.400001911190677
1.75	0.400001911193556
1.75	0.400001911193885
1.875	0.400001911196684
1.875	0.400001911196657
2	0.400001911199022
2	0.400001911198877
2.125	0.40000191120069
2.125	0.400001911200506
2.25	0.40000191120173
2.25	0.400001911201533
2.375	0.400001911202158
2.375	0.400001911201958
2.5	0.400001911201984
2.5	0.400001911201785
2.625	0.400001911201217
2.625	0.400001911201019
2.75	0.400001911199862
2.75	0.400001911199666
2.875	0.40000191119793
2.875	0.400001911197736
3	0.400001911195428
3	0.400001911195238
3.125	0.40000191119237
3.125	0.400001911192183
3.25	0.400001911188766
3.25	0.400001911188584
3.375	0.400001911184632
3.375	0.400001911184454
3.5	0.400001911179982
3.5	0.400001911179809
3.625	0.400001911174833
3.625	0.400001911174666
3.75	0.400001911169205
3.75	0.400001911169043
3.875	0.400001911163117
3.875	0.400001911162962
4	0.400001911156589
4	0.400001911156441
4.125	0.400001911149646
4.125	0.400001911149505
4.25	0.40000191114231
4.25	0.400001911142177
4.375	0.400001911134608
4.375	0.400001911134483
4.5	0.400001911126565
4.5	0.400001911126449
4.625	0.40000191111821
4.625	0.400001911118103
4.75	0.400001911109572
4.75	0.400001911109474
4.875	0.400001911100678
4.875	0.40000191110059
5	0.40000191109156
5	0.400001911091482
5.125	0.400001911082248
5.125	0.40000191108218
5.25	0.400001911072772
5.25	0.400001911072715
5.375	0.400001911063165
5.375	0.400001911063117
5.5	0.400001911053456
5.5	0.400001911053418
5.625	0.400001911043676
5.625	0.400001911043649
5.75	0.400001911033856
5.75	0.400001911033839
5.875	0.400001911024026
5.875	0.400001911024019
6	0.400001911014215
6	0.400001911014218
6.125	0.400001911004451
6.125	0.400001911004464
6.25	0.400001910994762
6.25	0.400001910994783
6.375	0.400001910985173
6.375	0.400001910985204
6.5	0.400001910975711
6.5	0.40000191097575
6.625	0.400001910966398
6.625	0.400001910966445
6.75	0.400001910957258
6.75	0.400001910957312
6.875	0.400001910948311
6.875	0.400001910948373
7	0.400001910939577
7	0.400001910939646
7.125	0.400001910931075
7.125	0.400001910931149
7.25	0.40000191092282
7.25	0.400001910922901
7.375	0.400001910914829
7.375	0.400001910914914
7.5	0.400001910907113
7.5	0.400001910907203
7.625	0.400001910899687
7.625	0.400001910899782
7.75	0.400001910892561
7.75	0.400001910892659
7.875	0.400001910885742
7.875	0.400001910885844
8	0.40000191087924
8	0.400021807396574
8.125	0.374682953306589
8.125	0.374681021382094
8.25	0.35074948727402
8.25	0.350736734844539
8.375	0.328183105796424
8.375	0.328162366246516
8.5	0.306959029100857
8.5	0.306929934163025
8.625	0.287048734205873
8.625	0.287009356410655
8.75	0.268421215856386
8.75	0.268368509708704
8.875	0.251044060971549
8.875	0.25097383560063
9	0.234884944584651
9	0.234791607720466
9.125	0.219914137961499
9.125	0.219790278401773
9.25	0.20610903106478
9.25	0.205944869550123
9.375	0.193462828942843
9.375	0.193245677363645
9.5	0.182002620144165
9.5	0.181717056700508
9.625	0.171830342234794
9.625	0.171462191109324
9.75	0.163223061342492
9.75	0.162779484674692
9.875	0.156874626669565
9.875	0.15645248120516
10	0.154233162584153
10	0.154042011802846
10.125	0.156634349994656
10.125	0.156556433267411
10.25	0.163063644320125
10.25	0.162854822197698
10.375	0.171786004138028
10.375	0.171490844391007
10.5	0.182015460529054
10.5	0.181719287340493
10.625	0.193494799854105
10.625	0.193236199948123
10.75	0.206143624242276
10.75	0.205930910692086
10.875	0.219945485101232
10.875	0.219775034418879
11	0.234911504002241
11	0.234776446180466
11.125	0.251065867175954
11.125	0.250959328668838
11.25	0.268438805890827
11.25	0.268354878328515
11.375	0.287062772436058
11.375	0.286996652991487
11.5	0.306970233318764
11.5	0.306918105199077
11.625	0.328192377061934
11.625	0.328151234653541
11.75	0.350758377515023
11.75	0.350725862141317
11.875	0.374695010390828
11.875	0.374669273149894
12	0.400026500170457
12	0.399988257572253
12.125	0.400007374452958
12.125	0.399994630333552
12.25	0.400001001902007
12.25	0.399996754241265
12.375	0.399998878016383
12.375	0.399997462171562
12.5	0.399998170087049
12.5	0.399997698143434
12.625	0.399997934113585
12.625	0.399997776799547
12.75	0.399997855455395
12.75	0.399997803017421
12.875	0.399997829235198
12.875	0.399997811755861
13	0.399997820494223
13	0.39999781466776
13.125	0.399997817579588
13.125	0.399997815637416
13.25	0.399997816607006
13.25	0.399997815959598
13.375	0.399997816281718
13.375	0.3999978160659
13.5	0.399997816172142
13.5	0.399997816100187
13.625	0.39999781613442
13.625	0.39999781611042
13.75	0.399997816120604
13.75	0.399997816112589
13.875	0.399997816114715
13.875	0.39999781611203
14	0.39999781611143
14	0.399997816110522
14.125	0.399997816108979
14.125	0.399997816108664
14.25	0.399997816106775
14.25	0.399997816106659
14.375	0.399997816104628
14.375	0.399997816104578
14.5	0.399997816102475
14.5	0.399997816102448
14.625	0.399997816100302
14.625	0.399997816100283
14.75	0.399997816098106
14.75	0.399997816098091
14.875	0.399997816095892
14.875	0.399997816095879
15	0.399997816093664
15	0.399997816093651
15.125	0.399997816091424
15.125	0.399997816091413
15.25	0.399997816089182
15.25	0.399997816089172
15.375	0.399997816086941
15.375	0.399997816086932
15.5	0.399997816084705
15.5	0.399997816084697
15.625	0.39999781608248
15.625	0.399997816082473
15.75	0.399997816080271
15.75	0.399997816080264
15.875	0.399997816078081
15.875	0.399997816078075
16	0.399997816075918
16	0.399997816075912
16.125	0.399997816073783
16.125	0.399997816073778
16.25	0.399997816071681
16.25	0.399997816071677
16.375	0.399997816069617
16.375	0.399997816069613
16.5	0.399997816067593
16.5	0.39999781606759
16.625	0.399997816065614
16.625	0.399997816065611
16.75	0.399997816063684
16.75	0.399997816063681
16.875	0.399997816061805
16.875	0.399997816061803
17	0.399997816059982
17	0.39999781605998
17.125	0.399997816058217
17.125	0.399997816058215
17.25	0.399997816056513
17.25	0.399997816056512
17.375	0.399997816054873
17.375	0.399997816054872
17.5	0.399997816053298
17.5	0.399997816053297
17.625	0.399997816051793
17.625	0.399997816051792
17.75	0.399997816050358
17.75	0.399997816050357
17.875	0.399997816048996
17.875	0.399997816048995
18	0.399997816047709
18	0.399997816047708
18.125	0.399997816046499
18.125	0.399997816046498
18.25	0.399997816045368
18.25	0.399997816045367
18.375	0.399997816044317
18.375	0.399997816044316
18.5	0.399997816043347
18.5	0.399997816043345
18.625	0.39999781604246
18.625	0.399997816042458
18.75	0.399997816041657
18.75	0.399997816041656
18.875	0.399997816040939
18.875	0.399997816040938
19	0.399997816040307
19	0.399997816040305
19.125	0.399997816039762
19.125	0.39999781603976
19.25	0.399997816039304
19.25	0.399997816039301
19.375	0.399997816038934
19.375	0.399997816038931
19.5	0.399997816038653
19.5	0.39999781603865
19.625	0.399997816038461
19.625	0.399997816038458
19.75	0.399997816038358
19.75	0.399997816038355
19.875	0.399997816038345
19.875	0.399997816038341
20	0.39999781603842
0	0.15847596196249
0.125	0.158477980915292
0.125	0.158476634939948
0.25	0.158477307904964
0.25	0.158476859251424
0.375	0.158477083561418
0.375	0.158476934011162
0.5	0.158477008771054
0.5	0.158476958921318
0.625	0.158476983831956
0.625	0.158476967215619
0.75	0.158476975510494
0.75	0.158476969971931
0.875	0.15847697272885
0.875	0.158476970882872
1	0.158476971794434
1	0.158476971179317
1.125	0.158476971476393
1.125	0.158476971271565
1.25	0.158476971364451
1.25	0.158476971296387
1.375	0.158476971321848
1.375	0.158476971299373
1.5	0.158476971303004
1.5	0.158476971295727
1.625	0.158476971292726
1.625	0.158476971290516
1.75	0.158476971285953
1.75	0.158476971285432
1.875	0.158476971280996
1.875	0.158476971281039
2	0.158476971277291
2	0.158476971277521
2.125	0.158476971274648
2.125	0.15847697127494
2.25	0.158476971272999
2.25	0.15847697127331
2.375	0.15847697127232
2.375	0.158476971272636
2.5	0.158476971272595
2.5	0.158476971272911
2.625	0.158476971273811
2.625	0.158476971274124
2.75	0.158476971275957
2.75	0.158476971276267
2.875	0.158476971279019
2.875	0.158476971279325
3	0.158476971282983
3	0.158476971283285
3.125	0.15847697128783
3.125	0.158476971288126
3.25	0.158476971293541
3.25	0.15847697129383
3.375	0.158476971300092
3.375	0.158476971300374
3.5	0.15847697130746
3.5	0.158476971307734
3.625	0.158476971315618
3.625	0.158476971315884
3.75	0.158476971324537
3.75	0.158476971324793
3.875	0.158476971334185
3.875	0.158476971334431
4	0.158476971344529
4	0.158476971344764
4.125	0.158476971355532
4.125	0.158476971355756
4.25	0.158476971367158
4.25	0.158476971367369
4.375	0.158476971379364
4.375	0.158476971379561
4.5	0.158476971392108
4.5	0.158476971392292
4.625	0.158476971405349
4.625	0.158476971405518
4.75	0.158476971419039
4.75	0.158476971419193
4.875	0.158476971433131
4.875	0.158476971433271
5	0.158476971447581
5	0.158476971447704
5.125	0.158476971462338
5.125	0.158476971462446
5.25	0.158476971477354
5.25	0.158476971477445
5.375	0.158476971492578
5.375	0.158476971492653
5.5	0.158476971507964
5.5	0.158476971508023
5.625	0.158476971523462
5.625	0.158476971523504
5.75	0.158476971539023
5.75	0.15847697153905
5.875	0.1584769715546
5.875	0.158476971554611
6	0.158476971570149
6	0.158476971570144
6.125	0.158476971585622
6.125	0.158476971585602
6.25	0.158476971600976
6.25	0.158476971600942
6.375	0.158476971616171
6.375	0.158476971616122
6.5	0.158476971631166
6.5	0.158476971631104
6.625	0.158476971645924
6.625	0.158476971645849
6.75	0.158476971660408
6.75	0.158476971660322
6.875	0.158476971674587
6.875	0.158476971674489
7	0.158476971688427
7	0.158476971688318
7.125	0.158476971701901
7.125	0.158476971701783
7.25	0.158476971714982
7.25	0.158476971714855
7.375	0.158476971727646
7.375	0.15847697172751
7.5	0.158476971739871
7.5	0.158476971739728
7.625	0.158476971751639
7.625	0.158476971751489
7.75	0.158476971762932
7.75	0.158476971762777
7.875	0.158476971773737
7.875	0.158476971773576
8	0.15847697178404
8	0.158504560746543
8.125	0.158449382831259
8.125	0.158517505357157
8.25	0.158436438240279
8.25	0.158526007522284
8.375	0.158427936094276
8.375	0.158533476184988
8.5	0.158420467450107
8.5	0.158541036301895
8.625	0.158412907351047
8.625	0.158549023676927
8.75	0.158404919993043
8.75	0.158557468930058
8.875	0.158396474755948
8.875	0.15856623673914
9	0.158387706961667
9	0.158575036021034
9.125	0.158378907692998
9.125	0.158583359159592
9.25	0.158370584565583
9.25	0.158590339845527
9.375	0.158363603887953
9.375	0.158594461371333
9.5	0.158359482366424
9.5	0.158592966097856
9.625	0.158360977638239
9.625	0.158580829031199
9.75	0.158373114694168
9.75	0.158550786584526
9.875	0.158403157116319
9.875	0.158506873840831
10	0.158447069817438
10	0.15849563200424
10.125	0.158458311598303
10.125	0.158534057067131
10.25	0.158419886482521
10.25	0.15857682708709
10.375	0.158377116421436
10.375	0.158601536209763
10.5	0.15835240726812
10.5	0.158609861982948
10.625	0.158344081471544
10.625	0.158608158535425
10.75	0.158345784900543
10.75	0.158601211326281
10.875	0.1583527320945
10.875	0.158591845871989
11	0.158362097535959
11	0.158581604539949
11.125	0.158372338856873
11.125	0.158571310726353
11.25	0.158382632660604
11.25	0.158561402217309
11.375	0.158392541160736
11.375	0.158552108271618
11.5	0.158401835098244
11.5	0.158543541023378
11.625	0.158410402338863
11.625	0.158535743482653
11.75	0.15841819987241
11.75	0.158528716100947
11.875	0.158425227247286
11.875	0.158522432616495
12	0.15843151072519
12	0.158492119392006
12.125	0.158461823943372
12.125	0.158482020249103
12.25	0.158471923080226
12.25	0.158478654451096
12.375	0.158475288872449
12.375	0.158477532581561
12.5	0.158476410736462
12.5	0.158477158630514
12.625	0.158476784682245
12.625	0.158477033979296
12.75	0.15847690932845
12.75	0.158476992427391
12.875	0.158476950875588
12.875	0.158476978575256
13	0.158476964723193
13	0.158476973956447
13.125	0.158476969337707
13.125	0.158476972415489
13.25	0.158476970874598
13.25	0.158476971900555
13.375	0.158476971385685
13.375	0.158476971727699
13.5	0.158476971554904
13.5	0.158476971668936
13.625	0.158476971610235
13.625	0.15847697164827
13.75	0.158476971627665
13.75	0.158476971640367
13.875	0.158476971632522
13.875	0.158476971636777
14	0.158476971633245
14	0.158476971634684
14.125	0.158476971632646
14.125	0.158476971633144
14.25	0.158476971631657
14.25	0.15847697163184
14.375	0.158476971630588
14.375	0.158476971630664
14.5	0.158476971629539
14.5	0.158476971629578
14.625	0.158476971628541
14.625	0.158476971628565
14.75	0.158476971627602
14.75	0.158476971627621
14.875	0.158476971626722
14.875	0.158476971626737
15	0.1584769716259
15	0.158476971625913
15.125	0.158476971625134
15.125	0.158476971625143
15.25	0.158476971624418
15.25	0.158476971624425
15.375	0.158476971623751
15.375	0.158476971623755
15.5	0.158476971623129
15.5	0.158476971623132
15.625	0.158476971622551
15.625	0.158476971622551
15.75	0.158476971622013
15.75	0.158476971622012
15.875	0.158476971621515
15.875	0.158476971621512
16	0.158476971621054
16	0.158476971621048
16.125	0.158476971620627
16.125	0.15847697162062
16.25	0.158476971620234
16.25	0.158476971620225
16.375	0.158476971619873
16.375	0.158476971619862
16.5	0.158476971619542
16.5	0.15847697161953
16.625	0.158476971619241
16.625	0.158476971619228
16.75	0.158476971618971
16.75	0.158476971618956
16.875	0.158476971618729
16.875	0.158476971618712
17	0.158476971618515
17	0.158476971618498
17.125	0.158476971618329
17.125	0.158476971618311
17.25	0.158476971618171
17.25	0.158476971618152
17.375	0.158476971618042
17.375	0.158476971618021
17.5	0.158476971617941
17.5	0.15847697161792
17.625	0.158476971617869
17.625	0.158476971617847
17.75	0.158476971617826
17.75	0.158476971617803
17.875	0.158476971617816
17.875	0.158476971617792
18	0.158476971617836
18	0.158476971617812
18.125	0.158476971617889
18.125	0.158476971617863
18.25	0.158476971617976
18.25	0.15847697161795
18.375	0.158476971618097
18.375	0.158476971618071
18.5	0.158476971618256
18.5	0.158476971618229
18.625	0.158476971618453
18.625	0.158476971618425
18.75	0.158476971618688
18.75	0.158476971618661
18.875	0.158476971618964
18.875	0.158476971618937
19	0.158476971619284
19	0.158476971619256
19.125	0.158476971619649
19.125	0.158476971619621
19.25	0.158476971620061
19.25	0.158476971620033
19.375	0.158476971620521
19.375	0.158476971620493
19.5	0.158476971621031
19.5	0.158476971621003
19.625	0.158476971621595
19.625	0.158476971621567
19.75	0.158476971622212
19.75	0.158476971622184
19.875	0.158476971622886
19.875	0.158476971622859
20	0.158476971623619
0	-0.2
0.125	-0.2
0.125	-0.2
0.25	-0.2
0.25	-0.2
0.375	-0.2
0.375	-0.2
0.5	-0.2
0.5	-0.2
0.625	-0.2
0.625	-0.2
0.75	-0.2
0.75	-0.2
0.875	-0.2
0.875	-0.2
1	-0.2
1	-0.2
1.125	-0.2
1.125	-0.2
1.25	-0.2
1.25	-0.2
1.375	-0.2
1.375	-0.2
1.5	-0.2
1.5	-0.2
1.625	-0.2
1.625	-0.2
1.75	-0.2
1.75	-0.2
1.875	-0.2
1.875	-0.2
2	-0.2
2	-0.2
2.125	-0.2
2.125	-0.2
2.25	-0.2
2.25	-0.2
2.375	-0.2
2.375	-0.2
2.5	-0.2
2.5	-0.2
2.625	-0.2
2.625	-0.2
2.75	-0.2
2.75	-0.2
2.875	-0.2
2.875	-0.2
3	-0.2
3	-0.2
3.125	-0.2
3.125	-0.2
3.25	-0.2
3.25	-0.2
3.375	-0.2
3.375	-0.2
3.5	-0.2
3.5	-0.2
3.625	-0.2
3.625	-0.2
3.75	-0.2
3.75	-0.2
3.875	-0.2
3.875	-0.2
4	-0.2
4	-0.2
4.125	-0.2
4.125	-0.2
4.25	-0.2
4.25	-0.2
4.375	-0.2
4.375	-0.2
4.5	-0.2
4.5	-0.2
4.625	-0.2
4.625	-0.2
4.75	-0.2
4.75	-0.2
4.875	-0.2
4.875	-0.2
5	-0.2
5	-0.2
5.125	-0.2
5.125	-0.2
5.25	-0.2
5.25	-0.2
5.375	-0.2
5.375	-0.2
5.5	-0.2
5.5	-0.2
5.625	-0.2
5.625	-0.2
5.75	-0.2
5.75	-0.2
5.875	-0.2
5.875	-0.2
6	-0.2
6	-0.2
6.125	-0.2
6.125	-0.2
6.25	-0.2
6.25	-0.2
6.375	-0.2
6.375	-0.2
6.5	-0.2
6.5	-0.2
6.625	-0.2
6.625	-0.2
6.75	-0.2
6.75	-0.2
6.875	-0.2
6.875	-0.2
7	-0.2
7	-0.2
7.125	-0.2
7.125	-0.2
7.25	-0.2
7.25	-0.2
7.375	-0.2
7.375	-0.2
7.5	-0.2
7.5	-0.2
7.625	-0.2
7.625	-0.2
7.75	-0.2
7.75	-0.2
7.875	-0.2
7.875	-0.2
8	-0.2
8	-0.2
8.125	-0.17578125
8.125	-0.17578125
8.25	-0.153125
8.25	-0.153125
8.375	-0.13203125
8.375	-0.13203125
8.5	-0.1125
8.5	-0.1125
8.625	-0.09453125
8.625	-0.09453125
8.75	-0.078125
8.75	-0.078125
8.875	-0.06328125
8.875	-0.06328125
9	-0.05
9	-0.05
9.125	-0.03828125
9.125	-0.03828125
9.25	-0.028125
9.25	-0.028125
9.375	-0.01953125
9.375	-0.01953125
9.5	-0.0125
9.5	-0.0125
9.625	-0.00703125
9.625	-0.00703125
9.75	-0.003125
9.75	-0.003125
9.875	-0.00078125
9.875	-0.00078125
10	0
10	0
10.125	-0.00078125
10.125	-0.00078125
10.25	-0.003125
10.25	-0.003125
10.375	-0.00703125
10.375	-0.00703125
10.5	-0.0125
10.5	-0.0125
10.625	-0.01953125
10.625	-0.01953125
10.75	-0.028125
10.75	-0.028125
10.875	-0.03828125
10.875	-0.03828125
11	-0.05
11	-0.05
11.125	-0.06328125
11.125	-0.06328125
11.25	-0.078125
11.25	-0.078125
11.375	-0.09453125
11.375	-0.09453125
11.5	-0.1125
11.5	-0.1125
11.625	-0.13203125
11.625	-0.13203125
11.75	-0.153125
11.75	-0.153125
11.875	-0.17578125
11.875	-0.17578125
12	-0.2
12	-0.2
12.125	-0.2
12.125	-0.2
12.25	-0.2
12.25	-0.2
12.375	-0.2
12.375	-0.2
12.5	-0.2
12.5	-0.2
12.625	-0.2
12.625	-0.2
12.75	-0.2
12.75	-0.2
12.875	-0.2
12.875	-0.2
13	-0.2
13	-0.2
13.125	-0.2
13.125	-0.2
13.25	-0.2
13.25	-0.2
13.375	-0.2
13.375	-0.2
13.5	-0.2
13.5	-0.2
13.625	-0.2
13.625	-0.2
13.75	-0.2
13.75	-0.2
13.875	-0.2
13.875	-0.2
14	-0.2
14	-0.2
14.125	-0.2
14.125	-0.2
14.25	-0.2
14.25	-0.2
14.375	-0.2
14.375	-0.2
14.5	-0.2
14.5	-0.2
14.625	-0.2
14.625	-0.2
14.75	-0.2
14.75	-0.2
14.875	-0.2
14.875	-0.2
15	-0.2
15	-0.2
15.125	-0.2
15.125	-0.2
15.25	-0.2
15.25	-0.2
15.375	-0.2
15.375	-0.2
15.5	-0.2
15.5	-0.2
15.625	-0.2
15.625	-0.2
15.75	-0.2
15.75	-0.2
15.875	-0.2
15.875	-0.2
16	-0.2
16	-0.2
16.125	-0.2
16.125	-0.2
16.25	-0.2
16.25	-0.2
16.375	-0.2
16.375	-0.2
16.5	-0.2
16.5	-0.2
16.625	-0.2
16.625	-0.2
16.75	-0.2
16.75	-0.2
16.875	-0.2
16.875	-0.2
17	-0.2
17	-0.2
17.125	-0.2
17.125	-0.2
17.25	-0.2
17.25	-0.2
17.375	-0.2
17.375	-0.2
17.5	-0.2
17.5	-0.2
17.625	-0.2
17.625	-0.2
17.75	-0.2
17.75	-0.2
17.875	-0.2
17.875	-0.2
18	-0.2
18	-0.2
18.125	-0.2
18.125	-0.2
18.25	-0.2
18.25	-0.2
18.375	-0.2
18.375	-0.2
18.5	-0.2
18.5	-0.2
18.625	-0.2
18.625	-0.2
18.75	-0.2
18.75	-0.2
18.875	-0.2
18.875	-0.2
19	-0.2
19	-0.2
19.125	-0.2
19.125	-0.2
19.25	-0.2
19.25	-0.2
19.375	-0.2
19.375	-0.2
19.5	-0.2
19.5	-0.2
19.625	-0.2
19.625	-0.2
19.75	-0.2
19.75	-0.2
19.875	-0.2
19.875	-0.2
20	-0.2
0	0
0.125	0
0.125	0
0.25	0
0.25	0
0.375	0
0.375	0
0.5	0
0.5	0
0.625	0
0.625	0
0.75	0
0.75	0
0.875	0
0.875	0
1	0
1	0
1.125	0
1.125	0
1.25	0
1.25	0
1.375	0
1.375	0
1.5	0
1.5	0
1.625	0
1.625	0
1.75	0
1.75	0
1.875	0
1.875	0
2	0
2	0
2.125	0
2.125	0
2.25	0
2.25	0
2.375	0
2.375	0
2.5	0
2.5	0
2.625	0
2.625	0
2.75	0
2.75	0
2.875	0
2.875	0
3	0
3	0
3.125	0
3.125	0
3.25	0
3.25	0
3.375	0
3.375	0
3.5	0
3.5	0
3.625	0
3.625	0
3.75	0
3.75	0
3.875	0
3.875	0
4	0
4	0
4.125	0
4.125	0
4.25	0
4.25	0
4.375	0
4.375	0
4.5	0
4.5	0
4.625	0
4.625	0
4.75	0
4.75	0
4.875	0
4.875	0
5	0
5	0
5.125	0
5.125	0
5.25	0
5.25	0
5.375	0
5.375	0
5.5	0
5.5	0
5.625	0
5.625	0
5.75	0
5.75	0
5.875	0
5.875	0
6	0
6	0
6.125	0
6.125	0
6.25	0
6.25	0
6.375	0
6.375	0
6.5	0
6.5	0
6.625	0
6.625	0
6.75	0
6.75	0
6.875	0
6.875	0
7	0
7	0
7.125	0
7.125	0
7.25	0
7.25	0
7.375	0
7.375	0
7.5	0
7.5	0
7.625	0
7.625	0
7.75	0
7.75	0
7.875	0
7.875	0
8	0
8	0.02421875
8.125	0.02421875
8.125	0.02265625
8.25	0.02265625
8.25	0.02109375
8.375	0.02109375
8.375	0.01953125
8.5	0.01953125
8.5	0.01796875
8.625	0.01796875
8.625	0.01640625
8.75	0.01640625
8.75	0.01484375
8.875	0.01484375
8.875	0.01328125
9	0.01328125
9	0.01171875
9.125	0.01171875
9.125	0.01015625
9.25	0.01015625
9.25	0.00859375
9.375	0.00859375
9.375	0.00703125
9.5	0.00703125
9.5	0.00546875
9.625	0.00546875
9.625	0.00390625
9.75	0.00390625
9.75	0.00234375
9.875	0.00234375
9.875	0.00078125
10	0.00078125
10	-0.00078125
10.125	-0.00078125
10.125	-0.00234375
10.25	-0.00234375
10.25	-0.00390625
10.375	-0.00390625
10.375	-0.00546875
10.5	-0.00546875
10.5	-0.00703125
10.625	-0.00703125
10.625	-0.00859375
10.75	-0.00859375
10.75	-0.01015625
10.875	-0.01015625
10.875	-0.01171875
11	-0.01171875
11	-0.01328125
11.125	-0.01328125
11.125	-0.01484375
11.25	-0.01484375
11.25	-0.01640625
11.375	-0.01640625
11.375	-0.01796875
11.5	-0.01796875
11.5	-0.01953125
11.625	-0.01953125
11.625	-0.02109375
11.75	-0.02109375
11.75	-0.02265625
11.875	-0.02265625
11.875	-0.02421875
12	-0.02421875
12	0
12.125	0
12.125	0
12.25	0
12.25	0
12.375	0
12.375	0
12.5	0
12.5	0
12.625	0
12.625	0
12.75	0
12.75	0
12.875	0
12.875	0
13	0
13	0
13.125	0
13.125	0
13.25	0
13.25	0
13.375	0
13.375	0
13.5	0
13.5	0
13.625	0
13.625	0
13.75	0
13.75	0
13.875	0
13.875	0
14	0
14	0
14.125	0
14.125	0
14.25	0
14.25	0
14.375	0
14.375	0
14.5	0
14.5	0
14.625	0
14.625	0
14.75	0
14.75	0
14.875	0
14.875	0
15	0
15	0
15.125	0
15.125	0
15.25	0
15.25	0
15.375	0
15.375	0
15.5	0
15.5	0
15.625	0
15.625	0
15.75	0
15.75	0
15.875	0
15.875	0
16	0
16	0
16.125	0
16.125	0
16.25	0
16.25	0
16.375	0
16.375	0
16.5	0
16.5	0
16.625	0
16.625	0
16.75	0
16.75	0
16.875	0
16.875	0
17	0
17	0
17.125	0
17.125	0
17.25	0
17.25	0
17.375	0
17.375	0
17.5	0
17.5	0
17.625	0
17.625	0
17.75	0
17.75	0
17.875	0
17.875	0
18	0
18	0
18.125	0
18.125	0
18.25	0
18.25	0
18.375	0
18.375	0
18.5	0
18.5	0
18.625	0
18.625	0
18.75	0
18.75	0
18.875	0
18.875	0
19	0
19	0
19.125	0
19.125	0
19.25	0
19.25	0
19.375	0
19.375	0
19.5	0
19.5	0
19.625	0
19.625	0
19.75	0
19.75	0
19.875	0
19.875	0
20	0
