3	1
80
0	0
0.5	0
0.5	0
1	0
1	0
1.5	0
1.5	2.31584178474632e+77
2	2.31584178474632e+77
2	0
2.5	0
2.5	2.31584178474632e+77
3	2.31584178474632e+77
3	0
3.5	0
3.5	0
4	0
4	0
4.5	0
4.5	0
5	0
5	0
5.5	0
5.5	0
6	0
6	0
6.5	0
6.5	0
7	0
7	0
7.5	0
7.5	0
8	0
8	0
8.5	0
8.5	0
9	0
9	0
9.5	0
9.5	0
10	0
10	0
10.5	0
10.5	0
11	0
11	0
11.5	0
11.5	0
12	0
12	0
12.5	0
12.5	0
13	0
13	0
13.5	0
13.5	0
14	0
14	0
14.5	0
14.5	0
15	0
15	0
15.5	0
15.5	0
16	0
16	0
16.5	0
16.5	0
17	0
17	0
17.5	0
17.5	0
18	0
18	0
18.5	0
18.5	0
19	0
19	0
19.5	0
19.5	0
20	0
0	0
0.5	0
0.5	0
1	0
1	0
1.5	0
1.5	2.31584178474632e+77
2	2.31584178474632e+77
2	0
2.5	0
2.5	2.31584178474632e+77
3	2.31584178474632e+77
3	0
3.5	0
3.5	0
4	0
4	0
4.5	0
4.5	0
5	0
5	0
5.5	0
5.5	0
6	0
6	0
6.5	0
6.5	0
7	0
7	0
7.5	0
7.5	0
8	0
8	0
8.5	0
8.5	0
9	0
9	0
9.5	0
9.5	0
10	0
10	0
10.5	0
10.5	0
11	0
11	0
11.5	0
11.5	0
12	0
12	0
12.5	0
12.5	0
13	0
13	0
13.5	0
13.5	0
14	0
14	0
14.5	0
14.5	0
15	0
15	0
15.5	0
15.5	0
16	0
16	0
16.5	0
16.5	0
17	0
17	0
17.5	0
17.5	0
18	0
18	0
18.5	0
18.5	0
19	0
19	0
19.5	0
19.5	0
20	0
0	0
0.5	0
0.5	0
1	0
1	0
1.5	0
1.5	2.31584178474632e+77
2	2.31584178474632e+77
2	0
2.5	0
2.5	2.31584178474632e+77
3	2.31584178474632e+77
3	0
3.5	0
3.5	0
4	0
4	0
4.5	0
4.5	0
5	0
5	0
5.5	0
5.5	0
6	0
6	0
6.5	0
6.5	0
7	0
7	0
7.5	0
7.5	0
8	0
8	0
8.5	0
8.5	0
9	0
9	0
9.5	0
9.5	0
10	0
10	0
10.5	0
10.5	0
11	0
11	0
11.5	0
11.5	0
12	0
12	0
12.5	0
12.5	0
13	0
13	0
13.5	0
13.5	0
14	0
14	0
14.5	0
14.5	0
15	0
15	0
15.5	0
15.5	0
16	0
16	0
16.5	0
16.5	0
17	0
17	0
17.5	0
17.5	0
18	0
18	0
18.5	0
18.5	0
19	0
19	0
19.5	0
19.5	0
20	0
0	1
0.5	1
0.5	1
1	1
1	1
1.5	1
1.5	1
2	1
2	1
2.5	1
2.5	1
3	1
3	1
3.5	1
3.5	1
4	1
4	1
4.5	1
4.5	1
5	1
5	1
5.5	1
5.5	1
6	1
6	1
6.5	1
6.5	1
7	1
7	1
7.5	1
7.5	1
8	1
8	1
8.5	1
8.5	1
9	1
9	1
9.5	1
9.5	1
10	1
10	1
10.5	1
10.5	1
11	1
11	1
11.5	1
11.5	1
12	1
12	1
12.5	1
12.5	1
13	1
13	1
13.5	1
13.5	1
14	1
14	1
14.5	1
14.5	1
15	1
15	1
15.5	1
15.5	1
16	1
16	1
16.5	1
16.5	1
17	1
17	1
17.5	1
17.5	1
18	1
18	1
18.5	1
18.5	1
19	1
19	1
19.5	1
19.5	1
20	1
