3	1
640
0	0.400000332415831
0.0625	0.400000166215272
0.0625	0.400000277019237
0.125	0.400000221623581
0.125	0.400000258557857
0.1875	0.400000240096712
0.1875	0.400000252408
0.25	0.400000246258162
0.25	0.40000025036186
0.3125	0.400000248315666
0.3125	0.400000249683524
0.375	0.40000024900511
0.375	0.400000249461029
0.4375	0.400000249238447
0.4375	0.400000249390388
0.5	0.400000249319658
0.5	0.400000249370275
0.5625	0.400000249350069
0.5625	0.400000249366911
0.625	0.400000249363455
0.625	0.400000249369038
0.6875	0.400000249371072
0.6875	0.400000249372902
0.75	0.400000249376672
0.75	0.40000024937725
0.8125	0.400000249381502
0.8125	0.400000249381663
0.875	0.400000249385979
0.875	0.400000249386001
0.9375	0.400000249390242
0.9375	0.400000249390218
1	0.400000249394337
1	0.400000249394297
1.0625	0.40000024939828
1.0625	0.400000249398234
1.125	0.400000249402075
1.125	0.400000249402028
1.1875	0.400000249405724
1.1875	0.400000249405676
1.25	0.400000249409225
1.25	0.400000249409176
1.3125	0.400000249412576
1.3125	0.400000249412526
1.375	0.400000249415778
1.375	0.400000249415728
1.4375	0.400000249418829
1.4375	0.400000249418779
1.5	0.400000249421731
1.5	0.400000249421681
1.5625	0.400000249424482
1.5625	0.400000249424432
1.625	0.400000249427082
1.625	0.400000249427031
1.6875	0.400000249429531
1.6875	0.400000249429481
1.75	0.400000249431829
1.75	0.400000249431778
1.8125	0.400000249433975
1.8125	0.400000249433924
1.875	0.400000249435969
1.875	0.400000249435918
1.9375	0.400000249437811
1.9375	0.400000249437761
2	0.400000249439501
2	0.40000024943945
2.0625	0.400000249441039
2.0625	0.400000249440988
2.125	0.400000249442425
2.125	0.400000249442375
2.1875	0.400000249443659
2.1875	0.400000249443608
2.25	0.40000024944474
2.25	0.40000024944469
2.3125	0.40000024944567
2.3125	0.40000024944562
2.375	0.400000249446449
2.375	0.400000249446399
2.4375	0.400000249447077
2.4375	0.400000249447027
2.5	0.400000249447554
2.5	0.400000249447504
2.5625	0.400000249447881
2.5625	0.400000249447831
2.625	0.400000249448057
2.625	0.400000249448007
2.6875	0.400000249448084
2.6875	0.400000249448034
2.75	0.40000024944796
2.75	0.40000024944791
2.8125	0.400000249447686
2.8125	0.400000249447637
2.875	0.400000249447267
2.875	0.400000249447218
2.9375	0.400000249446704
2.9375	0.400000249446655
3	0.400000249445996
3	0.400000249445948
3.0625	0.400000249445145
3.0625	0.400000249445097
3.125	0.40000024944415
3.125	0.400000249444102
3.1875	0.400000249443011
3.1875	0.400000249442963
3.25	0.40000024944173
3.25	0.400000249441683
3.3125	0.40000024944031
3.3125	0.400000249440264
3.375	0.400000249438752
3.375	0.400000249438705
3.4375	0.400000249437056
3.4375	0.400000249437011
3.5	0.400000249435226
3.5	0.400000249435181
3.5625	0.400000249433262
3.5625	0.400000249433217
3.625	0.400000249431166
3.625	0.400000249431121
3.6875	0.400000249428939
3.6875	0.400000249428896
3.75	0.400000249426584
3.75	0.400000249426541
3.8125	0.400000249424102
3.8125	0.400000249424059
3.875	0.400000249421496
3.875	0.400000249421454
3.9375	0.400000249418768
3.9375	0.400000249418727
4	0.40000024941592
4	0.40000024941588
4.0625	0.400000249412954
4.0625	0.400000249412914
4.125	0.400000249409871
4.125	0.400000249409832
4.1875	0.400000249406676
4.1875	0.400000249406638
4.25	0.400000249403373
4.25	0.400000249403336
4.3125	0.400000249399962
4.3125	0.400000249399926
4.375	0.400000249396445
4.375	0.40000024939641
4.4375	0.400000249392826
4.4375	0.400000249392791
4.5	0.400000249389107
4.5	0.400000249389074
4.5625	0.400000249385292
4.5625	0.400000249385259
4.625	0.400000249381383
4.625	0.400000249381352
4.6875	0.400000249377385
4.6875	0.400000249377355
4.75	0.4000002493733
4.75	0.400000249373271
4.8125	0.400000249369131
4.8125	0.400000249369103
4.875	0.400000249364882
4.875	0.400000249364855
4.9375	0.400000249360557
4.9375	0.400000249360531
5	0.400000249356158
5	0.400000249356134
5.0625	0.400000249351691
5.0625	0.400000249351667
5.125	0.400000249347157
5.125	0.400000249347135
5.1875	0.400000249342561
5.1875	0.40000024934254
5.25	0.400000249337907
5.25	0.400000249337887
5.3125	0.400000249333198
5.3125	0.40000024933318
5.375	0.400000249328439
5.375	0.400000249328421
5.4375	0.400000249323633
5.4375	0.400000249323617
5.5	0.400000249318785
5.5	0.40000024931877
5.5625	0.400000249313898
5.5625	0.400000249313885
5.625	0.400000249308976
5.625	0.400000249308964
5.6875	0.400000249304024
5.6875	0.400000249304013
5.75	0.400000249299046
5.75	0.400000249299037
5.8125	0.400000249294046
5.8125	0.400000249294038
5.875	0.400000249289028
5.875	0.400000249289021
5.9375	0.400000249283995
5.9375	0.40000024928399
6	0.400000249278953
6	0.400000249278949
6.0625	0.400000249273905
6.0625	0.400000249273903
6.125	0.400000249268855
6.125	0.400000249268854
6.1875	0.400000249263809
6.1875	0.400000249263809
6.25	0.400000249258768
6.25	0.40000024925877
6.3125	0.400000249253736
6.3125	0.400000249253739
6.375	0.400000249248718
6.375	0.400000249248722
6.4375	0.400000249243717
6.4375	0.400000249243722
6.5	0.400000249238736
6.5	0.400000249238742
6.5625	0.40000024923378
6.5625	0.400000249233787
6.625	0.400000249228852
6.625	0.400000249228861
6.6875	0.400000249223956
6.6875	0.400000249223966
6.75	0.400000249219094
6.75	0.400000249219105
6.8125	0.40000024921427
6.8125	0.400000249214282
6.875	0.400000249209487
6.875	0.400000249209501
6.9375	0.400000249204748
6.9375	0.400000249204763
7	0.400000249200056
7	0.400000249200071
7.0625	0.400000249195412
7.0625	0.400000249195429
7.125	0.400000249190822
7.125	0.40000024919084
7.1875	0.400000249186287
7.1875	0.400000249186305
7.25	0.400000249181808
7.25	0.400000249181827
7.3125	0.40000024917739
7.3125	0.40000024917741
7.375	0.400000249173034
7.375	0.400000249173054
7.4375	0.400000249168742
7.4375	0.400000249168763
7.5	0.400000249164515
7.5	0.400000249164537
7.5625	0.400000249160356
7.5625	0.400000249160379
7.625	0.400000249156267
7.625	0.40000024915629
7.6875	0.40000024915225
7.6875	0.400000249152274
7.75	0.400000249148306
7.75	0.40000024914833
7.8125	0.400000249144437
7.8125	0.400000249144462
7.875	0.400000249140645
7.875	0.40000024914067
7.9375	0.400000249136929
7.9375	0.400000249136955
8	0.400000249133292
8	0.400005090154743
8.0625	0.387160251136825
8.0625	0.387159611693632
8.125	0.374669065184411
8.125	0.374666205860184
8.1875	0.362525517399736
8.1875	0.362521504722159
8.25	0.350727193113877
8.25	0.35072233495474
8.3125	0.339271144122041
8.3125	0.339265480075651
8.375	0.32815413162944
8.375	0.328147599797328
8.4375	0.317372711956337
8.4375	0.317365204755291
8.5	0.306923270454609
8.5	0.306914652201956
8.5625	0.296802040220168
8.5625	0.296792151381026
8.625	0.287005118760491
8.625	0.286993775345195
8.6875	0.277528487948137
8.6875	0.277515478923449
8.75	0.268368040178566
8.75	0.268353123820524
8.8125	0.259519613210282
8.8125	0.259502512655875
8.875	0.25097903657983
8.875	0.250959434601382
8.9375	0.242742193466862
8.9375	0.24271972641858
9	0.234805103490458
9	0.234779354376113
9.0625	0.227164034415501
9.0625	0.227134525090977
9.125	0.219815654641265
9.125	0.219781837332949
9.1875	0.212757244500396
9.1875	0.212718493181463
9.25	0.205986994300572
9.25	0.205942597208825
9.3125	0.199504433270296
9.3125	0.199453589346208
9.375	0.193311060648766
9.375	0.193252885667252
9.4375	0.18741129607759
9.4375	0.187344850236493
9.5	0.181813945193359
9.5	0.18173830586058
9.5625	0.17653451132568
9.5625	0.176448938111863
9.625	0.171598909681675
9.625	0.171503193124725
9.6875	0.167049483261736
9.6875	0.1669446412334
9.75	0.162954589038731
9.75	0.162844147385271
9.8125	0.159422751417739
9.8125	0.159314690949063
9.875	0.15661883087429
9.875	0.156527049279532
9.9375	0.154766465334579
9.9375	0.154707043565983
10	0.154097905020907
10	0.154074496227021
10.0625	0.154730138298136
10.0625	0.154721507223781
10.125	0.156570342402604
10.125	0.156546711645855
10.1875	0.159383059885389
10.1875	0.15933146813577
10.25	0.162930018319964
10.25	0.162855406295604
10.3125	0.167037666806312
10.3125	0.16695101270764
10.375	0.171595484579698
10.375	0.171506140459005
10.4375	0.176535895595358
10.4375	0.176449727995874
10.5	0.181817795565363
10.5	0.181737807671057
10.5625	0.187416234083161
10.5625	0.18734360711833
10.625	0.193316324629705
10.625	0.193251223778885
10.6875	0.199509622971253
10.6875	0.199451702104736
10.75	0.205991911897222
10.75	0.205940599551311
10.8125	0.212761802522328
10.8125	0.212716454074023
10.875	0.219819824460894
10.875	0.219779798682128
10.9375	0.22716781792865
10.9375	0.227132512658016
11	0.234808517700954
11	0.23477738410198
11.0625	0.242745262168207
11.0625	0.24271780813135
11.125	0.250981785924252
11.125	0.250957574224317
11.1875	0.259522069404293
11.1875	0.259500713548068
11.25	0.268370228340276
11.25	0.268351387608649
11.3125	0.277530431598812
11.3125	0.277513806029294
11.375	0.287006839668119
11.375	0.286992165325026
11.4375	0.296803558464161
11.4375	0.2967906031369
11.5	0.30692460471194
11.5	0.306913164077218
11.5625	0.317373880219857
11.5625	0.317363774453169
11.625	0.328155153086837
11.625	0.328146223886537
11.6875	0.339272044379835
11.6875	0.339264152359747
11.75	0.350728019168356
11.75	0.350721041574682
11.8125	0.362526381051333
11.8125	0.362520209762767
11.875	0.374670269492275
11.875	0.374664809266655
11.9375	0.387162659412436
11.9375	0.387157826347832
12	0.400006362592956
12	0.399997499646896
12.0625	0.400001930882469
12.0625	0.399998976750457
12.125	0.400000453789904
12.125	0.399999469099596
12.1875	0.399999961441592
12.1875	0.399999633213747
12.25	0.399999797327082
12.25	0.399999687918047
12.3125	0.399999742622236
12.3125	0.39999970615258
12.375	0.39999972438708
12.375	0.399999712230525
12.4375	0.399999718308447
12.4375	0.399999714256258
12.5	0.399999716281967
12.5	0.399999714931232
12.5625	0.399999715606185
12.5625	0.399999715155934
12.625	0.399999715380614
12.625	0.399999715230525
12.6875	0.399999715305096
12.6875	0.399999715255061
12.75	0.399999715279576
12.75	0.399999715262893
12.8125	0.399999715270704
12.8125	0.399999715265138
12.875	0.399999715267362
12.875	0.399999715265502
12.9375	0.399999715265847
12.9375	0.399999715265221
13	0.399999715264922
13	0.399999715264709
13.0625	0.399999715264178
13.0625	0.399999715264102
13.125	0.399999715263478
13.125	0.399999715263448
13.1875	0.399999715262777
13.1875	0.399999715262761
13.25	0.399999715262058
13.25	0.399999715262048
13.3125	0.399999715261319
13.3125	0.399999715261311
13.375	0.399999715260559
13.375	0.399999715260552
13.4375	0.399999715259778
13.4375	0.39999971525977
13.5	0.399999715258973
13.5	0.399999715258966
13.5625	0.399999715258148
13.5625	0.399999715258142
13.625	0.399999715257305
13.625	0.399999715257299
13.6875	0.399999715256443
13.6875	0.399999715256436
13.75	0.399999715255561
13.75	0.399999715255555
13.8125	0.399999715254663
13.8125	0.399999715254657
13.875	0.399999715253747
13.875	0.399999715253741
13.9375	0.399999715252815
13.9375	0.399999715252809
14	0.399999715251868
14	0.399999715251862
14.0625	0.399999715250905
14.0625	0.3999997152509
14.125	0.399999715249929
14.125	0.399999715249924
14.1875	0.399999715248939
14.1875	0.399999715248934
14.25	0.399999715247937
14.25	0.399999715247931
14.3125	0.399999715246923
14.3125	0.399999715246918
14.375	0.399999715245897
14.375	0.399999715245892
14.4375	0.399999715244861
14.4375	0.399999715244856
14.5	0.399999715243815
14.5	0.39999971524381
14.5625	0.39999971524276
14.5625	0.399999715242755
14.625	0.399999715241697
14.625	0.399999715241692
14.6875	0.399999715240625
14.6875	0.399999715240621
14.75	0.399999715239549
14.75	0.399999715239545
14.8125	0.399999715238466
14.8125	0.399999715238462
14.875	0.399999715237377
14.875	0.399999715237373
14.9375	0.399999715236283
14.9375	0.399999715236279
15	0.399999715235186
15	0.399999715235182
15.0625	0.399999715234085
15.0625	0.399999715234081
15.125	0.399999715232982
15.125	0.399999715232978
15.1875	0.399999715231877
15.1875	0.399999715231873
15.25	0.39999971523077
15.25	0.399999715230767
15.3125	0.399999715229663
15.3125	0.39999971522966
15.375	0.399999715228556
15.375	0.399999715228553
15.4375	0.39999971522745
15.4375	0.399999715227447
15.5	0.399999715226346
15.5	0.399999715226343
15.5625	0.399999715225244
15.5625	0.399999715225241
15.625	0.399999715224145
15.625	0.399999715224143
15.6875	0.399999715223049
15.6875	0.399999715223046
15.75	0.399999715221956
15.75	0.399999715221954
15.8125	0.399999715220868
15.8125	0.399999715220866
15.875	0.399999715219786
15.875	0.399999715219783
15.9375	0.399999715218708
15.9375	0.399999715218706
16	0.399999715217638
16	0.399999715217636
16.0625	0.399999715216575
16.0625	0.399999715216573
16.125	0.39999971521552
16.125	0.399999715215518
16.1875	0.399999715214472
16.1875	0.399999715214471
16.25	0.399999715213433
16.25	0.399999715213431
16.3125	0.399999715212402
16.3125	0.399999715212401
16.375	0.399999715211382
16.375	0.399999715211381
16.4375	0.399999715210373
16.4375	0.399999715210371
16.5	0.399999715209373
16.5	0.399999715209372
16.5625	0.399999715208385
16.5625	0.399999715208384
16.625	0.399999715207409
16.625	0.399999715207408
16.6875	0.399999715206444
16.6875	0.399999715206443
16.75	0.399999715205492
16.75	0.399999715205491
16.8125	0.399999715204554
16.8125	0.399999715204553
16.875	0.399999715203629
16.875	0.399999715203628
16.9375	0.399999715202718
16.9375	0.399999715202717
17	0.399999715201821
17	0.39999971520182
17.0625	0.399999715200939
17.0625	0.399999715200938
17.125	0.399999715200073
17.125	0.399999715200072
17.1875	0.399999715199221
17.1875	0.39999971519922
17.25	0.399999715198386
17.25	0.399999715198385
17.3125	0.399999715197566
17.3125	0.399999715197566
17.375	0.399999715196763
17.375	0.399999715196763
17.4375	0.399999715195978
17.4375	0.399999715195977
17.5	0.399999715195209
17.5	0.399999715195209
17.5625	0.399999715194459
17.5625	0.399999715194458
17.625	0.399999715193726
17.625	0.399999715193725
17.6875	0.399999715193011
17.6875	0.39999971519301
17.75	0.399999715192315
17.75	0.399999715192315
17.8125	0.399999715191638
17.8125	0.399999715191637
17.875	0.399999715190979
17.875	0.399999715190978
17.9375	0.39999971519034
17.9375	0.399999715190339
18	0.39999971518972
18	0.39999971518972
18.0625	0.39999971518912
18.0625	0.39999971518912
18.125	0.39999971518854
18.125	0.39999971518854
18.1875	0.399999715187981
18.1875	0.399999715187981
18.25	0.399999715187442
18.25	0.399999715187442
18.3125	0.399999715186924
18.3125	0.399999715186924
18.375	0.399999715186427
18.375	0.399999715186426
18.4375	0.39999971518595
18.4375	0.39999971518595
18.5	0.399999715185495
18.5	0.399999715185494
18.5625	0.399999715185061
18.5625	0.399999715185061
18.625	0.399999715184648
18.625	0.399999715184648
18.6875	0.399999715184257
18.6875	0.399999715184257
18.75	0.399999715183889
18.75	0.399999715183888
18.8125	0.399999715183542
18.8125	0.399999715183541
18.875	0.399999715183217
18.875	0.399999715183216
18.9375	0.399999715182914
18.9375	0.399999715182914
19	0.399999715182634
19	0.399999715182633
19.0625	0.399999715182376
19.0625	0.399999715182376
19.125	0.39999971518214
19.125	0.39999971518214
19.1875	0.399999715181927
19.1875	0.399999715181927
19.25	0.399999715181737
19.25	0.399999715181736
19.3125	0.399999715181569
19.3125	0.399999715181568
19.375	0.399999715181424
19.375	0.399999715181423
19.4375	0.399999715181302
19.4375	0.399999715181301
19.5	0.399999715181203
19.5	0.399999715181202
19.5625	0.399999715181127
19.5625	0.399999715181126
19.625	0.399999715181074
19.625	0.399999715181074
19.6875	0.399999715181045
19.6875	0.399999715181044
19.75	0.399999715181038
19.75	0.399999715181036
19.8125	0.399999715181054
19.8125	0.399999715181053
19.875	0.399999715181094
19.875	0.399999715181093
19.9375	0.399999715181156
19.9375	0.399999715181155
20	0.399999715181241
0	0.158479473217007
0.0625	0.158479736596852
0.0625	0.158479561004612
0.125	0.158479648790706
0.125	0.158479590260562
0.1875	0.158479619516136
0.1875	0.158479600006306
0.25	0.15847960975202
0.25	0.158479603248846
0.3125	0.158479606491472
0.3125	0.158479604323813
0.375	0.158479605398901
0.375	0.158479604676402
0.4375	0.158479605029129
0.4375	0.158479604788346
0.5	0.158479604900432
0.5	0.15847960482022
0.5625	0.158479604852239
0.5625	0.158479604825551
0.625	0.158479604831027
0.625	0.158479604822179
0.6875	0.158479604818954
0.6875	0.158479604816054
0.75	0.15847960481008
0.75	0.158479604809163
0.8125	0.158479604802425
0.8125	0.15847960480217
0.875	0.15847960479533
0.875	0.158479604795296
0.9375	0.158479604788574
0.9375	0.158479604788613
1	0.158479604782084
1	0.158479604782148
1.0625	0.158479604775835
1.0625	0.158479604775908
1.125	0.158479604769821
1.125	0.158479604769896
1.1875	0.158479604764037
1.1875	0.158479604764114
1.25	0.158479604758489
1.25	0.158479604758567
1.3125	0.158479604753178
1.3125	0.158479604753256
1.375	0.158479604748103
1.375	0.158479604748182
1.4375	0.158479604743267
1.4375	0.158479604743347
1.5	0.158479604738669
1.5	0.158479604738749
1.5625	0.15847960473431
1.5625	0.158479604734389
1.625	0.15847960473019
1.625	0.158479604730269
1.6875	0.158479604726307
1.6875	0.158479604726387
1.75	0.158479604722666
1.75	0.158479604722746
1.8125	0.158479604719264
1.8125	0.158479604719344
1.875	0.158479604716104
1.875	0.158479604716184
1.9375	0.158479604713184
1.9375	0.158479604713265
2	0.158479604710505
2	0.158479604710586
2.0625	0.158479604708068
2.0625	0.158479604708148
2.125	0.158479604705871
2.125	0.158479604705951
2.1875	0.158479604703915
2.1875	0.158479604703995
2.25	0.158479604702201
2.25	0.158479604702281
2.3125	0.158479604700726
2.3125	0.158479604700806
2.375	0.158479604699492
2.375	0.158479604699572
2.4375	0.158479604698497
2.4375	0.158479604698577
2.5	0.15847960469774
2.5	0.15847960469782
2.5625	0.158479604697222
2.5625	0.158479604697302
2.625	0.158479604696941
2.625	0.158479604697021
2.6875	0.158479604696899
2.6875	0.158479604696978
2.75	0.158479604697095
2.75	0.158479604697175
2.8125	0.158479604697528
2.8125	0.158479604697607
2.875	0.158479604698192
2.875	0.15847960469827
2.9375	0.158479604699084
2.9375	0.158479604699161
3	0.158479604700205
3	0.158479604700282
3.0625	0.158479604701554
3.0625	0.15847960470163
3.125	0.158479604703131
3.125	0.158479604703207
3.1875	0.158479604704936
3.1875	0.158479604705012
3.25	0.158479604706964
3.25	0.158479604707039
3.3125	0.158479604709214
3.3125	0.158479604709288
3.375	0.158479604711683
3.375	0.158479604711756
3.4375	0.158479604714368
3.4375	0.158479604714441
3.5	0.158479604717268
3.5	0.15847960471734
3.5625	0.158479604720381
3.5625	0.158479604720452
3.625	0.158479604723703
3.625	0.158479604723773
3.6875	0.158479604727232
3.6875	0.158479604727301
3.75	0.158479604730964
3.75	0.158479604731033
3.8125	0.158479604734896
3.8125	0.158479604734963
3.875	0.158479604739026
3.875	0.158479604739092
3.9375	0.158479604743348
3.9375	0.158479604743413
4	0.15847960474786
4	0.158479604747924
4.0625	0.158479604752561
4.0625	0.158479604752624
4.125	0.158479604757445
4.125	0.158479604757507
4.1875	0.158479604762508
4.1875	0.158479604762568
4.25	0.158479604767743
4.25	0.158479604767801
4.3125	0.158479604773147
4.3125	0.158479604773205
4.375	0.15847960477872
4.375	0.158479604778776
4.4375	0.158479604784455
4.4375	0.15847960478451
4.5	0.158479604790348
4.5	0.158479604790401
4.5625	0.158479604796393
4.5625	0.158479604796444
4.625	0.158479604802586
4.625	0.158479604802636
4.6875	0.158479604808921
4.6875	0.158479604808969
4.75	0.158479604815393
4.75	0.158479604815439
4.8125	0.158479604821999
4.8125	0.158479604822044
4.875	0.158479604828733
4.875	0.158479604828776
4.9375	0.158479604835587
4.9375	0.158479604835628
5	0.158479604842557
5	0.158479604842596
5.0625	0.158479604849636
5.0625	0.158479604849674
5.125	0.158479604856821
5.125	0.158479604856857
5.1875	0.158479604864104
5.1875	0.158479604864138
5.25	0.15847960487148
5.25	0.158479604871512
5.3125	0.158479604878942
5.3125	0.158479604878972
5.375	0.158479604886484
5.375	0.158479604886511
5.4375	0.158479604894098
5.4375	0.158479604894123
5.5	0.158479604901781
5.5	0.158479604901804
5.5625	0.158479604909524
5.5625	0.158479604909545
5.625	0.158479604917323
5.625	0.158479604917342
5.6875	0.15847960492517
5.6875	0.158479604925187
5.75	0.15847960493306
5.75	0.158479604933074
5.8125	0.158479604940984
5.8125	0.158479604940996
5.875	0.158479604948935
5.875	0.158479604948945
5.9375	0.158479604956908
5.9375	0.158479604956916
6	0.158479604964898
6	0.158479604964904
6.0625	0.158479604972897
6.0625	0.158479604972901
6.125	0.1584796049809
6.125	0.158479604980902
6.1875	0.158479604988897
6.1875	0.158479604988897
6.25	0.158479604996886
6.25	0.158479604996884
6.3125	0.15847960500486
6.3125	0.158479605004856
6.375	0.158479605012812
6.375	0.158479605012805
6.4375	0.158479605020736
6.4375	0.158479605020727
6.5	0.158479605028628
6.5	0.158479605028617
6.5625	0.158479605036481
6.5625	0.158479605036469
6.625	0.158479605044289
6.625	0.158479605044274
6.6875	0.158479605052047
6.6875	0.158479605052031
6.75	0.158479605059751
6.75	0.158479605059733
6.8125	0.158479605067394
6.8125	0.158479605067375
6.875	0.158479605074974
6.875	0.158479605074953
6.9375	0.158479605082484
6.9375	0.158479605082461
7	0.158479605089921
7	0.158479605089897
7.0625	0.158479605097279
7.0625	0.158479605097253
7.125	0.158479605104551
7.125	0.158479605104524
7.1875	0.158479605111738
7.1875	0.15847960511171
7.25	0.158479605118835
7.25	0.158479605118805
7.3125	0.158479605125836
7.3125	0.158479605125805
7.375	0.158479605132739
7.375	0.158479605132707
7.4375	0.158479605139542
7.4375	0.158479605139508
7.5	0.158479605146239
7.5	0.158479605146204
7.5625	0.158479605152829
7.5625	0.158479605152793
7.625	0.158479605159308
7.625	0.158479605159272
7.6875	0.158479605165672
7.6875	0.158479605165634
7.75	0.158479605171921
7.75	0.158479605171883
7.8125	0.158479605178053
7.8125	0.158479605178014
7.875	0.158479605184063
7.875	0.158479605184023
7.9375	0.15847960518995
7.9375	0.15847960518991
8	0.158479605195713
8	0.158486317986036
8.0625	0.158472892411014
8.0625	0.15848900256117
8.125	0.158470207847192
8.125	0.158490372223239
8.1875	0.158468838196344
8.1875	0.158491331717865
8.25	0.15846787871284
8.25	0.158492183000268
8.3125	0.158467027441454
8.3125	0.158493027051721
8.375	0.158466183400902
8.375	0.158493897693933
8.4375	0.158465312769465
8.4375	0.158494806098455
8.5	0.158464404375585
8.5	0.158495755538894
8.5625	0.15846345494564
8.5625	0.158496746220735
8.625	0.158462464274131
8.625	0.15849777679086
8.6875	0.158461433714157
8.6875	0.158498844719666
8.75	0.158460365795302
8.75	0.158499946278071
8.8125	0.158459264246626
8.8125	0.158501076338703
8.875	0.158458134195471
8.875	0.158502228061439
8.9375	0.158456982481926
8.9375	0.158503392459513
9	0.158455818092717
9	0.1585045578096
9.0625	0.158454652751118
9.0625	0.15850570884065
9.125	0.158453501728121
9.125	0.158506825599509
9.1875	0.158452384976802
9.1875	0.15850788183714
9.25	0.158451328746108
9.25	0.158508842676746
9.3125	0.15845036791272
9.3125	0.158509661201004
9.375	0.158449549393814
9.375	0.158510273417996
9.4375	0.158448937181119
9.4375	0.158510590845326
9.5	0.158448619756792
9.5	0.158510489802411
9.5625	0.158448720801102
9.5625	0.158509796904402
9.625	0.158449413698489
9.625	0.158508272893259
9.6875	0.158450937706468
9.6875	0.158505607036664
9.75	0.158453603556685
9.75	0.158501465270335
9.8125	0.158457745312615
9.8125	0.15849570613943
9.875	0.158463504428256
9.875	0.158488934364392
9.9375	0.158470276182619
9.9375	0.158483189310552
10	0.158476021210734
10	0.158481376338407
10.0625	0.158477834153871
10.0625	0.158484676289955
10.125	0.158474534172764
10.125	0.158491295238391
10.1875	0.158467915196592
10.1875	0.158498460090705
10.25	0.158460750319553
10.25	0.158504403878739
10.3125	0.158454806509982
10.3125	0.158508594969914
10.375	0.158450615400155
10.375	0.158511182005188
10.4375	0.158448028348664
10.4375	0.158512525773689
10.5	0.158446684565956
10.5	0.158512978067455
10.5625	0.158446232259632
10.5625	0.158512815182247
10.625	0.158446395133635
10.625	0.158512236064754
10.6875	0.15844697424104
10.6875	0.158511378994839
10.75	0.158447831301793
10.75	0.158510339197337
10.8125	0.15844887109091
10.8125	0.158509182571567
10.875	0.15845002770895
10.875	0.158507955290421
10.9375	0.158451254982922
10.9375	0.158506690209466
11	0.158452520057181
11	0.158505411074178
11.0625	0.158453799186181
11.0625	0.158504135278791
11.125	0.158455074975635
11.125	0.158502875690605
11.1875	0.158456334558195
11.1875	0.158501641873856
11.25	0.158457568369584
11.25	0.158500440926095
11.3125	0.158458769312222
11.3125	0.158499278062193
11.375	0.158459932171207
11.375	0.158498157031935
11.4375	0.15846105319673
11.4375	0.158497080426282
11.5	0.15846212979781
11.5	0.158496049907919
11.5625	0.158463160311749
11.5625	0.15849506638933
11.625	0.158464143826042
11.625	0.158494130173745
11.6875	0.158465080037445
11.6875	0.158493241069149
11.75	0.158465969137964
11.75	0.158492398482203
11.8125	0.158466811720927
11.8125	0.158491601496776
11.875	0.158467608702455
11.875	0.158490848940293
11.9375	0.158468361255115
11.9375	0.158490139440187
12	0.15846907075147
12	0.158483116224478
12.0625	0.158476093963494
12.0625	0.158480775434251
12.125	0.15847843475011
12.125	0.15847999520109
12.1875	0.158479214979734
12.1875	0.158479735125706
12.25	0.158479475051654
12.25	0.15847964843317
12.3125	0.158479561740801
12.3125	0.158479619534596
12.375	0.158479590636061
12.375	0.158479609900663
12.4375	0.158479600266753
12.4375	0.158479606688296
12.5	0.158479603475952
12.5	0.158479605616476
12.5625	0.158479604544678
12.5625	0.158479605258196
12.625	0.158479604899938
12.625	0.158479605137787
12.6875	0.1584796050174
12.6875	0.158479605096693
12.75	0.158479605055621
12.75	0.158479605082061
12.8125	0.158479605067451
12.8125	0.158479605076273
12.875	0.158479605070507
12.875	0.158479605073457
12.9375	0.158479605070662
12.9375	0.158479605071655
13	0.158479605069875
13	0.158479605070214
13.0625	0.158479605068795
13.0625	0.158479605068917
13.125	0.158479605067639
13.125	0.158479605067688
13.1875	0.158479605066481
13.1875	0.158479605066506
13.25	0.158479605065345
13.25	0.158479605065361
13.3125	0.158479605064238
13.3125	0.158479605064251
13.375	0.158479605063161
13.375	0.158479605063172
13.4375	0.158479605062116
13.4375	0.158479605062128
13.5	0.158479605061105
13.5	0.158479605061117
13.5625	0.158479605060126
13.5625	0.158479605060136
13.625	0.158479605059174
13.625	0.158479605059184
13.6875	0.158479605058253
13.6875	0.158479605058263
13.75	0.158479605057362
13.75	0.158479605057372
13.8125	0.1584796050565
13.8125	0.158479605056509
13.875	0.158479605055666
13.875	0.158479605055675
13.9375	0.158479605054861
13.9375	0.15847960505487
14	0.158479605054084
14	0.158479605054092
14.0625	0.158479605053334
14.0625	0.158479605053342
14.125	0.15847960505261
14.125	0.158479605052618
14.1875	0.158479605051914
14.1875	0.158479605051921
14.25	0.158479605051242
14.25	0.158479605051249
14.3125	0.158479605050594
14.3125	0.158479605050601
14.375	0.158479605049973
14.375	0.15847960504998
14.4375	0.158479605049376
14.4375	0.158479605049382
14.5	0.158479605048803
14.5	0.158479605048809
14.5625	0.158479605048254
14.5625	0.158479605048259
14.625	0.158479605047726
14.625	0.158479605047732
14.6875	0.158479605047223
14.6875	0.158479605047228
14.75	0.158479605046737
14.75	0.158479605046742
14.8125	0.158479605046275
14.8125	0.158479605046279
14.875	0.158479605045833
14.875	0.158479605045837
14.9375	0.158479605045412
14.9375	0.158479605045416
15	0.158479605045011
15	0.158479605045014
15.0625	0.158479605044629
15.0625	0.158479605044632
15.125	0.158479605044266
15.125	0.15847960504427
15.1875	0.158479605043923
15.1875	0.158479605043925
15.25	0.158479605043596
15.25	0.158479605043598
15.3125	0.158479605043287
15.3125	0.158479605043289
15.375	0.158479605042996
15.375	0.158479605042998
15.4375	0.158479605042721
15.4375	0.158479605042723
15.5	0.158479605042464
15.5	0.158479605042465
15.5625	0.158479605042223
15.5625	0.158479605042223
15.625	0.158479605041996
15.625	0.158479605041997
15.6875	0.158479605041787
15.6875	0.158479605041787
15.75	0.158479605041591
15.75	0.158479605041591
15.8125	0.15847960504141
15.8125	0.158479605041409
15.875	0.158479605041242
15.875	0.158479605041242
15.9375	0.158479605041089
15.9375	0.158479605041089
16	0.158479605040949
16	0.158479605040948
16.0625	0.158479605040823
16.0625	0.158479605040822
16.125	0.158479605040711
16.125	0.158479605040709
16.1875	0.15847960504061
16.1875	0.158479605040608
16.25	0.158479605040523
16.25	0.158479605040521
16.3125	0.158479605040449
16.3125	0.158479605040446
16.375	0.158479605040385
16.375	0.158479605040382
16.4375	0.158479605040333
16.4375	0.15847960504033
16.5	0.158479605040293
16.5	0.15847960504029
16.5625	0.158479605040265
16.5625	0.158479605040262
16.625	0.158479605040249
16.625	0.158479605040246
16.6875	0.158479605040243
16.6875	0.158479605040239
16.75	0.158479605040246
16.75	0.158479605040242
16.8125	0.158479605040259
16.8125	0.158479605040255
16.875	0.158479605040283
16.875	0.158479605040279
16.9375	0.158479605040319
16.9375	0.158479605040315
17	0.158479605040365
17	0.158479605040361
17.0625	0.158479605040422
17.0625	0.158479605040418
17.125	0.15847960504049
17.125	0.158479605040485
17.1875	0.158479605040569
17.1875	0.158479605040564
17.25	0.158479605040655
17.25	0.15847960504065
17.3125	0.158479605040753
17.3125	0.158479605040748
17.375	0.15847960504086
17.375	0.158479605040854
17.4375	0.158479605040976
17.4375	0.158479605040971
17.5	0.158479605041103
17.5	0.158479605041097
17.5625	0.158479605041239
17.5625	0.158479605041234
17.625	0.158479605041386
17.625	0.15847960504138
17.6875	0.158479605041542
17.6875	0.158479605041537
17.75	0.158479605041708
17.75	0.158479605041702
17.8125	0.158479605041885
17.8125	0.158479605041879
17.875	0.158479605042072
17.875	0.158479605042066
17.9375	0.158479605042268
17.9375	0.158479605042262
18	0.158479605042474
18	0.158479605042468
18.0625	0.158479605042691
18.0625	0.158479605042684
18.125	0.158479605042918
18.125	0.158479605042911
18.1875	0.158479605043155
18.1875	0.158479605043149
18.25	0.158479605043403
18.25	0.158479605043397
18.3125	0.158479605043663
18.3125	0.158479605043656
18.375	0.158479605043932
18.375	0.158479605043925
18.4375	0.158479605044213
18.4375	0.158479605044206
18.5	0.158479605044503
18.5	0.158479605044496
18.5625	0.158479605044804
18.5625	0.158479605044797
18.625	0.158479605045117
18.625	0.158479605045111
18.6875	0.158479605045443
18.6875	0.158479605045436
18.75	0.15847960504578
18.75	0.158479605045773
18.8125	0.158479605046128
18.8125	0.158479605046121
18.875	0.158479605046488
18.875	0.158479605046482
18.9375	0.15847960504686
18.9375	0.158479605046853
19	0.158479605047245
19	0.158479605047238
19.0625	0.158479605047641
19.0625	0.158479605047634
19.125	0.158479605048051
19.125	0.158479605048044
19.1875	0.158479605048472
19.1875	0.158479605048465
19.25	0.158479605048907
19.25	0.1584796050489
19.3125	0.158479605049355
19.3125	0.158479605049347
19.375	0.158479605049816
19.375	0.158479605049808
19.4375	0.15847960505029
19.4375	0.158479605050283
19.5	0.158479605050779
19.5	0.158479605050772
19.5625	0.158479605051282
19.5625	0.158479605051275
19.625	0.1584796050518
19.625	0.158479605051792
19.6875	0.15847960505233
19.6875	0.158479605052323
19.75	0.158479605052876
19.75	0.158479605052869
19.8125	0.158479605053437
19.8125	0.15847960505343
19.875	0.158479605054013
19.875	0.158479605054006
19.9375	0.158479605054604
19.9375	0.158479605054597
20	0.158479605055211
0	-0.2
0.0625	-0.2
0.0625	-0.2
0.125	-0.2
0.125	-0.2
0.1875	-0.2
0.1875	-0.2
0.25	-0.2
0.25	-0.2
0.3125	-0.2
0.3125	-0.2
0.375	-0.2
0.375	-0.2
0.4375	-0.2
0.4375	-0.2
0.5	-0.2
0.5	-0.2
0.5625	-0.2
0.5625	-0.2
0.625	-0.2
0.625	-0.2
0.6875	-0.2
0.6875	-0.2
0.75	-0.2
0.75	-0.2
0.8125	-0.2
0.8125	-0.2
0.875	-0.2
0.875	-0.2
0.9375	-0.2
0.9375	-0.2
1	-0.2
1	-0.2
1.0625	-0.2
1.0625	-0.2
1.125	-0.2
1.125	-0.2
1.1875	-0.2
1.1875	-0.2
1.25	-0.2
1.25	-0.2
1.3125	-0.2
1.3125	-0.2
1.375	-0.2
1.375	-0.2
1.4375	-0.2
1.4375	-0.2
1.5	-0.2
1.5	-0.2
1.5625	-0.2
1.5625	-0.2
1.625	-0.2
1.625	-0.2
1.6875	-0.2
1.6875	-0.2
1.75	-0.2
1.75	-0.2
1.8125	-0.2
1.8125	-0.2
1.875	-0.2
1.875	-0.2
1.9375	-0.2
1.9375	-0.2
2	-0.2
2	-0.2
2.0625	-0.2
2.0625	-0.2
2.125	-0.2
2.125	-0.2
2.1875	-0.2
2.1875	-0.2
2.25	-0.2
2.25	-0.2
2.3125	-0.2
2.3125	-0.2
2.375	-0.2
2.375	-0.2
2.4375	-0.2
2.4375	-0.2
2.5	-0.2
2.5	-0.2
2.5625	-0.2
2.5625	-0.2
2.625	-0.2
2.625	-0.2
2.6875	-0.2
2.6875	-0.2
2.75	-0.2
2.75	-0.2
2.8125	-0.2
2.8125	-0.2
2.875	-0.2
2.875	-0.2
2.9375	-0.2
2.9375	-0.2
3	-0.2
3	-0.2
3.0625	-0.2
3.0625	-0.2
3.125	-0.2
3.125	-0.2
3.1875	-0.2
3.1875	-0.2
3.25	-0.2
3.25	-0.2
3.3125	-0.2
3.3125	-0.2
3.375	-0.2
3.375	-0.2
3.4375	-0.2
3.4375	-0.2
3.5	-0.2
3.5	-0.2
3.5625	-0.2
3.5625	-0.2
3.625	-0.2
3.625	-0.2
3.6875	-0.2
3.6875	-0.2
3.75	-0.2
3.75	-0.2
3.8125	-0.2
3.8125	-0.2
3.875	-0.2
3.875	-0.2
3.9375	-0.2
3.9375	-0.2
4	-0.2
4	-0.2
4.0625	-0.2
4.0625	-0.2
4.125	-0.2
4.125	-0.2
4.1875	-0.2
4.1875	-0.2
4.25	-0.2
4.25	-0.2
4.3125	-0.2
4.3125	-0.2
4.375	-0.2
4.375	-0.2
4.4375	-0.2
4.4375	-0.2
4.5	-0.2
4.5	-0.2
4.5625	-0.2
4.5625	-0.2
4.625	-0.2
4.625	-0.2
4.6875	-0.2
4.6875	-0.2
4.75	-0.2
4.75	-0.2
4.8125	-0.2
4.8125	-0.2
4.875	-0.2
4.875	-0.2
4.9375	-0.2
4.9375	-0.2
5	-0.2
5	-0.2
5.0625	-0.2
5.0625	-0.2
5.125	-0.2
5.125	-0.2
5.1875	-0.2
5.1875	-0.2
5.25	-0.2
5.25	-0.2
5.3125	-0.2
5.3125	-0.2
5.375	-0.2
5.375	-0.2
5.4375	-0.2
5.4375	-0.2
5.5	-0.2
5.5	-0.2
5.5625	-0.2
5.5625	-0.2
5.625	-0.2
5.625	-0.2
5.6875	-0.2
5.6875	-0.2
5.75	-0.2
5.75	-0.2
5.8125	-0.2
5.8125	-0.2
5.875	-0.2
5.875	-0.2
5.9375	-0.2
5.9375	-0.2
6	-0.2
6	-0.2
6.0625	-0.2
6.0625	-0.2
6.125	-0.2
6.125	-0.2
6.1875	-0.2
6.1875	-0.2
6.25	-0.2
6.25	-0.2
6.3125	-0.2
6.3125	-0.2
6.375	-0.2
6.375	-0.2
6.4375	-0.2
6.4375	-0.2
6.5	-0.2
6.5	-0.2
6.5625	-0.2
6.5625	-0.2
6.625	-0.2
6.625	-0.2
6.6875	-0.2
6.6875	-0.2
6.75	-0.2
6.75	-0.2
6.8125	-0.2
6.8125	-0.2
6.875	-0.2
6.875	-0.2
6.9375	-0.2
6.9375	-0.2
7	-0.2
7	-0.2
7.0625	-0.2
7.0625	-0.2
7.125	-0.2
7.125	-0.2
7.1875	-0.2
7.1875	-0.2
7.25	-0.2
7.25	-0.2
7.3125	-0.2
7.3125	-0.2
7.375	-0.2
7.375	-0.2
7.4375	-0.2
7.4375	-0.2
7.5	-0.2
7.5	-0.2
7.5625	-0.2
7.5625	-0.2
7.625	-0.2
7.625	-0.2
7.6875	-0.2
7.6875	-0.2
7.75	-0.2
7.75	-0.2
7.8125	-0.2
7.8125	-0.2
7.875	-0.2
7.875	-0.2
7.9375	-0.2
7.9375	-0.2
8	-0.2
8	-0.2
8.0625	-0.1876953125
8.0625	-0.1876953125
8.125	-0.17578125
8.125	-0.17578125
8.1875	-0.1642578125
8.1875	-0.1642578125
8.25	-0.153125
8.25	-0.153125
8.3125	-0.1423828125
8.3125	-0.1423828125
8.375	-0.13203125
8.375	-0.13203125
8.4375	-0.1220703125
8.4375	-0.1220703125
8.5	-0.1125
8.5	-0.1125
8.5625	-0.1033203125
8.5625	-0.1033203125
8.625	-0.09453125
8.625	-0.09453125
8.6875	-0.0861328125
8.6875	-0.0861328125
8.75	-0.078125
8.75	-0.078125
8.8125	-0.0705078125
8.8125	-0.0705078125
8.875	-0.06328125
8.875	-0.06328125
8.9375	-0.0564453125
8.9375	-0.0564453125
9	-0.05
9	-0.05
9.0625	-0.0439453125
9.0625	-0.0439453125
9.125	-0.03828125
9.125	-0.03828125
9.1875	-0.0330078125
9.1875	-0.0330078125
9.25	-0.028125
9.25	-0.028125
9.3125	-0.0236328125
9.3125	-0.0236328125
9.375	-0.01953125
9.375	-0.01953125
9.4375	-0.0158203125
9.4375	-0.0158203125
9.5	-0.0125
9.5	-0.0125
9.5625	-0.0095703125
9.5625	-0.0095703125
9.625	-0.00703125
9.625	-0.00703125
9.6875	-0.0048828125
9.6875	-0.0048828125
9.75	-0.003125
9.75	-0.003125
9.8125	-0.0017578125
9.8125	-0.0017578125
9.875	-0.00078125
9.875	-0.00078125
9.9375	-0.0001953125
9.9375	-0.0001953125
10	0
10	0
10.0625	-0.0001953125
10.0625	-0.0001953125
10.125	-0.00078125
10.125	-0.00078125
10.1875	-0.0017578125
10.1875	-0.0017578125
10.25	-0.003125
10.25	-0.003125
10.3125	-0.0048828125
10.3125	-0.0048828125
10.375	-0.00703125
10.375	-0.00703125
10.4375	-0.0095703125
10.4375	-0.0095703125
10.5	-0.0125
10.5	-0.0125
10.5625	-0.0158203125
10.5625	-0.0158203125
10.625	-0.01953125
10.625	-0.01953125
10.6875	-0.0236328125
10.6875	-0.0236328125
10.75	-0.028125
10.75	-0.028125
10.8125	-0.0330078125
10.8125	-0.0330078125
10.875	-0.03828125
10.875	-0.03828125
10.9375	-0.0439453125
10.9375	-0.0439453125
11	-0.05
11	-0.05
11.0625	-0.0564453125
11.0625	-0.0564453125
11.125	-0.06328125
11.125	-0.06328125
11.1875	-0.0705078125
11.1875	-0.0705078125
11.25	-0.078125
11.25	-0.078125
11.3125	-0.0861328125
11.3125	-0.0861328125
11.375	-0.09453125
11.375	-0.09453125
11.4375	-0.1033203125
11.4375	-0.1033203125
11.5	-0.1125
11.5	-0.1125
11.5625	-0.1220703125
11.5625	-0.1220703125
11.625	-0.13203125
11.625	-0.13203125
11.6875	-0.1423828125
11.6875	-0.1423828125
11.75	-0.153125
11.75	-0.153125
11.8125	-0.1642578125
11.8125	-0.1642578125
11.875	-0.17578125
11.875	-0.17578125
11.9375	-0.1876953125
11.9375	-0.1876953125
12	-0.2
12	-0.2
12.0625	-0.2
12.0625	-0.2
12.125	-0.2
12.125	-0.2
12.1875	-0.2
12.1875	-0.2
12.25	-0.2
12.25	-0.2
12.3125	-0.2
12.3125	-0.2
12.375	-0.2
12.375	-0.2
12.4375	-0.2
12.4375	-0.2
12.5	-0.2
12.5	-0.2
12.5625	-0.2
12.5625	-0.2
12.625	-0.2
12.625	-0.2
12.6875	-0.2
12.6875	-0.2
12.75	-0.2
12.75	-0.2
12.8125	-0.2
12.8125	-0.2
12.875	-0.2
12.875	-0.2
12.9375	-0.2
12.9375	-0.2
13	-0.2
13	-0.2
13.0625	-0.2
13.0625	-0.2
13.125	-0.2
13.125	-0.2
13.1875	-0.2
13.1875	-0.2
13.25	-0.2
13.25	-0.2
13.3125	-0.2
13.3125	-0.2
13.375	-0.2
13.375	-0.2
13.4375	-0.2
13.4375	-0.2
13.5	-0.2
13.5	-0.2
13.5625	-0.2
13.5625	-0.2
13.625	-0.2
13.625	-0.2
13.6875	-0.2
13.6875	-0.2
13.75	-0.2
13.75	-0.2
13.8125	-0.2
13.8125	-0.2
13.875	-0.2
13.875	-0.2
13.9375	-0.2
13.9375	-0.2
14	-0.2
14	-0.2
14.0625	-0.2
14.0625	-0.2
14.125	-0.2
14.125	-0.2
14.1875	-0.2
14.1875	-0.2
14.25	-0.2
14.25	-0.2
14.3125	-0.2
14.3125	-0.2
14.375	-0.2
14.375	-0.2
14.4375	-0.2
14.4375	-0.2
14.5	-0.2
14.5	-0.2
14.5625	-0.2
14.5625	-0.2
14.625	-0.2
14.625	-0.2
14.6875	-0.2
14.6875	-0.2
14.75	-0.2
14.75	-0.2
14.8125	-0.2
14.8125	-0.2
14.875	-0.2
14.875	-0.2
14.9375	-0.2
14.9375	-0.2
15	-0.2
15	-0.2
15.0625	-0.2
15.0625	-0.2
15.125	-0.2
15.125	-0.2
15.1875	-0.2
15.1875	-0.2
15.25	-0.2
15.25	-0.2
15.3125	-0.2
15.3125	-0.2
15.375	-0.2
15.375	-0.2
15.4375	-0.2
15.4375	-0.2
15.5	-0.2
15.5	-0.2
15.5625	-0.2
15.5625	-0.2
15.625	-0.2
15.625	-0.2
15.6875	-0.2
15.6875	-0.2
15.75	-0.2
15.75	-0.2
15.8125	-0.2
15.8125	-0.2
15.875	-0.2
15.875	-0.2
15.9375	-0.2
15.9375	-0.2
16	-0.2
16	-0.2
16.0625	-0.2
16.0625	-0.2
16.125	-0.2
16.125	-0.2
16.1875	-0.2
16.1875	-0.2
16.25	-0.2
16.25	-0.2
16.3125	-0.2
16.3125	-0.2
16.375	-0.2
16.375	-0.2
16.4375	-0.2
16.4375	-0.2
16.5	-0.2
16.5	-0.2
16.5625	-0.2
16.5625	-0.2
16.625	-0.2
16.625	-0.2
16.6875	-0.2
16.6875	-0.2
16.75	-0.2
16.75	-0.2
16.8125	-0.2
16.8125	-0.2
16.875	-0.2
16.875	-0.2
16.9375	-0.2
16.9375	-0.2
17	-0.2
17	-0.2
17.0625	-0.2
17.0625	-0.2
17.125	-0.2
17.125	-0.2
17.1875	-0.2
17.1875	-0.2
17.25	-0.2
17.25	-0.2
17.3125	-0.2
17.3125	-0.2
17.375	-0.2
17.375	-0.2
17.4375	-0.2
17.4375	-0.2
17.5	-0.2
17.5	-0.2
17.5625	-0.2
17.5625	-0.2
17.625	-0.2
17.625	-0.2
17.6875	-0.2
17.6875	-0.2
17.75	-0.2
17.75	-0.2
17.8125	-0.2
17.8125	-0.2
17.875	-0.2
17.875	-0.2
17.9375	-0.2
17.9375	-0.2
18	-0.2
18	-0.2
18.0625	-0.2
18.0625	-0.2
18.125	-0.2
18.125	-0.2
18.1875	-0.2
18.1875	-0.2
18.25	-0.2
18.25	-0.2
18.3125	-0.2
18.3125	-0.2
18.375	-0.2
18.375	-0.2
18.4375	-0.2
18.4375	-0.2
18.5	-0.2
18.5	-0.2
18.5625	-0.2
18.5625	-0.2
18.625	-0.2
18.625	-0.2
18.6875	-0.2
18.6875	-0.2
18.75	-0.2
18.75	-0.2
18.8125	-0.2
18.8125	-0.2
18.875	-0.2
18.875	-0.2
18.9375	-0.2
18.9375	-0.2
19	-0.2
19	-0.2
19.0625	-0.2
19.0625	-0.2
19.125	-0.2
19.125	-0.2
19.1875	-0.2
19.1875	-0.2
19.25	-0.2
19.25	-0.2
19.3125	-0.2
19.3125	-0.2
19.375	-0.2
19.375	-0.2
19.4375	-0.2
19.4375	-0.2
19.5	-0.2
19.5	-0.2
19.5625	-0.2
19.5625	-0.2
19.625	-0.2
19.625	-0.2
19.6875	-0.2
19.6875	-0.2
19.75	-0.2
19.75	-0.2
19.8125	-0.2
19.8125	-0.2
19.875	-0.2
19.875	-0.2
19.9375	-0.2
19.9375	-0.2
20	-0.2
0	0
0.0625	0
0.0625	0
0.125	0
0.125	0
0.1875	0
0.1875	0
0.25	0
0.25	0
0.3125	0
0.3125	0
0.375	0
0.375	0
0.4375	0
0.4375	0
0.5	0
0.5	0
0.5625	0
0.5625	0
0.625	0
0.625	0
0.6875	0
0.6875	0
0.75	0
0.75	0
0.8125	0
0.8125	0
0.875	0
0.875	0
0.9375	0
0.9375	0
1	0
1	0
1.0625	0
1.0625	0
1.125	0
1.125	0
1.1875	0
1.1875	0
1.25	0
1.25	0
1.3125	0
1.3125	0
1.375	0
1.375	0
1.4375	0
1.4375	0
1.5	0
1.5	0
1.5625	0
1.5625	0
1.625	0
1.625	0
1.6875	0
1.6875	0
1.75	0
1.75	0
1.8125	0
1.8125	0
1.875	0
1.875	0
1.9375	0
1.9375	0
2	0
2	0
2.0625	0
2.0625	0
2.125	0
2.125	0
2.1875	0
2.1875	0
2.25	0
2.25	0
2.3125	0
2.3125	0
2.375	0
2.375	0
2.4375	0
2.4375	0
2.5	0
2.5	0
2.5625	0
2.5625	0
2.625	0
2.625	0
2.6875	0
2.6875	0
2.75	0
2.75	0
2.8125	0
2.8125	0
2.875	0
2.875	0
2.9375	0
2.9375	0
3	0
3	0
3.0625	0
3.0625	0
3.125	0
3.125	0
3.1875	0
3.1875	0
3.25	0
3.25	0
3.3125	0
3.3125	0
3.375	0
3.375	0
3.4375	0
3.4375	0
3.5	0
3.5	0
3.5625	0
3.5625	0
3.625	0
3.625	0
3.6875	0
3.6875	0
3.75	0
3.75	0
3.8125	0
3.8125	0
3.875	0
3.875	0
3.9375	0
3.9375	0
4	0
4	0
4.0625	0
4.0625	0
4.125	0
4.125	0
4.1875	0
4.1875	0
4.25	0
4.25	0
4.3125	0
4.3125	0
4.375	0
4.375	0
4.4375	0
4.4375	0
4.5	0
4.5	0
4.5625	0
4.5625	0
4.625	0
4.625	0
4.6875	0
4.6875	0
4.75	0
4.75	0
4.8125	0
4.8125	0
4.875	0
4.875	0
4.9375	0
4.9375	0
5	0
5	0
5.0625	0
5.0625	0
5.125	0
5.125	0
5.1875	0
5.1875	0
5.25	0
5.25	0
5.3125	0
5.3125	0
5.375	0
5.375	0
5.4375	0
5.4375	0
5.5	0
5.5	0
5.5625	0
5.5625	0
5.625	0
5.625	0
5.6875	0
5.6875	0
5.75	0
5.75	0
5.8125	0
5.8125	0
5.875	0
5.875	0
5.9375	0
5.9375	0
6	0
6	0
6.0625	0
6.0625	0
6.125	0
6.125	0
6.1875	0
6.1875	0
6.25	0
6.25	0
6.3125	0
6.3125	0
6.375	0
6.375	0
6.4375	0
6.4375	0
6.5	0
6.5	0
6.5625	0
6.5625	0
6.625	0
6.625	0
6.6875	0
6.6875	0
6.75	0
6.75	0
6.8125	0
6.8125	0
6.875	0
6.875	0
6.9375	0
6.9375	0
7	0
7	0
7.0625	0
7.0625	0
7.125	0
7.125	0
7.1875	0
7.1875	0
7.25	0
7.25	0
7.3125	0
7.3125	0
7.375	0
7.375	0
7.4375	0
7.4375	0
7.5	0
7.5	0
7.5625	0
7.5625	0
7.625	0
7.625	0
7.6875	0
7.6875	0
7.75	0
7.75	0
7.8125	0
7.8125	0
7.875	0
7.875	0
7.9375	0
7.9375	0
8	0
8	0.0123046875
8.0625	0.0123046875
8.0625	0.0119140625
8.125	0.0119140625
8.125	0.0115234375
8.1875	0.0115234375
8.1875	0.0111328125
8.25	0.0111328125
8.25	0.0107421875
8.3125	0.0107421875
8.3125	0.0103515625
8.375	0.0103515625
8.375	0.00996093750000002
8.4375	0.00996093750000002
8.4375	0.0095703125
8.5	0.0095703125
8.5	0.00917968749999999
8.5625	0.00917968749999999
8.5625	0.0087890625
8.625	0.0087890625
8.625	0.00839843750000001
8.6875	0.00839843750000001
8.6875	0.0080078125
8.75	0.0080078125
8.75	0.0076171875
8.8125	0.0076171875
8.8125	0.00722656250000001
8.875	0.00722656250000001
8.875	0.00683593749999999
8.9375	0.00683593749999999
8.9375	0.0064453125
9	0.0064453125
9	0.0060546875
9.0625	0.0060546875
9.0625	0.0056640625
9.125	0.0056640625
9.125	0.0052734375
9.1875	0.0052734375
9.1875	0.0048828125
9.25	0.0048828125
9.25	0.0044921875
9.3125	0.0044921875
9.3125	0.0041015625
9.375	0.0041015625
9.375	0.0037109375
9.4375	0.0037109375
9.4375	0.0033203125
9.5	0.0033203125
9.5	0.0029296875
9.5625	0.0029296875
9.5625	0.0025390625
9.625	0.0025390625
9.625	0.0021484375
9.6875	0.0021484375
9.6875	0.0017578125
9.75	0.0017578125
9.75	0.0013671875
9.8125	0.0013671875
9.8125	0.0009765625
9.875	0.0009765625
9.875	0.0005859375
9.9375	0.0005859375
9.9375	0.0001953125
10	0.0001953125
10	-0.0001953125
10.0625	-0.0001953125
10.0625	-0.0005859375
10.125	-0.0005859375
10.125	-0.0009765625
10.1875	-0.0009765625
10.1875	-0.0013671875
10.25	-0.0013671875
10.25	-0.0017578125
10.3125	-0.0017578125
10.3125	-0.0021484375
10.375	-0.0021484375
10.375	-0.0025390625
10.4375	-0.0025390625
10.4375	-0.0029296875
10.5	-0.0029296875
10.5	-0.0033203125
10.5625	-0.0033203125
10.5625	-0.0037109375
10.625	-0.0037109375
10.625	-0.0041015625
10.6875	-0.0041015625
10.6875	-0.0044921875
10.75	-0.0044921875
10.75	-0.0048828125
10.8125	-0.0048828125
10.8125	-0.0052734375
10.875	-0.0052734375
10.875	-0.0056640625
10.9375	-0.0056640625
10.9375	-0.0060546875
11	-0.0060546875
11	-0.0064453125
11.0625	-0.0064453125
11.0625	-0.00683593749999999
11.125	-0.00683593749999999
11.125	-0.00722656250000001
11.1875	-0.00722656250000001
11.1875	-0.0076171875
11.25	-0.0076171875
11.25	-0.0080078125
11.3125	-0.0080078125
11.3125	-0.00839843750000001
11.375	-0.00839843750000001
11.375	-0.0087890625
11.4375	-0.0087890625
11.4375	-0.00917968749999999
11.5	-0.00917968749999999
11.5	-0.0095703125
11.5625	-0.0095703125
11.5625	-0.00996093750000002
11.625	-0.00996093750000002
11.625	-0.0103515625
11.6875	-0.0103515625
11.6875	-0.0107421875
11.75	-0.0107421875
11.75	-0.0111328125
11.8125	-0.0111328125
11.8125	-0.0115234375
11.875	-0.0115234375
11.875	-0.0119140625
11.9375	-0.0119140625
11.9375	-0.0123046875
12	-0.0123046875
12	0
12.0625	0
12.0625	0
12.125	0
12.125	0
12.1875	0
12.1875	0
12.25	0
12.25	0
12.3125	0
12.3125	0
12.375	0
12.375	0
12.4375	0
12.4375	0
12.5	0
12.5	0
12.5625	0
12.5625	0
12.625	0
12.625	0
12.6875	0
12.6875	0
12.75	0
12.75	0
12.8125	0
12.8125	0
12.875	0
12.875	0
12.9375	0
12.9375	0
13	0
13	0
13.0625	0
13.0625	0
13.125	0
13.125	0
13.1875	0
13.1875	0
13.25	0
13.25	0
13.3125	0
13.3125	0
13.375	0
13.375	0
13.4375	0
13.4375	0
13.5	0
13.5	0
13.5625	0
13.5625	0
13.625	0
13.625	0
13.6875	0
13.6875	0
13.75	0
13.75	0
13.8125	0
13.8125	0
13.875	0
13.875	0
13.9375	0
13.9375	0
14	0
14	0
14.0625	0
14.0625	0
14.125	0
14.125	0
14.1875	0
14.1875	0
14.25	0
14.25	0
14.3125	0
14.3125	0
14.375	0
14.375	0
14.4375	0
14.4375	0
14.5	0
14.5	0
14.5625	0
14.5625	0
14.625	0
14.625	0
14.6875	0
14.6875	0
14.75	0
14.75	0
14.8125	0
14.8125	0
14.875	0
14.875	0
14.9375	0
14.9375	0
15	0
15	0
15.0625	0
15.0625	0
15.125	0
15.125	0
15.1875	0
15.1875	0
15.25	0
15.25	0
15.3125	0
15.3125	0
15.375	0
15.375	0
15.4375	0
15.4375	0
15.5	0
15.5	0
15.5625	0
15.5625	0
15.625	0
15.625	0
15.6875	0
15.6875	0
15.75	0
15.75	0
15.8125	0
15.8125	0
15.875	0
15.875	0
15.9375	0
15.9375	0
16	0
16	0
16.0625	0
16.0625	0
16.125	0
16.125	0
16.1875	0
16.1875	0
16.25	0
16.25	0
16.3125	0
16.3125	0
16.375	0
16.375	0
16.4375	0
16.4375	0
16.5	0
16.5	0
16.5625	0
16.5625	0
16.625	0
16.625	0
16.6875	0
16.6875	0
16.75	0
16.75	0
16.8125	0
16.8125	0
16.875	0
16.875	0
16.9375	0
16.9375	0
17	0
17	0
17.0625	0
17.0625	0
17.125	0
17.125	0
17.1875	0
17.1875	0
17.25	0
17.25	0
17.3125	0
17.3125	0
17.375	0
17.375	0
17.4375	0
17.4375	0
17.5	0
17.5	0
17.5625	0
17.5625	0
17.625	0
17.625	0
17.6875	0
17.6875	0
17.75	0
17.75	0
17.8125	0
17.8125	0
17.875	0
17.875	0
17.9375	0
17.9375	0
18	0
18	0
18.0625	0
18.0625	0
18.125	0
18.125	0
18.1875	0
18.1875	0
18.25	0
18.25	0
18.3125	0
18.3125	0
18.375	0
18.375	0
18.4375	0
18.4375	0
18.5	0
18.5	0
18.5625	0
18.5625	0
18.625	0
18.625	0
18.6875	0
18.6875	0
18.75	0
18.75	0
18.8125	0
18.8125	0
18.875	0
18.875	0
18.9375	0
18.9375	0
19	0
19	0
19.0625	0
19.0625	0
19.125	0
19.125	0
19.1875	0
19.1875	0
19.25	0
19.25	0
19.3125	0
19.3125	0
19.375	0
19.375	0
19.4375	0
19.4375	0
19.5	0
19.5	0
19.5625	0
19.5625	0
19.625	0
19.625	0
19.6875	0
19.6875	0
19.75	0
19.75	0
19.8125	0
19.8125	0
19.875	0
19.875	0
19.9375	0
19.9375	0
20	0
