3	1
160
0	0.400018186937898
0.25	0.400009094979588
0.25	0.400015156211439
0.5	0.400012125770006
0.5	0.40001414605952
0.75	0.400013135938056
0.75	0.400013809353708
1	0.400013472649865
1	0.400013697119584
1.25	0.400013584884271
1.25	0.40001365970676
1.5	0.400013622292482
1.5	0.400013647232774
1.75	0.400013634757425
1.75	0.400013643070391
2	0.400013638906788
2	0.400013641677368
2.25	0.400013640283281
2.25	0.400013641206453
2.5	0.400013640734635
2.5	0.400013641042059
2.75	0.400013640876925
2.75	0.400013640979153
3	0.400013640915671
3	0.400013640949554
3.25	0.400013640919539
3.25	0.400013640930694
3.5	0.400013640911574
3.5	0.400013640915205
3.75	0.400013640899606
3.75	0.400013640900779
4	0.400013640886389
4	0.400013640886791
4.25	0.400013640872973
4.25	0.400013640873162
4.5	0.400013640859831
4.5	0.400013640859992
4.75	0.400013640847236
4.75	0.400013640847426
5	0.400013640835378
5	0.400013640835613
5.25	0.400013640824413
5.25	0.400013640824694
5.5	0.400013640814471
5.5	0.400013640814795
5.75	0.400013640805661
5.75	0.400013640806023
6	0.400013640798075
6	0.400013640798468
6.25	0.400013640791784
6.25	0.400013640792203
6.5	0.400013640786844
6.5	0.400013640787284
6.75	0.400013640783293
6.75	0.400013640783747
7	0.400013640781152
7	0.400013640781616
7.25	0.400013640780428
7.25	0.400013640780895
7.5	0.400013640781111
7.5	0.400013640781577
7.75	0.400013640783179
7.75	0.400013640783639
8	0.400013640786596
8	0.400097552919963
8.25	0.35081602528739
8.25	0.350813538195164
8.5	0.30707997233141
8.5	0.307010760895873
8.75	0.26860814204152
8.75	0.268450717858533
9	0.235167048753115
9	0.234862866820718
9.25	0.206538912794838
9.25	0.205976941610016
9.5	0.182666285179856
9.5	0.181652641082271
9.75	0.16420086692905
9.75	0.162545435287509
10	0.154996139553495
10	0.153929810862862
10.25	0.163455038385791
10.25	0.162936443523584
10.5	0.182634279365676
10.5	0.181717963261
10.75	0.206710160867539
10.75	0.205908396266343
11	0.235340615634138
11	0.234761805321455
11.25	0.268741917347457
11.25	0.268350101662072
11.5	0.307177768233074
11.5	0.30691876652824
11.75	0.350897807443806
11.75	0.350727955629081
12	0.400118540620625
12	0.399939759051743
12.25	0.40002905328765
12.25	0.399969534006289
12.5	0.399999282942127
12.5	0.39997945144939
12.75	0.399989366003784
12.75	0.399982756424144
13	0.399986061077769
13	0.399983857986516
13.25	0.399984959512988
13.25	0.399984225160567
13.5	0.39998459233044
13.5	0.39998434754757
13.75	0.399984469933949
13.75	0.399984388339821
14	0.399984429131875
14	0.399984401933878
14.25	0.399984415527811
14.25	0.399984406461852
14.5	0.399984410989737
14.5	0.399984407967795
14.75	0.399984409473678
14.75	0.399984408466413
15	0.399984408964998
15	0.399984408629298
15.25	0.399984408792171
15.25	0.399984408680329
15.5	0.399984408731372
15.5	0.399984408694152
15.75	0.399984408708007
15.75	0.399984408695662
16	0.399984408697226
16	0.399984408693173
16.25	0.399984408690754
16.25	0.399984408689465
16.5	0.399984408685845
16.5	0.399984408685475
16.75	0.399984408681589
16.75	0.399984408681525
17	0.399984408677693
17	0.399984408677727
17.25	0.399984408674063
17.25	0.399984408674127
17.5	0.399984408670673
17.5	0.399984408670744
17.75	0.399984408667519
17.75	0.399984408667587
18	0.3999844086646
18	0.399984408664663
18.25	0.399984408661921
18.25	0.399984408661977
18.5	0.399984408659484
18.5	0.399984408659532
18.75	0.39998440865729
18.75	0.39998440865733
19	0.399984408655342
19	0.399984408655373
19.25	0.399984408653638
19.25	0.39998440865366
19.5	0.399984408652181
19.5	0.399984408652193
19.75	0.399984408650967
19.75	0.39998440865097
20	0.399984408649997
0	0.158451176984479
0.25	0.158465586115225
0.25	0.158455980194122
0.5	0.158460782880031
0.5	0.158457581102468
0.75	0.158459181954545
0.75	0.158458114718308
1	0.158458648330139
1	0.158458292588209
1.25	0.158458470459896
1.25	0.158458351880449
1.5	0.158458411174981
1.5	0.158458371649351
1.75	0.158458391420414
1.75	0.158458378245941
2	0.158458384844463
2	0.158458380453619
2.25	0.158458382662984
2.25	0.158458381199932
2.5	0.158458381947675
2.5	0.158458381460468
2.75	0.158458381722176
2.75	0.158458381560164
3	0.158458381660774
3	0.158458381607075
3.25	0.158458381654646
3.25	0.158458381636967
3.5	0.158458381667272
3.5	0.158458381661517
3.75	0.158458381686241
3.75	0.158458381684382
4	0.158458381707191
4	0.158458381706554
4.25	0.158458381728457
4.25	0.158458381728156
4.5	0.158458381749287
4.5	0.158458381749032
4.75	0.158458381769253
4.75	0.158458381768952
5	0.158458381788049
5	0.158458381787677
5.25	0.158458381805431
5.25	0.158458381804986
5.5	0.158458381821191
5.5	0.158458381820678
5.75	0.158458381835157
5.75	0.158458381834585
6	0.158458381847185
6	0.158458381846562
6.25	0.15845838185716
6.25	0.158458381856495
6.5	0.158458381864993
6.5	0.158458381864296
6.75	0.158458381870625
6.75	0.158458381869905
7	0.158458381874023
7	0.158458381873288
7.25	0.158458381875175
7.25	0.158458381874435
7.5	0.158458381874098
7.5	0.158458381873359
7.75	0.158458381870825
7.75	0.158458381870096
8	0.158458381865414
8	0.158574726028947
8.25	0.158342037693502
8.25	0.158646075496267
8.5	0.158270688207569
8.5	0.158708726430942
8.75	0.158208037246793
8.75	0.15877285116788
9	0.158143912473301
9	0.158835581121518
9.25	0.158081182467646
9.25	0.158879031251554
9.5	0.158037732260986
9.5	0.158849962760462
9.75	0.158066800633182
9.75	0.158639276589258
10	0.15827748661909
10	0.158624613953983
10.25	0.158292149047094
10.25	0.158870861533656
10.5	0.158045901359855
10.5	0.158963430919681
10.75	0.157953331937044
10.75	0.158942328385909
11	0.157974434459895
11	0.158876359616461
11.25	0.158040403228344
11.25	0.158800856711278
11.5	0.158115906136786
11.5	0.158730703587741
11.75	0.158186059265465
11.75	0.158671052743409
12	0.158245710115697
12	0.158529142342564
12.25	0.15838762052272
12.25	0.158481954051515
12.5	0.158434808820297
12.5	0.158466237383342
12.75	0.158450525495236
12.75	0.158460999912637
13	0.158455762972757
13	0.158459254248645
13.25	0.158457508643443
13.25	0.158458672380278
13.5	0.158458090518214
13.5	0.1584584784281
13.75	0.158458284476357
13.75	0.158458413779402
14	0.15845834913045
14	0.158458392231438
14.25	0.158458370683118
14.25	0.158458385050099
14.5	0.15845837786837
14.5	0.158458382657339
14.75	0.158458380264166
14.75	0.158458381860452
15	0.158458381063142
15	0.158458381595191
15.25	0.158458381329497
15.25	0.158458381506791
15.5	0.158458381417957
15.5	0.158458381476992
15.75	0.158458381446762
15.75	0.158458381466371
16	0.158458381455328
16	0.15845838146179
16.25	0.158458381456801
16.25	0.158458381458877
16.5	0.158458381455576
16.5	0.158458381456187
16.75	0.158458381453131
16.75	0.158458381453252
17	0.158458381449978
17	0.158458381449934
17.25	0.15845838144631
17.25	0.15845838144621
17.5	0.158458381442215
17.5	0.158458381442098
17.75	0.158458381437751
17.75	0.158458381437628
18	0.158458381432965
18	0.158458381432842
18.25	0.158458381427904
18.25	0.158458381427783
18.5	0.158458381422618
18.5	0.1584583814225
18.75	0.15845838141716
18.75	0.158458381417047
19	0.158458381411582
19	0.158458381411473
19.25	0.158458381405938
19.25	0.158458381405834
19.5	0.158458381400284
19.5	0.158458381400186
19.75	0.158458381394678
19.75	0.158458381394585
20	0.158458381389178
0	-0.2
0.25	-0.2
0.25	-0.2
0.5	-0.2
0.5	-0.2
0.75	-0.2
0.75	-0.2
1	-0.2
1	-0.2
1.25	-0.2
1.25	-0.2
1.5	-0.2
1.5	-0.2
1.75	-0.2
1.75	-0.2
2	-0.2
2	-0.2
2.25	-0.2
2.25	-0.2
2.5	-0.2
2.5	-0.2
2.75	-0.2
2.75	-0.2
3	-0.2
3	-0.2
3.25	-0.2
3.25	-0.2
3.5	-0.2
3.5	-0.2
3.75	-0.2
3.75	-0.2
4	-0.2
4	-0.2
4.25	-0.2
4.25	-0.2
4.5	-0.2
4.5	-0.2
4.75	-0.2
4.75	-0.2
5	-0.2
5	-0.2
5.25	-0.2
5.25	-0.2
5.5	-0.2
5.5	-0.2
5.75	-0.2
5.75	-0.2
6	-0.2
6	-0.2
6.25	-0.2
6.25	-0.2
6.5	-0.2
6.5	-0.2
6.75	-0.2
6.75	-0.2
7	-0.2
7	-0.2
7.25	-0.2
7.25	-0.2
7.5	-0.2
7.5	-0.2
7.75	-0.2
7.75	-0.2
8	-0.2
8	-0.2
8.25	-0.153125
8.25	-0.153125
8.5	-0.1125
8.5	-0.1125
8.75	-0.078125
8.75	-0.078125
9	-0.05
9	-0.05
9.25	-0.028125
9.25	-0.028125
9.5	-0.0125
9.5	-0.0125
9.75	-0.003125
9.75	-0.003125
10	0
10	0
10.25	-0.003125
10.25	-0.003125
10.5	-0.0125
10.5	-0.0125
10.75	-0.028125
10.75	-0.028125
11	-0.05
11	-0.05
11.25	-0.078125
11.25	-0.078125
11.5	-0.1125
11.5	-0.1125
11.75	-0.153125
11.75	-0.153125
12	-0.2
12	-0.2
12.25	-0.2
12.25	-0.2
12.5	-0.2
12.5	-0.2
12.75	-0.2
12.75	-0.2
13	-0.2
13	-0.2
13.25	-0.2
13.25	-0.2
13.5	-0.2
13.5	-0.2
13.75	-0.2
13.75	-0.2
14	-0.2
14	-0.2
14.25	-0.2
14.25	-0.2
14.5	-0.2
14.5	-0.2
14.75	-0.2
14.75	-0.2
15	-0.2
15	-0.2
15.25	-0.2
15.25	-0.2
15.5	-0.2
15.5	-0.2
15.75	-0.2
15.75	-0.2
16	-0.2
16	-0.2
16.25	-0.2
16.25	-0.2
16.5	-0.2
16.5	-0.2
16.75	-0.2
16.75	-0.2
17	-0.2
17	-0.2
17.25	-0.2
17.25	-0.2
17.5	-0.2
17.5	-0.2
17.75	-0.2
17.75	-0.2
18	-0.2
18	-0.2
18.25	-0.2
18.25	-0.2
18.5	-0.2
18.5	-0.2
18.75	-0.2
18.75	-0.2
19	-0.2
19	-0.2
19.25	-0.2
19.25	-0.2
19.5	-0.2
19.5	-0.2
19.75	-0.2
19.75	-0.2
20	-0.2
0	0
0.25	0
0.25	0
0.5	0
0.5	0
0.75	0
0.75	0
1	0
1	0
1.25	0
1.25	0
1.5	0
1.5	0
1.75	0
1.75	0
2	0
2	0
2.25	0
2.25	0
2.5	0
2.5	0
2.75	0
2.75	0
3	0
3	0
3.25	0
3.25	0
3.5	0
3.5	0
3.75	0
3.75	0
4	0
4	0
4.25	0
4.25	0
4.5	0
4.5	0
4.75	0
4.75	0
5	0
5	0
5.25	0
5.25	0
5.5	0
5.5	0
5.75	0
5.75	0
6	0
6	0
6.25	0
6.25	0
6.5	0
6.5	0
6.75	0
6.75	0
7	0
7	0
7.25	0
7.25	0
7.5	0
7.5	0
7.75	0
7.75	0
8	0
8	0.0234375
8.25	0.0234375
8.25	0.0203125
8.5	0.0203125
8.5	0.0171875
8.75	0.0171875
8.75	0.0140625
9	0.0140625
9	0.0109375
9.25	0.0109375
9.25	0.0078125
9.5	0.0078125
9.5	0.0046875
9.75	0.0046875
9.75	0.0015625
10	0.0015625
10	-0.0015625
10.25	-0.0015625
10.25	-0.0046875
10.5	-0.0046875
10.5	-0.0078125
10.75	-0.0078125
10.75	-0.0109375
11	-0.0109375
11	-0.0140625
11.25	-0.0140625
11.25	-0.0171875
11.5	-0.0171875
11.5	-0.0203125
11.75	-0.0203125
11.75	-0.0234375
12	-0.0234375
12	0
12.25	0
12.25	0
12.5	0
12.5	0
12.75	0
12.75	0
13	0
13	0
13.25	0
13.25	0
13.5	0
13.5	0
13.75	0
13.75	0
14	0
14	0
14.25	0
14.25	0
14.5	0
14.5	0
14.75	0
14.75	0
15	0
15	0
15.25	0
15.25	0
15.5	0
15.5	0
15.75	0
15.75	0
16	0
16	0
16.25	0
16.25	0
16.5	0
16.5	0
16.75	0
16.75	0
17	0
17	0
17.25	0
17.25	0
17.5	0
17.5	0
17.75	0
17.75	0
18	0
18	0
18.25	0
18.25	0
18.5	0
18.5	0
18.75	0
18.75	0
19	0
19	0
19.25	0
19.25	0
19.5	0
19.5	0
19.75	0
19.75	0
20	0
