swe.80
1.1
0
81
0
1.25
2.5
3.75
5
6.25
7.5
8.75
10
11.25
12.5
13.75
15
16.25
17.5
18.75
20
21.25
22.5
23.75
25
26.25
27.5
28.75
30
31.25
32.5
33.75
35
36.25
37.5
38.75
40
41.25
42.5
43.75
45
46.25
47.5
48.75
50
51.25
52.5
53.75
55
56.25
57.5
58.75
60
61.25
62.5
63.75
65
66.25
67.5
68.75
70
71.25
72.5
73.75
75
76.25
77.5
78.75
80
81.25
82.5
83.75
85
86.25
87.5
88.75
90
91.25
92.5
93.75
95
96.25
97.5
98.75
100
80
1	2
2	3
3	4
4	5
5	6
6	7
7	8
8	9
9	10
10	11
11	12
12	13
13	14
14	15
15	16
16	17
17	18
18	19
19	20
20	21
21	22
22	23
23	24
24	25
25	26
26	27
27	28
28	29
29	30
30	31
31	32
32	33
33	34
34	35
35	36
36	37
37	38
38	39
39	40
40	41
41	42
42	43
43	44
44	45
45	46
46	47
47	48
48	49
49	50
50	51
51	52
52	53
53	54
54	55
55	56
56	57
57	58
58	59
59	60
60	61
61	62
62	63
63	64
64	65
65	66
66	67
67	68
68	69
69	70
70	71
71	72
72	73
73	74
74	75
75	76
76	77
77	78
78	79
79	80
80	81
2
1	2
81	2
