3	1
1280
0	nan
0	nan
0.15625	nan
0.3125	nan
0.3125	nan
0.46875	nan
0.46875	nan
0.625	nan
0.625	nan
0.78125	nan
0.78125	nan
0.9375	nan
0.9375	nan
1.09375	nan
1.09375	nan
1.25	nan
1.25	nan
1.40625	nan
1.40625	nan
1.5625	nan
1.5625	nan
1.71875	nan
1.71875	nan
1.875	nan
1.875	nan
2.03125	nan
2.03125	0.198926361742155
2.1875	0.201362074472895
2.1875	0.199101077125476
2.34375	0.200135768660855
2.34375	0.200202417653531
2.5	0.199971606135556
2.5	0.199954917568672
2.65625	0.200008664894852
2.65625	0.200009420333485
2.8125	0.199997660132628
2.8125	0.199998130282936
2.96875	0.200000576093321
2.96875	0.20000034878862
3.125	0.199999870375773
3.125	0.199999939576249
3.28125	0.200000026880168
3.28125	0.20000000955066
3.4375	0.199999994821802
3.4375	0.199999998673714
3.59375	0.200000000931524
3.59375	0.200000000144328
3.75	0.199999999843617
3.75	0.199999999994335
3.90625	0.200000000024221
3.90625	0.199999999996943
4.0625	0.199999999996656
4.0625	0.200000000001326
4.21875	0.200000000000369
4.21875	0.19999999999962
4.375	0.199999999999982
4.375	0.200000000000092
4.53125	0.199999999999993
4.53125	0.199999999999979
4.6875	0.200000000000003
4.6875	0.200000000000004
4.84375	0.199999999999999
4.84375	0.199999999999999
5	0.2
5	0.2
5.15625	0.2
5.15625	0.2
5.3125	0.2
5.3125	0.2
5.46875	0.2
5.46875	0.2
5.625	0.2
5.625	0.2
5.78125	0.2
5.78125	0.2
5.9375	0.2
5.9375	0.2
6.09375	0.2
6.09375	0.2
6.25	0.2
6.25	0.2
6.40625	0.2
6.40625	0.2
6.5625	0.2
6.5625	0.2
6.71875	0.2
6.71875	0.2
6.875	0.2
6.875	0.2
7.03125	0.2
7.03125	0.2
7.1875	0.2
7.1875	0.2
7.34375	0.2
7.34375	0.2
7.5	0.2
7.5	0.2
7.65625	0.2
7.65625	0.2
7.8125	0.2
7.8125	0.2
7.96875	0.2
7.96875	0.2
8.125	0.2
8.125	0.2
8.28125	0.2
8.28125	0.2
8.4375	0.2
8.4375	0.2
8.59375	0.2
8.59375	0.2
8.75	0.2
8.75	0.2
8.90625	0.2
8.90625	0.2
9.0625	0.2
9.0625	0.2
9.21875	0.2
9.21875	0.2
9.375	0.2
9.375	0.2
9.53125	0.2
9.53125	0.2
9.6875	0.2
9.6875	0.2
9.84375	0.2
9.84375	0.2
10	0.2
10	0.2
10.15625	0.2
10.15625	0.2
10.3125	0.2
10.3125	0.2
10.46875	0.2
10.46875	0.2
10.625	0.2
10.625	0.2
10.78125	0.2
10.78125	0.2
10.9375	0.2
10.9375	0.2
11.09375	0.2
11.09375	0.2
11.25	0.2
11.25	0.2
11.40625	0.2
11.40625	0.2
11.5625	0.2
11.5625	0.2
11.71875	0.2
11.71875	0.2
11.875	0.2
11.875	0.2
12.03125	0.2
12.03125	0.2
12.1875	0.2
12.1875	0.2
12.34375	0.2
12.34375	0.2
12.5	0.2
12.5	0.2
12.65625	0.2
12.65625	0.2
12.8125	0.2
12.8125	0.2
12.96875	0.2
12.96875	0.2
13.125	0.2
13.125	0.2
13.28125	0.2
13.28125	0.2
13.4375	0.2
13.4375	0.2
13.59375	0.2
13.59375	0.2
13.75	0.2
13.75	0.2
13.90625	0.2
13.90625	0.2
14.0625	0.2
14.0625	0.2
14.21875	0.2
14.21875	0.2
14.375	0.2
14.375	0.2
14.53125	0.2
14.53125	0.2
14.6875	0.2
14.6875	0.2
14.84375	0.2
14.84375	0.2
15	0.2
15	0.2
15.15625	0.2
15.15625	0.2
15.3125	0.2
15.3125	0.2
15.46875	0.2
15.46875	0.2
15.625	0.2
15.625	0.2
15.78125	0.2
15.78125	0.2
15.9375	0.2
15.9375	0.2
16.09375	0.2
16.09375	0.2
16.25	0.2
16.25	0.2
16.40625	0.2
16.40625	0.2
16.5625	0.2
16.5625	0.2
16.71875	0.2
16.71875	0.2
16.875	0.2
16.875	0.2
17.03125	0.2
17.03125	0.2
17.1875	0.2
17.1875	0.2
17.34375	0.2
17.34375	0.2
17.5	0.2
17.5	0.2
17.65625	0.2
17.65625	0.2
17.8125	0.2
17.8125	0.2
17.96875	0.2
17.96875	0.2
18.125	0.2
18.125	0.2
18.28125	0.2
18.28125	0.2
18.4375	0.2
18.4375	0.2
18.59375	0.2
18.59375	0.2
18.75	0.2
18.75	0.2
18.90625	0.2
18.90625	0.2
19.0625	0.2
19.0625	0.2
19.21875	0.2
19.21875	0.2
19.375	0.2
19.375	0.2
19.53125	0.2
19.53125	0.2
19.6875	0.2
19.6875	0.2
19.84375	0.2
19.84375	0.2
20	0.2
20	0.2
20.15625	0.2
20.15625	0.2
20.3125	0.2
20.3125	0.2
20.46875	0.2
20.46875	0.2
20.625	0.2
20.625	0.2
20.78125	0.2
20.78125	0.2
20.9375	0.2
20.9375	0.2
21.09375	0.2
21.09375	0.2
21.25	0.2
21.25	0.2
21.40625	0.2
21.40625	0.2
21.5625	0.2
21.5625	0.2
21.71875	0.2
21.71875	0.2
21.875	0.2
21.875	0.2
22.03125	0.2
22.03125	0.2
22.1875	0.2
22.1875	0.2
22.34375	0.2
22.34375	0.2
22.5	0.2
22.5	0.2
22.65625	0.2
22.65625	0.2
22.8125	0.2
22.8125	0.2
22.96875	0.2
22.96875	0.2
23.125	0.2
23.125	0.2
23.28125	0.2
23.28125	0.2
23.4375	0.2
23.4375	0.2
23.59375	0.2
23.59375	0.2
23.75	0.2
23.75	0.2
23.90625	0.2
23.90625	0.2
24.0625	0.2
24.0625	0.2
24.21875	0.2
24.21875	0.2
24.375	0.2
24.375	0.2
24.53125	0.2
24.53125	0.2
24.6875	0.2
24.6875	0.2
24.84375	0.2
24.84375	0.2
25	0.2
25	0.2
25.15625	0.2
25.15625	0.2
25.3125	0.2
25.3125	0.2
25.46875	0.2
25.46875	0.2
25.625	0.2
25.625	0.2
25.78125	0.2
25.78125	0.2
25.9375	0.2
25.9375	0.2
26.09375	0.2
26.09375	0.2
26.25	0.2
26.25	0.2
26.40625	0.2
26.40625	0.2
26.5625	0.2
26.5625	0.2
26.71875	0.2
26.71875	0.2
26.875	0.2
26.875	0.2
27.03125	0.2
27.03125	0.2
27.1875	0.2
27.1875	0.2
27.34375	0.2
27.34375	0.2
27.5	0.2
27.5	0.2
27.65625	0.2
27.65625	0.2
27.8125	0.2
27.8125	0.2
27.96875	0.2
27.96875	0.2
28.125	0.2
28.125	0.2
28.28125	0.2
28.28125	0.2
28.4375	0.2
28.4375	0.2
28.59375	0.2
28.59375	0.2
28.75	0.2
28.75	0.2
28.90625	0.2
28.90625	0.2
29.0625	0.2
29.0625	0.2
29.21875	0.2
29.21875	0.2
29.375	0.2
29.375	0.2
29.53125	0.2
29.53125	0.2
29.6875	0.2
29.6875	0.2
29.84375	0.2
29.84375	0.2
30	0.2
30	0.2
30.15625	0.2
30.15625	0.2
30.3125	0.2
30.3125	0.2
30.46875	0.2
30.46875	0.2
30.625	0.2
30.625	0.2
30.78125	0.2
30.78125	0.2
30.9375	0.2
30.9375	0.2
31.09375	0.2
31.09375	0.2
31.25	0.2
31.25	0.2
31.40625	0.2
31.40625	0.2
31.5625	0.2
31.5625	0.2
31.71875	0.2
31.71875	0.2
31.875	0.2
31.875	0.2
32.03125	0.2
32.03125	0.2
32.1875	0.2
32.1875	0.2
32.34375	0.2
32.34375	0.2
32.5	0.2
32.5	0.2
32.65625	0.2
32.65625	0.2
32.8125	0.2
32.8125	0.2
32.96875	0.2
32.96875	0.2
33.125	0.2
33.125	0.2
33.28125	0.2
33.28125	0.2
33.4375	0.2
33.4375	0.2
33.59375	0.2
33.59375	0.2
33.75	0.2
33.75	0.2
33.90625	0.2
33.90625	0.2
34.0625	0.2
34.0625	0.2
34.21875	0.2
34.21875	0.2
34.375	0.2
34.375	0.2
34.53125	0.2
34.53125	0.2
34.6875	0.2
34.6875	0.2
34.84375	0.2
34.84375	0.2
35	0.2
35	0.2
35.15625	0.2
35.15625	0.2
35.3125	0.200000000000001
35.3125	0.200000000000001
35.46875	0.199999999999995
35.46875	0.199999999999994
35.625	0.20000000000003
35.625	0.200000000000028
35.78125	0.199999999999817
35.78125	0.199999999999857
35.9375	0.200000000001073
35.9375	0.200000000000719
36.09375	0.199999999993748
36.09375	0.199999999996125
36.25	0.200000000036131
36.25	0.20000000002292
36.40625	0.199999999792927
36.40625	0.199999999852372
36.5625	0.200000001169661
36.5625	0.200000000989763
36.71875	0.199999993567222
36.71875	0.199999993432908
36.875	0.200000033764721
36.875	0.200000041416017
37.03125	0.199999836122567
37.03125	0.199999759925341
37.1875	0.200000695609337
37.1875	0.200001230229006
37.34375	0.199997730162085
37.34375	0.19999479055606
37.5	0.200003039640153
37.5	0.200015288721449
37.65625	0.200024623431594
37.65625	0.199993422342324
37.8125	0.19979665996158
37.8125	0.199786218394517
37.96875	0.200424193858287
37.96875	0.200791535710387
38.125	0.202774529690141
38.125	0.203032375941494
38.28125	0.205110652844801
38.28125	0.205162494043037
38.4375	0.20698800444804
38.4375	0.206939167335424
38.59375	0.207363215975627
38.59375	0.207301768510801
38.75	0.187365808291077
38.75	0.18729194051461
38.90625	0.169695078012815
38.90625	0.169624074085742
39.0625	0.154275380181016
39.0625	0.154185281251302
39.21875	0.141175839531737
39.21875	0.141208656683112
39.375	0.12998873232256
39.375	0.130270633572734
39.53125	0.120215069540836
39.53125	0.120207798517918
39.6875	0.11169442498411
39.6875	0.111383030549179
39.84375	0.105319298375409
39.84375	0.105036674599386
40	0.101526183603
40	0.101244937995111
40.15625	0.100150263270244
40.15625	0.0998627258390426
40.3125	0.101210429338937
40.3125	0.100922175917451
40.46875	0.1047087781817
40.46875	0.104451395431722
40.625	0.110703250100562
40.625	0.110376633037112
40.78125	0.11866897834973
40.78125	0.118449917473915
40.9375	0.131165519425887
40.9375	0.13168438508125
41.09375	0.148811042441295
41.09375	0.149009002152692
41.25	0.168808796329786
41.25	0.168825541757997
41.40625	0.191074793571976
41.40625	0.191010675762949
41.5625	0.193112565426229
41.5625	0.193058541281367
41.71875	0.194164534058035
41.71875	0.194104687080475
41.875	0.195355535875367
41.875	0.195299603746569
42.03125	0.196731073843425
42.03125	0.196708684621183
42.1875	0.198227500607248
42.1875	0.198380537709789
42.34375	0.199456884310801
42.34375	0.199716016305816
42.5	0.200021738518187
42.5	0.200119651393153
42.65625	0.20004149233854
42.65625	0.200021038609276
42.8125	0.199988818297802
42.8125	0.199986017431981
42.96875	0.19999890558197
42.96875	0.200002208672765
43.125	0.200001284075006
43.125	0.200000370159722
43.28125	0.199999585115004
43.28125	0.199999698301159
43.4375	0.200000071615487
43.4375	0.200000095189722
43.59375	0.19999999874939
43.59375	0.199999980513425
43.75	0.199999995691157
43.75	0.200000002290745
43.90625	0.200000001973004
43.90625	0.200000000182496
44.0625	0.199999999387325
44.0625	0.199999999791633
44.21875	0.200000000156786
44.21875	0.200000000079478
44.375	0.199999999964776
44.375	0.199999999976898
44.53125	0.20000000000712
44.53125	0.200000000005832
44.6875	0.199999999998694
44.6875	0.199999999998654
44.84375	0.200000000000215
44.84375	0.20000000000029
45	0.199999999999969
45	0.19999999999994
45.15625	0.200000000000003
45.15625	0.200000000000012
45.3125	0.2
45.3125	0.199999999999997
45.46875	0.2
45.46875	0.2
45.625	0.2
45.625	0.2
45.78125	0.2
45.78125	0.2
45.9375	0.2
45.9375	0.2
46.09375	0.2
46.09375	0.2
46.25	0.2
46.25	0.2
46.40625	0.2
46.40625	0.2
46.5625	0.2
46.5625	0.2
46.71875	0.2
46.71875	0.2
46.875	0.2
46.875	0.2
47.03125	0.2
47.03125	0.2
47.1875	0.2
47.1875	0.2
47.34375	0.2
47.34375	0.2
47.5	0.2
47.5	0.2
47.65625	0.2
47.65625	0.2
47.8125	0.2
47.8125	0.2
47.96875	0.2
47.96875	0.2
48.125	0.2
48.125	0.2
48.28125	0.2
48.28125	0.2
48.4375	0.2
48.4375	0.2
48.59375	0.2
48.59375	0.2
48.75	0.2
48.75	0.2
48.90625	0.2
48.90625	0.2
49.0625	0.2
49.0625	0.2
49.21875	0.2
49.21875	0.2
49.375	0.2
49.375	0.2
49.53125	0.2
49.53125	0.2
49.6875	0.2
49.6875	0.2
49.84375	0.2
49.84375	0.2
50	0.2
50	0.2
50.15625	0.2
50.15625	0.2
50.3125	0.2
50.3125	0.2
50.46875	0.2
50.46875	0.2
50.625	0.2
50.625	0.2
50.78125	0.2
50.78125	0.2
50.9375	0.2
50.9375	0.2
51.09375	0.2
51.09375	0.2
51.25	0.2
51.25	0.2
51.40625	0.2
51.40625	0.2
51.5625	0.2
51.5625	0.2
51.71875	0.2
51.71875	0.2
51.875	0.2
51.875	0.2
52.03125	0.2
52.03125	0.2
52.1875	0.2
52.1875	0.2
52.34375	0.2
52.34375	0.2
52.5	0.2
52.5	0.2
52.65625	0.2
52.65625	0.2
52.8125	0.2
52.8125	0.2
52.96875	0.2
52.96875	0.2
53.125	0.2
53.125	0.2
53.28125	0.2
53.28125	0.2
53.4375	0.2
53.4375	0.2
53.59375	0.2
53.59375	0.2
53.75	0.2
53.75	0.2
53.90625	0.2
53.90625	0.2
54.0625	0.2
54.0625	0.2
54.21875	0.2
54.21875	0.2
54.375	0.2
54.375	0.2
54.53125	0.2
54.53125	0.2
54.6875	0.2
54.6875	0.2
54.84375	0.2
54.84375	0.2
55	0.2
55	0.2
55.15625	0.2
55.15625	0.2
55.3125	0.2
55.3125	0.2
55.46875	0.2
55.46875	0.2
55.625	0.2
55.625	0.2
55.78125	0.2
55.78125	0.2
55.9375	0.2
55.9375	0.2
56.09375	0.2
56.09375	0.2
56.25	0.2
56.25	0.2
56.40625	0.2
56.40625	0.2
56.5625	0.2
56.5625	0.2
56.71875	0.2
56.71875	0.2
56.875	0.2
56.875	0.2
57.03125	0.2
57.03125	0.2
57.1875	0.2
57.1875	0.2
57.34375	0.2
57.34375	0.2
57.5	0.2
57.5	0.2
57.65625	0.2
57.65625	0.2
57.8125	0.2
57.8125	0.2
57.96875	0.2
57.96875	0.2
58.125	0.2
58.125	0.2
58.28125	0.2
58.28125	0.2
58.4375	0.2
58.4375	0.2
58.59375	0.2
58.59375	0.2
58.75	0.2
58.75	0.2
58.90625	0.2
58.90625	0.2
59.0625	0.2
59.0625	0.2
59.21875	0.2
59.21875	0.2
59.375	0.2
59.375	0.2
59.53125	0.2
59.53125	0.2
59.6875	0.2
59.6875	0.2
59.84375	0.2
59.84375	0.2
60	0.2
60	0.2
60.15625	0.2
60.15625	0.2
60.3125	0.2
60.3125	0.2
60.46875	0.2
60.46875	0.2
60.625	0.2
60.625	0.2
60.78125	0.2
60.78125	0.2
60.9375	0.2
60.9375	0.2
61.09375	0.2
61.09375	0.2
61.25	0.2
61.25	0.2
61.40625	0.2
61.40625	0.2
61.5625	0.2
61.5625	0.2
61.71875	0.2
61.71875	0.2
61.875	0.2
61.875	0.2
62.03125	0.2
62.03125	0.2
62.1875	0.2
62.1875	0.2
62.34375	0.2
62.34375	0.2
62.5	0.2
62.5	0.2
62.65625	0.2
62.65625	0.2
62.8125	0.2
62.8125	0.2
62.96875	0.2
62.96875	0.2
63.125	0.2
63.125	0.2
63.28125	0.2
63.28125	0.2
63.4375	0.2
63.4375	0.2
63.59375	0.2
63.59375	0.2
63.75	0.2
63.75	0.2
63.90625	0.2
63.90625	0.2
64.0625	0.2
64.0625	0.2
64.21875	0.2
64.21875	0.2
64.375	0.2
64.375	0.2
64.53125	0.2
64.53125	0.2
64.6875	0.2
64.6875	0.2
64.84375	0.2
64.84375	0.2
65	0.2
65	0.2
65.15625	0.2
65.15625	0.2
65.3125	0.2
65.3125	0.2
65.46875	0.2
65.46875	0.2
65.625	0.2
65.625	0.2
65.78125	0.2
65.78125	0.2
65.9375	0.2
65.9375	0.2
66.09375	0.2
66.09375	0.2
66.25	0.2
66.25	0.2
66.40625	0.2
66.40625	0.2
66.5625	0.2
66.5625	0.2
66.71875	0.2
66.71875	0.2
66.875	0.2
66.875	0.2
67.03125	0.2
67.03125	0.2
67.1875	0.2
67.1875	0.2
67.34375	0.2
67.34375	0.2
67.5	0.2
67.5	0.2
67.65625	0.2
67.65625	0.2
67.8125	0.2
67.8125	0.2
67.96875	0.2
67.96875	0.2
68.125	0.2
68.125	0.2
68.28125	0.2
68.28125	0.2
68.4375	0.2
68.4375	0.2
68.59375	0.2
68.59375	0.2
68.75	0.2
68.75	0.2
68.90625	0.2
68.90625	0.2
69.0625	0.2
69.0625	0.2
69.21875	0.2
69.21875	0.2
69.375	0.2
69.375	0.2
69.53125	0.2
69.53125	0.2
69.6875	0.2
69.6875	0.2
69.84375	0.2
69.84375	0.2
70	0.2
70	0.2
70.15625	0.2
70.15625	0.2
70.3125	0.2
70.3125	0.2
70.46875	0.2
70.46875	0.2
70.625	0.2
70.625	0.2
70.78125	0.2
70.78125	0.2
70.9375	0.2
70.9375	0.2
71.09375	0.2
71.09375	0.2
71.25	0.2
71.25	0.2
71.40625	0.2
71.40625	0.2
71.5625	0.2
71.5625	0.2
71.71875	0.2
71.71875	0.2
71.875	0.2
71.875	0.2
72.03125	0.2
72.03125	0.2
72.1875	0.2
72.1875	0.2
72.34375	0.2
72.34375	0.2
72.5	0.2
72.5	0.2
72.65625	0.2
72.65625	0.2
72.8125	0.2
72.8125	0.2
72.96875	0.2
72.96875	0.2
73.125	0.2
73.125	0.2
73.28125	0.2
73.28125	0.2
73.4375	0.2
73.4375	0.2
73.59375	0.2
73.59375	0.2
73.75	0.2
73.75	0.2
73.90625	0.2
73.90625	0.2
74.0625	0.2
74.0625	0.2
74.21875	0.2
74.21875	0.2
74.375	0.2
74.375	0.2
74.53125	0.2
74.53125	0.2
74.6875	0.2
74.6875	0.2
74.84375	0.2
74.84375	0.2
75	0.2
75	0.2
75.15625	0.2
75.15625	0.2
75.3125	0.2
75.3125	0.2
75.46875	0.2
75.46875	0.2
75.625	0.2
75.625	0.2
75.78125	0.2
75.78125	0.2
75.9375	0.2
75.9375	0.2
76.09375	0.2
76.09375	0.2
76.25	0.2
76.25	0.2
76.40625	0.2
76.40625	0.2
76.5625	0.2
76.5625	0.2
76.71875	0.2
76.71875	0.2
76.875	0.2
76.875	0.2
77.03125	0.2
77.03125	0.2
77.1875	0.2
77.1875	0.2
77.34375	0.2
77.34375	0.2
77.5	0.2
77.5	0.2
77.65625	0.2
77.65625	0.2
77.8125	0.2
77.8125	0.2
77.96875	0.2
77.96875	0.2
78.125	0.2
78.125	0.2
78.28125	0.2
78.28125	0.2
78.4375	0.2
78.4375	0.2
78.59375	0.2
78.59375	0.2
78.75	0.2
78.75	0.2
78.90625	0.2
78.90625	0.2
79.0625	0.2
79.0625	0.2
79.21875	0.2
79.21875	0.2
79.375	0.2
79.375	0.2
79.53125	0.2
79.53125	0.2
79.6875	0.2
79.6875	0.2
79.84375	0.2
79.84375	0.2
80	0.2
80	0.2
80.15625	0.2
80.15625	0.2
80.3125	0.2
80.3125	0.2
80.46875	0.2
80.46875	0.2
80.625	0.2
80.625	0.2
80.78125	0.2
80.78125	0.2
80.9375	0.2
80.9375	0.2
81.09375	0.2
81.09375	0.2
81.25	0.2
81.25	0.2
81.40625	0.2
81.40625	0.2
81.5625	0.2
81.5625	0.2
81.71875	0.2
81.71875	0.2
81.875	0.2
81.875	0.2
82.03125	0.2
82.03125	0.2
82.1875	0.2
82.1875	0.2
82.34375	0.2
82.34375	0.2
82.5	0.2
82.5	0.2
82.65625	0.2
82.65625	0.2
82.8125	0.2
82.8125	0.2
82.96875	0.2
82.96875	0.2
83.125	0.2
83.125	0.2
83.28125	0.2
83.28125	0.2
83.4375	0.2
83.4375	0.2
83.59375	0.2
83.59375	0.2
83.75	0.2
83.75	0.2
83.90625	0.2
83.90625	0.2
84.0625	0.2
84.0625	0.2
84.21875	0.2
84.21875	0.2
84.375	0.2
84.375	0.2
84.53125	0.2
84.53125	0.2
84.6875	0.2
84.6875	0.2
84.84375	0.2
84.84375	0.2
85	0.2
85	0.2
85.15625	0.2
85.15625	0.2
85.3125	0.2
85.3125	0.2
85.46875	0.2
85.46875	0.2
85.625	0.2
85.625	0.2
85.78125	0.2
85.78125	0.2
85.9375	0.2
85.9375	0.2
86.09375	0.2
86.09375	0.2
86.25	0.2
86.25	0.2
86.40625	0.2
86.40625	0.2
86.5625	0.2
86.5625	0.2
86.71875	0.2
86.71875	0.2
86.875	0.2
86.875	0.2
87.03125	0.2
87.03125	0.2
87.1875	0.2
87.1875	0.2
87.34375	0.2
87.34375	0.2
87.5	0.2
87.5	0.2
87.65625	0.2
87.65625	0.2
87.8125	0.2
87.8125	0.2
87.96875	0.2
87.96875	0.2
88.125	0.2
88.125	0.2
88.28125	0.2
88.28125	0.2
88.4375	0.2
88.4375	0.2
88.59375	0.2
88.59375	0.2
88.75	0.2
88.75	0.2
88.90625	0.2
88.90625	0.2
89.0625	0.2
89.0625	0.2
89.21875	0.2
89.21875	0.2
89.375	0.2
89.375	0.2
89.53125	0.2
89.53125	0.2
89.6875	0.2
89.6875	0.2
89.84375	0.2
89.84375	0.2
90	0.2
90	0.2
90.15625	0.2
90.15625	0.2
90.3125	0.2
90.3125	0.2
90.46875	0.2
90.46875	0.2
90.625	0.2
90.625	0.2
90.78125	0.2
90.78125	0.2
90.9375	0.2
90.9375	0.2
91.09375	0.2
91.09375	0.2
91.25	0.2
91.25	0.2
91.40625	0.2
91.40625	0.2
91.5625	0.2
91.5625	0.2
91.71875	0.2
91.71875	0.2
91.875	0.2
91.875	0.2
92.03125	0.2
92.03125	0.2
92.1875	0.2
92.1875	0.2
92.34375	0.2
92.34375	0.2
92.5	0.2
92.5	0.2
92.65625	0.2
92.65625	0.2
92.8125	0.2
92.8125	0.2
92.96875	0.2
92.96875	0.2
93.125	0.2
93.125	0.2
93.28125	0.2
93.28125	0.2
93.4375	0.2
93.4375	0.2
93.59375	0.2
93.59375	0.2
93.75	0.2
93.75	0.2
93.90625	0.2
93.90625	0.2
94.0625	0.2
94.0625	0.2
94.21875	0.2
94.21875	0.2
94.375	0.2
94.375	0.2
94.53125	0.2
94.53125	0.2
94.6875	0.2
94.6875	0.2
94.84375	0.2
94.84375	0.2
95	0.2
95	0.2
95.15625	0.2
95.15625	0.2
95.3125	0.2
95.3125	0.2
95.46875	0.2
95.46875	0.2
95.625	0.2
95.625	0.2
95.78125	0.2
95.78125	0.2
95.9375	0.2
95.9375	0.2
96.09375	0.2
96.09375	0.2
96.25	0.2
96.25	0.2
96.40625	0.2
96.40625	0.2
96.5625	0.2
96.5625	0.2
96.71875	0.2
96.71875	0.2
96.875	0.2
96.875	0.2
97.03125	0.2
97.03125	0.2
97.1875	0.2
97.1875	0.2
97.34375	0.2
97.34375	0.2
97.5	0.2
97.5	0.2
97.65625	0.2
97.65625	0.2
97.8125	0.2
97.8125	0.2
97.96875	0.2
97.96875	0.2
98.125	0.2
98.125	0.2
98.28125	0.2
98.28125	0.2
98.4375	0.2
98.4375	0.2
98.59375	0.2
98.59375	0.2
98.75	0.2
98.75	0.2
98.90625	0.2
98.90625	0.2
99.0625	0.2
99.0625	0.2
99.21875	0.2
99.21875	0.2
99.375	0.2
99.375	0.2
99.53125	0.2
99.53125	0.2
99.6875	0.2
99.6875	0.2
99.84375	0.2
99.84375	0.2
100	0.2
0	nan
0	nan
0.15625	nan
0.3125	nan
0.3125	nan
0.46875	nan
0.46875	nan
0.625	nan
0.625	nan
0.78125	nan
0.78125	nan
0.9375	nan
0.9375	nan
1.09375	nan
1.09375	nan
1.25	nan
1.25	nan
1.40625	nan
1.40625	nan
1.5625	nan
1.5625	nan
1.71875	nan
1.71875	nan
1.875	nan
1.875	nan
2.03125	nan
2.03125	0.0600711039999071
2.1875	0.0548220481705805
2.1875	0.0545408330063147
2.34375	0.0562012107444729
2.34375	0.0563956283942239
2.5	0.0559239720211758
2.5	0.055912246623529
2.65625	0.0560202485563832
2.65625	0.0560186503864926
2.8125	0.0559948110778103
2.8125	0.055996231216773
2.96875	0.0560012348839595
2.96875	0.0560007166250785
3.125	0.0559997285990585
3.125	0.0559998731299284
3.28125	0.056000055230117
3.28125	0.0560000206293531
3.4375	0.0559999895439896
3.4375	0.055999997003662
3.59375	0.0560000018458701
3.59375	0.0560000003600942
3.75	0.0559999996972749
3.75	0.0559999999746936
3.90625	0.0560000000453404
3.90625	0.0559999999964836
4.0625	0.0559999999941003
4.0625	0.056000000002194
4.21875	0.0560000000005588
4.21875	0.0559999999993162
4.375	0.0560000000000035
4.375	0.0560000000001736
4.53125	0.0559999999999784
4.53125	0.0559999999999598
4.6875	0.0560000000000074
4.6875	0.0560000000000082
4.84375	0.0559999999999977
4.84375	0.0559999999999981
5	0.0560000000000004
5	0.0560000000000002
5.15625	0.0559999999999999
5.15625	0.0559999999999999
5.3125	0.056
5.3125	0.056
5.46875	0.0559999999999999
5.46875	0.056
5.625	0.0559999999999999
5.625	0.056
5.78125	0.056
5.78125	0.056
5.9375	0.056
5.9375	0.056
6.09375	0.0559999999999999
6.09375	0.056
6.25	0.0559999999999999
6.25	0.056
6.40625	0.056
6.40625	0.056
6.5625	0.0559999999999999
6.5625	0.056
6.71875	0.056
6.71875	0.056
6.875	0.056
6.875	0.056
7.03125	0.056
7.03125	0.056
7.1875	0.056
7.1875	0.056
7.34375	0.056
7.34375	0.056
7.5	0.056
7.5	0.056
7.65625	0.0559999999999999
7.65625	0.056
7.8125	0.0559999999999999
7.8125	0.056
7.96875	0.056
7.96875	0.056
8.125	0.0559999999999999
8.125	0.056
8.28125	0.0559999999999999
8.28125	0.0559999999999999
8.4375	0.0559999999999999
8.4375	0.056
8.59375	0.056
8.59375	0.056
8.75	0.056
8.75	0.056
8.90625	0.056
8.90625	0.056
9.0625	0.056
9.0625	0.056
9.21875	0.056
9.21875	0.056
9.375	0.056
9.375	0.056
9.53125	0.056
9.53125	0.056
9.6875	0.056
9.6875	0.056
9.84375	0.056
9.84375	0.056
10	0.056
10	0.056
10.15625	0.056
10.15625	0.056
10.3125	0.056
10.3125	0.056
10.46875	0.0559999999999999
10.46875	0.056
10.625	0.056
10.625	0.056
10.78125	0.056
10.78125	0.056
10.9375	0.056
10.9375	0.056
11.09375	0.056
11.09375	0.0559999999999999
11.25	0.056
11.25	0.056
11.40625	0.056
11.40625	0.056
11.5625	0.056
11.5625	0.056
11.71875	0.056
11.71875	0.056
11.875	0.056
11.875	0.056
12.03125	0.056
12.03125	0.056
12.1875	0.056
12.1875	0.056
12.34375	0.056
12.34375	0.056
12.5	0.056
12.5	0.056
12.65625	0.056
12.65625	0.056
12.8125	0.056
12.8125	0.056
12.96875	0.0559999999999999
12.96875	0.056
13.125	0.056
13.125	0.056
13.28125	0.056
13.28125	0.056
13.4375	0.056
13.4375	0.056
13.59375	0.056
13.59375	0.056
13.75	0.056
13.75	0.056
13.90625	0.056
13.90625	0.056
14.0625	0.056
14.0625	0.056
14.21875	0.056
14.21875	0.056
14.375	0.056
14.375	0.056
14.53125	0.056
14.53125	0.056
14.6875	0.056
14.6875	0.056
14.84375	0.056
14.84375	0.056
15	0.056
15	0.056
15.15625	0.056
15.15625	0.056
15.3125	0.056
15.3125	0.056
15.46875	0.056
15.46875	0.056
15.625	0.056
15.625	0.056
15.78125	0.056
15.78125	0.056
15.9375	0.056
15.9375	0.056
16.09375	0.056
16.09375	0.056
16.25	0.056
16.25	0.056
16.40625	0.056
16.40625	0.056
16.5625	0.056
16.5625	0.056
16.71875	0.056
16.71875	0.056
16.875	0.056
16.875	0.056
17.03125	0.056
17.03125	0.056
17.1875	0.056
17.1875	0.056
17.34375	0.056
17.34375	0.056
17.5	0.056
17.5	0.056
17.65625	0.056
17.65625	0.056
17.8125	0.056
17.8125	0.056
17.96875	0.056
17.96875	0.056
18.125	0.056
18.125	0.056
18.28125	0.056
18.28125	0.056
18.4375	0.056
18.4375	0.056
18.59375	0.056
18.59375	0.056
18.75	0.056
18.75	0.056
18.90625	0.056
18.90625	0.056
19.0625	0.056
19.0625	0.056
19.21875	0.056
19.21875	0.056
19.375	0.056
19.375	0.056
19.53125	0.056
19.53125	0.056
19.6875	0.056
19.6875	0.056
19.84375	0.056
19.84375	0.056
20	0.056
20	0.056
20.15625	0.056
20.15625	0.056
20.3125	0.056
20.3125	0.056
20.46875	0.056
20.46875	0.056
20.625	0.056
20.625	0.056
20.78125	0.056
20.78125	0.056
20.9375	0.056
20.9375	0.056
21.09375	0.056
21.09375	0.056
21.25	0.056
21.25	0.056
21.40625	0.056
21.40625	0.056
21.5625	0.056
21.5625	0.056
21.71875	0.056
21.71875	0.056
21.875	0.056
21.875	0.056
22.03125	0.056
22.03125	0.056
22.1875	0.056
22.1875	0.056
22.34375	0.056
22.34375	0.056
22.5	0.056
22.5	0.056
22.65625	0.056
22.65625	0.056
22.8125	0.056
22.8125	0.056
22.96875	0.056
22.96875	0.056
23.125	0.056
23.125	0.056
23.28125	0.056
23.28125	0.056
23.4375	0.056
23.4375	0.056
23.59375	0.056
23.59375	0.056
23.75	0.056
23.75	0.056
23.90625	0.056
23.90625	0.056
24.0625	0.056
24.0625	0.056
24.21875	0.056
24.21875	0.056
24.375	0.056
24.375	0.056
24.53125	0.056
24.53125	0.056
24.6875	0.056
24.6875	0.056
24.84375	0.056
24.84375	0.056
25	0.056
25	0.056
25.15625	0.056
25.15625	0.056
25.3125	0.056
25.3125	0.056
25.46875	0.056
25.46875	0.056
25.625	0.056
25.625	0.056
25.78125	0.056
25.78125	0.056
25.9375	0.056
25.9375	0.056
26.09375	0.056
26.09375	0.056
26.25	0.056
26.25	0.056
26.40625	0.056
26.40625	0.056
26.5625	0.056
26.5625	0.056
26.71875	0.056
26.71875	0.056
26.875	0.056
26.875	0.056
27.03125	0.056
27.03125	0.056
27.1875	0.056
27.1875	0.056
27.34375	0.056
27.34375	0.056
27.5	0.056
27.5	0.056
27.65625	0.056
27.65625	0.056
27.8125	0.056
27.8125	0.056
27.96875	0.056
27.96875	0.056
28.125	0.056
28.125	0.056
28.28125	0.056
28.28125	0.056
28.4375	0.056
28.4375	0.056
28.59375	0.056
28.59375	0.056
28.75	0.056
28.75	0.056
28.90625	0.056
28.90625	0.056
29.0625	0.056
29.0625	0.056
29.21875	0.056
29.21875	0.056
29.375	0.056
29.375	0.056
29.53125	0.056
29.53125	0.056
29.6875	0.056
29.6875	0.056
29.84375	0.056
29.84375	0.056
30	0.056
30	0.056
30.15625	0.056
30.15625	0.056
30.3125	0.056
30.3125	0.056
30.46875	0.056
30.46875	0.056
30.625	0.056
30.625	0.056
30.78125	0.056
30.78125	0.056
30.9375	0.056
30.9375	0.056
31.09375	0.056
31.09375	0.056
31.25	0.056
31.25	0.056
31.40625	0.056
31.40625	0.056
31.5625	0.056
31.5625	0.056
31.71875	0.056
31.71875	0.056
31.875	0.056
31.875	0.056
32.03125	0.056
32.03125	0.056
32.1875	0.056
32.1875	0.056
32.34375	0.056
32.34375	0.056
32.5	0.056
32.5	0.056
32.65625	0.056
32.65625	0.056
32.8125	0.056
32.8125	0.056
32.96875	0.056
32.96875	0.056
33.125	0.056
33.125	0.056
33.28125	0.056
33.28125	0.056
33.4375	0.056
33.4375	0.056
33.59375	0.056
33.59375	0.056
33.75	0.056
33.75	0.056
33.90625	0.056
33.90625	0.056
34.0625	0.056
34.0625	0.056
34.21875	0.056
34.21875	0.056
34.375	0.056
34.375	0.056
34.53125	0.056
34.53125	0.056
34.6875	0.056
34.6875	0.056
34.84375	0.056
34.84375	0.056
35	0.056
35	0.0559999999999999
35.15625	0.056
35.15625	0.0560000000000001
35.3125	0.0559999999999992
35.3125	0.0559999999999989
35.46875	0.0560000000000058
35.46875	0.0560000000000065
35.625	0.0559999999999658
35.625	0.0559999999999679
35.78125	0.0560000000002046
35.78125	0.0560000000001597
35.9375	0.0559999999987972
35.9375	0.0559999999991934
36.09375	0.0560000000070059
36.09375	0.0560000000043423
36.25	0.0559999999595065
36.25	0.0559999999743127
36.40625	0.0560000002320688
36.40625	0.0560000001654478
36.5625	0.0559999986891434
36.5625	0.0559999988907577
36.71875	0.056000007209304
36.71875	0.0560000073598342
36.875	0.0559999621593948
36.875	0.0559999535845808
37.03125	0.0560001836595628
37.03125	0.0560002690559101
37.1875	0.0559992204187491
37.1875	0.0559986212946597
37.34375	0.0560025437854213
37.34375	0.0560058381940493
37.5	0.0559965935154781
37.5	0.0559828654916154
37.65625	0.0559723992870477
37.65625	0.0560074532095595
37.8125	0.0562276570747869
37.8125	0.0562399210519097
37.96875	0.0555238200111014
37.96875	0.0551167946344575
38.125	0.0528499645822562
38.125	0.0525612046947406
38.28125	0.0501356066926535
38.28125	0.0500805406049438
38.4375	0.0479130955691534
38.4375	0.047973166083088
38.59375	0.0460839922288688
38.59375	0.0461569266588643
38.75	0.0445630389443343
38.75	0.0446476973402339
38.90625	0.0432506618154919
38.90625	0.0433241707883818
39.0625	0.0422200579889441
39.0625	0.0423223076349132
39.21875	0.0414465149905806
39.21875	0.0416525101271653
39.375	0.0408375285032652
39.375	0.041067280014753
39.53125	0.0391461413484235
39.53125	0.0392645889495145
39.6875	0.0363146581255514
39.6875	0.0363533459394815
39.84375	0.0340859511886066
39.84375	0.0341848910411851
40	0.0328907462550095
40	0.0329875586431015
40.15625	0.0324417184715239
40.15625	0.0325317005866217
40.3125	0.0327851401612206
40.3125	0.032880655310258
40.46875	0.0339277938697912
40.46875	0.0340057316053255
40.625	0.0358214842501494
40.625	0.0359522873188808
40.78125	0.0388544147759475
40.78125	0.0389458816177313
40.9375	0.0410438359285772
40.9375	0.0405940632004693
41.09375	0.0414361339202735
41.09375	0.0412304108176727
41.25	0.0421183707829987
41.25	0.0420749286415812
41.40625	0.0432038169393594
41.40625	0.0432041578854029
41.5625	0.0446436213796092
41.5625	0.0446333649713499
41.71875	0.0463227594623672
41.71875	0.0463148725579668
41.875	0.0482755359054056
41.875	0.0482531278950582
42.03125	0.050512705597346
42.03125	0.0505471904041968
42.1875	0.0530376880815442
42.1875	0.0531465667842621
42.34375	0.0552681320649512
42.34375	0.055338676914261
42.5	0.0561901827692561
42.5	0.0561660674632042
42.65625	0.0560821474869945
42.65625	0.0560508632634182
42.8125	0.0559709759537197
42.8125	0.0559744455365446
42.96875	0.056000679742864
42.96875	0.056002850722598
43.125	0.0560022918083167
43.125	0.0560010712049788
43.28125	0.0559990957045553
43.28125	0.0559993712131676
43.4375	0.0560001952851927
43.4375	0.0560001785742822
43.59375	0.0559999818032973
43.59375	0.0559999671653991
43.75	0.0559999948804908
43.75	0.056000002707153
43.90625	0.0560000033893454
43.90625	0.0560000008052454
44.0625	0.0559999988218231
44.0625	0.0559999994973113
44.21875	0.0560000003226712
44.21875	0.0560000001726303
44.375	0.0559999999235292
44.375	0.0559999999522503
44.53125	0.0560000000162891
44.53125	0.0560000000116718
44.6875	0.0559999999968281
44.6875	0.0559999999973742
44.84375	0.0560000000005664
44.84375	0.0560000000005552
45	0.0559999999999071
45	0.0559999999998872
45.15625	0.0560000000000132
45.15625	0.0560000000000217
45.3125	0.0559999999999979
45.3125	0.0559999999999953
45.46875	0.0559999999999999
45.46875	0.0560000000000005
45.625	0.056
45.625	0.0559999999999998
45.78125	0.0559999999999999
45.78125	0.056
45.9375	0.056
45.9375	0.056
46.09375	0.056
46.09375	0.0559999999999999
46.25	0.056
46.25	0.056
46.40625	0.056
46.40625	0.056
46.5625	0.056
46.5625	0.056
46.71875	0.0559999999999999
46.71875	0.056
46.875	0.056
46.875	0.056
47.03125	0.0559999999999999
47.03125	0.056
47.1875	0.056
47.1875	0.056
47.34375	0.0559999999999999
47.34375	0.056
47.5	0.056
47.5	0.056
47.65625	0.056
47.65625	0.056
47.8125	0.0559999999999999
47.8125	0.0559999999999999
47.96875	0.0559999999999999
47.96875	0.0559999999999999
48.125	0.0559999999999999
48.125	0.056
48.28125	0.056
48.28125	0.056
48.4375	0.0559999999999999
48.4375	0.0559999999999999
48.59375	0.0559999999999999
48.59375	0.0559999999999999
48.75	0.056
48.75	0.056
48.90625	0.0559999999999999
48.90625	0.056
49.0625	0.0559999999999999
49.0625	0.056
49.21875	0.0559999999999999
49.21875	0.056
49.375	0.056
49.375	0.056
49.53125	0.056
49.53125	0.056
49.6875	0.056
49.6875	0.056
49.84375	0.056
49.84375	0.056
50	0.056
50	0.056
50.15625	0.056
50.15625	0.056
50.3125	0.056
50.3125	0.056
50.46875	0.056
50.46875	0.056
50.625	0.056
50.625	0.056
50.78125	0.056
50.78125	0.056
50.9375	0.056
50.9375	0.056
51.09375	0.056
51.09375	0.056
51.25	0.056
51.25	0.056
51.40625	0.0559999999999999
51.40625	0.056
51.5625	0.056
51.5625	0.056
51.71875	0.056
51.71875	0.056
51.875	0.056
51.875	0.056
52.03125	0.056
52.03125	0.0559999999999999
52.1875	0.056
52.1875	0.056
52.34375	0.056
52.34375	0.056
52.5	0.056
52.5	0.056
52.65625	0.056
52.65625	0.056
52.8125	0.056
52.8125	0.056
52.96875	0.056
52.96875	0.056
53.125	0.056
53.125	0.056
53.28125	0.056
53.28125	0.056
53.4375	0.056
53.4375	0.056
53.59375	0.056
53.59375	0.056
53.75	0.056
53.75	0.056
53.90625	0.0559999999999999
53.90625	0.056
54.0625	0.056
54.0625	0.056
54.21875	0.056
54.21875	0.056
54.375	0.056
54.375	0.056
54.53125	0.056
54.53125	0.056
54.6875	0.056
54.6875	0.056
54.84375	0.056
54.84375	0.056
55	0.056
55	0.056
55.15625	0.056
55.15625	0.056
55.3125	0.056
55.3125	0.056
55.46875	0.056
55.46875	0.056
55.625	0.056
55.625	0.056
55.78125	0.056
55.78125	0.056
55.9375	0.056
55.9375	0.056
56.09375	0.056
56.09375	0.056
56.25	0.056
56.25	0.056
56.40625	0.056
56.40625	0.056
56.5625	0.056
56.5625	0.056
56.71875	0.056
56.71875	0.056
56.875	0.056
56.875	0.056
57.03125	0.056
57.03125	0.056
57.1875	0.056
57.1875	0.056
57.34375	0.056
57.34375	0.056
57.5	0.056
57.5	0.056
57.65625	0.056
57.65625	0.056
57.8125	0.056
57.8125	0.056
57.96875	0.056
57.96875	0.056
58.125	0.056
58.125	0.056
58.28125	0.056
58.28125	0.056
58.4375	0.056
58.4375	0.056
58.59375	0.056
58.59375	0.056
58.75	0.056
58.75	0.056
58.90625	0.056
58.90625	0.056
59.0625	0.056
59.0625	0.056
59.21875	0.056
59.21875	0.056
59.375	0.056
59.375	0.056
59.53125	0.056
59.53125	0.056
59.6875	0.056
59.6875	0.056
59.84375	0.056
59.84375	0.056
60	0.056
60	0.056
60.15625	0.056
60.15625	0.056
60.3125	0.056
60.3125	0.056
60.46875	0.056
60.46875	0.056
60.625	0.056
60.625	0.056
60.78125	0.056
60.78125	0.056
60.9375	0.056
60.9375	0.056
61.09375	0.056
61.09375	0.056
61.25	0.056
61.25	0.056
61.40625	0.056
61.40625	0.056
61.5625	0.056
61.5625	0.056
61.71875	0.056
61.71875	0.056
61.875	0.056
61.875	0.056
62.03125	0.056
62.03125	0.056
62.1875	0.056
62.1875	0.056
62.34375	0.056
62.34375	0.056
62.5	0.056
62.5	0.056
62.65625	0.056
62.65625	0.056
62.8125	0.056
62.8125	0.056
62.96875	0.056
62.96875	0.056
63.125	0.056
63.125	0.056
63.28125	0.056
63.28125	0.056
63.4375	0.056
63.4375	0.056
63.59375	0.056
63.59375	0.056
63.75	0.056
63.75	0.056
63.90625	0.056
63.90625	0.056
64.0625	0.056
64.0625	0.056
64.21875	0.056
64.21875	0.056
64.375	0.056
64.375	0.056
64.53125	0.056
64.53125	0.056
64.6875	0.056
64.6875	0.056
64.84375	0.056
64.84375	0.056
65	0.056
65	0.056
65.15625	0.056
65.15625	0.056
65.3125	0.056
65.3125	0.056
65.46875	0.056
65.46875	0.056
65.625	0.056
65.625	0.056
65.78125	0.056
65.78125	0.056
65.9375	0.056
65.9375	0.056
66.09375	0.056
66.09375	0.056
66.25	0.056
66.25	0.056
66.40625	0.056
66.40625	0.056
66.5625	0.056
66.5625	0.056
66.71875	0.056
66.71875	0.056
66.875	0.056
66.875	0.056
67.03125	0.056
67.03125	0.056
67.1875	0.056
67.1875	0.056
67.34375	0.056
67.34375	0.056
67.5	0.056
67.5	0.056
67.65625	0.056
67.65625	0.056
67.8125	0.056
67.8125	0.056
67.96875	0.056
67.96875	0.056
68.125	0.056
68.125	0.056
68.28125	0.056
68.28125	0.056
68.4375	0.056
68.4375	0.056
68.59375	0.056
68.59375	0.056
68.75	0.056
68.75	0.056
68.90625	0.056
68.90625	0.056
69.0625	0.056
69.0625	0.056
69.21875	0.056
69.21875	0.056
69.375	0.056
69.375	0.056
69.53125	0.056
69.53125	0.056
69.6875	0.056
69.6875	0.056
69.84375	0.056
69.84375	0.056
70	0.056
70	0.056
70.15625	0.056
70.15625	0.056
70.3125	0.056
70.3125	0.056
70.46875	0.056
70.46875	0.056
70.625	0.056
70.625	0.056
70.78125	0.056
70.78125	0.056
70