3	1
20
0	0.199939204013777
10	0.200432205702183
10	0.200607438084205
20	0.200933322988693
20	0.200745623327669
30	0.200260246857495
30	0.200725010900152
40	0.0972445071338839
40	0.0971863239874931
50	0.200423510015642
50	0.199545845259591
60	0.200363737792023
60	0.200219773354463
70	0.200528910275149
70	0.200639656713583
80	0.200267007046514
80	0.20011671626968
90	0.199970873013515
90	0.19993328399911
100	0.199999031085911
0	0.02807748602342
10	0.0274541565536442
10	0.0272325506795653
20	0.0268185992976704
20	0.0270576259238155
30	0.0276713783500497
30	0.0282510266708347
40	0.0275874022704295
40	0.0285886754697851
50	0.0271123616825743
50	0.0280162991514685
60	0.0279166464079172
60	0.0283481086854196
70	0.0288739582851183
70	0.0289621785175932
80	0.0283619101352068
80	0.0283031218311577
90	0.027858765460534
90	0.027899208732687
100	0.0279987569208362
0	-0.1
10	-0.1
10	-0.1
20	-0.1
20	-0.1
30	-0.1
30	-0.1
40	0
40	0
50	-0.1
50	-0.1
60	-0.1
60	-0.1
70	-0.1
70	-0.1
80	-0.1
80	-0.1
90	-0.1
90	-0.1
100	-0.1
0	0
10	0
10	0
20	0
20	0
30	0
30	0.1
40	0.1
40	-0.1
50	-0.1
50	0
60	0
60	0
70	0
70	0
80	0
80	0
90	0
90	0
100	0
