3	1
640
0	0.4
0.0625	0.4
0.0625	0.4
0.125	0.4
0.125	0.4
0.1875	0.4
0.1875	0.4
0.25	0.4
0.25	0.4
0.3125	0.4
0.3125	0.4
0.375	0.4
0.375	0.4
0.4375	0.4
0.4375	0.4
0.5	0.4
0.5	0.4
0.5625	0.4
0.5625	0.4
0.625	0.4
0.625	0.4
0.6875	0.4
0.6875	0.4
0.75	0.4
0.75	0.4
0.8125	0.4
0.8125	0.4
0.875	0.4
0.875	0.4
0.9375	0.4
0.9375	0.4
1	0.4
1	0.4
1.0625	0.4
1.0625	0.4
1.125	0.4
1.125	0.4
1.1875	0.4
1.1875	0.4
1.25	0.4
1.25	0.4
1.3125	0.4
1.3125	0.4
1.375	0.4
1.375	0.4
1.4375	0.4
1.4375	0.4
1.5	0.4
1.5	0.4
1.5625	0.4
1.5625	0.4
1.625	0.4
1.625	0.4
1.6875	0.4
1.6875	0.4
1.75	0.4
1.75	0.4
1.8125	0.4
1.8125	0.4
1.875	0.4
1.875	0.4
1.9375	0.4
1.9375	0.4
2	0.4
2	0.4
2.0625	0.4
2.0625	0.4
2.125	0.4
2.125	0.4
2.1875	0.4
2.1875	0.4
2.25	0.4
2.25	0.4
2.3125	0.4
2.3125	0.4
2.375	0.4
2.375	0.4
2.4375	0.4
2.4375	0.4
2.5	0.4
2.5	0.4
2.5625	0.4
2.5625	0.4
2.625	0.4
2.625	0.4
2.6875	0.4
2.6875	0.4
2.75	0.4
2.75	0.4
2.8125	0.4
2.8125	0.4
2.875	0.4
2.875	0.4
2.9375	0.4
2.9375	0.4
3	0.4
3	0.4
3.0625	0.4
3.0625	0.4
3.125	0.4
3.125	0.4
3.1875	0.4
3.1875	0.4
3.25	0.4
3.25	0.4
3.3125	0.4
3.3125	0.4
3.375	0.4
3.375	0.4
3.4375	0.4
3.4375	0.4
3.5	0.4
3.5	0.4
3.5625	0.4
3.5625	0.4
3.625	0.4
3.625	0.4
3.6875	0.4
3.6875	0.4
3.75	0.4
3.75	0.4
3.8125	0.4
3.8125	0.4
3.875	0.4
3.875	0.4
3.9375	0.4
3.9375	0.4
4	0.4
4	0.4
4.0625	0.4
4.0625	0.4
4.125	0.4
4.125	0.4
4.1875	0.4
4.1875	0.4
4.25	0.4
4.25	0.4
4.3125	0.4
4.3125	0.4
4.375	0.4
4.375	0.4
4.4375	0.4
4.4375	0.4
4.5	0.4
4.5	0.4
4.5625	0.4
4.5625	0.4
4.625	0.4
4.625	0.4
4.6875	0.4
4.6875	0.4
4.75	0.4
4.75	0.4
4.8125	0.4
4.8125	0.4
4.875	0.4
4.875	0.4
4.9375	0.4
4.9375	0.4
5	0.4
5	0.4
5.0625	0.4
5.0625	0.4
5.125	0.4
5.125	0.4
5.1875	0.4
5.1875	0.4
5.25	0.4
5.25	0.4
5.3125	0.4
5.3125	0.4
5.375	0.4
5.375	0.4
5.4375	0.4
5.4375	0.4
5.5	0.4
5.5	0.4
5.5625	0.4
5.5625	0.4
5.625	0.4
5.625	0.4
5.6875	0.4
5.6875	0.4
5.75	0.4
5.75	0.4
5.8125	0.4
5.8125	0.4
5.875	0.4
5.875	0.4
5.9375	0.4
5.9375	0.4
6	0.4
6	0.4
6.0625	0.4
6.0625	0.4
6.125	0.4
6.125	0.4
6.1875	0.4
6.1875	0.4
6.25	0.4
6.25	0.4
6.3125	0.4
6.3125	0.4
6.375	0.4
6.375	0.4
6.4375	0.4
6.4375	0.4
6.5	0.4
6.5	0.4
6.5625	0.4
6.5625	0.4
6.625	0.4
6.625	0.4
6.6875	0.4
6.6875	0.4
6.75	0.4
6.75	0.4
6.8125	0.4
6.8125	0.4
6.875	0.4
6.875	0.4
6.9375	0.4
6.9375	0.4
7	0.4
7	0.4
7.0625	0.4
7.0625	0.4
7.125	0.4
7.125	0.4
7.1875	0.4
7.1875	0.4
7.25	0.4
7.25	0.4
7.3125	0.4
7.3125	0.4
7.375	0.4
7.375	0.4
7.4375	0.4
7.4375	0.4
7.5	0.4
7.5	0.4
7.5625	0.4
7.5625	0.4
7.625	0.4
7.625	0.4
7.6875	0.4
7.6875	0.4
7.75	0.4
7.75	0.4
7.8125	0.4
7.8125	0.4
7.875	0.4
7.875	0.4
7.9375	0.4
7.9375	0.4
8	0.4
8	0.4
8.0625	0.3876953125
8.0625	0.3876953125
8.125	0.37578125
8.125	0.37578125
8.1875	0.3642578125
8.1875	0.3642578125
8.25	0.353125
8.25	0.353125
8.3125	0.3423828125
8.3125	0.3423828125
8.375	0.33203125
8.375	0.33203125
8.4375	0.3220703125
8.4375	0.3220703125
8.5	0.3125
8.5	0.3125
8.5625	0.3033203125
8.5625	0.3033203125
8.625	0.29453125
8.625	0.29453125
8.6875	0.2861328125
8.6875	0.2861328125
8.75	0.278125
8.75	0.278125
8.8125	0.2705078125
8.8125	0.2705078125
8.875	0.26328125
8.875	0.26328125
8.9375	0.2564453125
8.9375	0.2564453125
9	0.25
9	0.25
9.0625	0.2439453125
9.0625	0.2439453125
9.125	0.23828125
9.125	0.23828125
9.1875	0.2330078125
9.1875	0.2330078125
9.25	0.228125
9.25	0.228125
9.3125	0.2236328125
9.3125	0.2236328125
9.375	0.21953125
9.375	0.21953125
9.4375	0.2158203125
9.4375	0.2158203125
9.5	0.2125
9.5	0.2125
9.5625	0.2095703125
9.5625	0.2095703125
9.625	0.20703125
9.625	0.20703125
9.6875	0.2048828125
9.6875	0.2048828125
9.75	0.203125
9.75	0.203125
9.8125	0.2017578125
9.8125	0.2017578125
9.875	0.20078125
9.875	0.20078125
9.9375	0.2001953125
9.9375	0.2001953125
10	0.2
10	0.2
10.0625	0.2001953125
10.0625	0.2001953125
10.125	0.20078125
10.125	0.20078125
10.1875	0.2017578125
10.1875	0.2017578125
10.25	0.203125
10.25	0.203125
10.3125	0.2048828125
10.3125	0.2048828125
10.375	0.20703125
10.375	0.20703125
10.4375	0.2095703125
10.4375	0.2095703125
10.5	0.2125
10.5	0.2125
10.5625	0.2158203125
10.5625	0.2158203125
10.625	0.21953125
10.625	0.21953125
10.6875	0.2236328125
10.6875	0.2236328125
10.75	0.228125
10.75	0.228125
10.8125	0.2330078125
10.8125	0.2330078125
10.875	0.23828125
10.875	0.23828125
10.9375	0.2439453125
10.9375	0.2439453125
11	0.25
11	0.25
11.0625	0.2564453125
11.0625	0.2564453125
11.125	0.26328125
11.125	0.26328125
11.1875	0.2705078125
11.1875	0.2705078125
11.25	0.278125
11.25	0.278125
11.3125	0.2861328125
11.3125	0.2861328125
11.375	0.29453125
11.375	0.29453125
11.4375	0.3033203125
11.4375	0.3033203125
11.5	0.3125
11.5	0.3125
11.5625	0.3220703125
11.5625	0.3220703125
11.625	0.33203125
11.625	0.33203125
11.6875	0.3423828125
11.6875	0.3423828125
11.75	0.353125
11.75	0.353125
11.8125	0.3642578125
11.8125	0.3642578125
11.875	0.37578125
11.875	0.37578125
11.9375	0.3876953125
11.9375	0.3876953125
12	0.4
12	0.4
12.0625	0.4
12.0625	0.4
12.125	0.4
12.125	0.4
12.1875	0.4
12.1875	0.4
12.25	0.4
12.25	0.4
12.3125	0.4
12.3125	0.4
12.375	0.4
12.375	0.4
12.4375	0.4
12.4375	0.4
12.5	0.4
12.5	0.4
12.5625	0.4
12.5625	0.4
12.625	0.4
12.625	0.4
12.6875	0.4
12.6875	0.4
12.75	0.4
12.75	0.4
12.8125	0.4
12.8125	0.4
12.875	0.4
12.875	0.4
12.9375	0.4
12.9375	0.4
13	0.4
13	0.4
13.0625	0.4
13.0625	0.4
13.125	0.4
13.125	0.4
13.1875	0.4
13.1875	0.4
13.25	0.4
13.25	0.4
13.3125	0.4
13.3125	0.4
13.375	0.4
13.375	0.4
13.4375	0.4
13.4375	0.4
13.5	0.4
13.5	0.4
13.5625	0.4
13.5625	0.4
13.625	0.4
13.625	0.4
13.6875	0.4
13.6875	0.4
13.75	0.4
13.75	0.4
13.8125	0.4
13.8125	0.4
13.875	0.4
13.875	0.4
13.9375	0.4
13.9375	0.4
14	0.4
14	0.4
14.0625	0.4
14.0625	0.4
14.125	0.4
14.125	0.4
14.1875	0.4
14.1875	0.4
14.25	0.4
14.25	0.4
14.3125	0.4
14.3125	0.4
14.375	0.4
14.375	0.4
14.4375	0.4
14.4375	0.4
14.5	0.4
14.5	0.4
14.5625	0.4
14.5625	0.4
14.625	0.4
14.625	0.4
14.6875	0.4
14.6875	0.4
14.75	0.4
14.75	0.4
14.8125	0.4
14.8125	0.4
14.875	0.4
14.875	0.4
14.9375	0.4
14.9375	0.4
15	0.4
15	0.4
15.0625	0.4
15.0625	0.4
15.125	0.4
15.125	0.4
15.1875	0.4
15.1875	0.4
15.25	0.4
15.25	0.4
15.3125	0.4
15.3125	0.4
15.375	0.4
15.375	0.4
15.4375	0.4
15.4375	0.4
15.5	0.4
15.5	0.4
15.5625	0.4
15.5625	0.4
15.625	0.4
15.625	0.4
15.6875	0.4
15.6875	0.4
15.75	0.4
15.75	0.4
15.8125	0.4
15.8125	0.4
15.875	0.4
15.875	0.4
15.9375	0.4
15.9375	0.4
16	0.4
16	0.4
16.0625	0.4
16.0625	0.4
16.125	0.4
16.125	0.4
16.1875	0.4
16.1875	0.4
16.25	0.4
16.25	0.4
16.3125	0.4
16.3125	0.4
16.375	0.4
16.375	0.4
16.4375	0.4
16.4375	0.4
16.5	0.4
16.5	0.4
16.5625	0.4
16.5625	0.4
16.625	0.4
16.625	0.4
16.6875	0.4
16.6875	0.4
16.75	0.4
16.75	0.4
16.8125	0.4
16.8125	0.4
16.875	0.4
16.875	0.4
16.9375	0.4
16.9375	0.4
17	0.4
17	0.4
17.0625	0.4
17.0625	0.4
17.125	0.4
17.125	0.4
17.1875	0.4
17.1875	0.4
17.25	0.4
17.25	0.4
17.3125	0.4
17.3125	0.4
17.375	0.4
17.375	0.4
17.4375	0.4
17.4375	0.4
17.5	0.4
17.5	0.4
17.5625	0.4
17.5625	0.4
17.625	0.4
17.625	0.4
17.6875	0.4
17.6875	0.4
17.75	0.4
17.75	0.4
17.8125	0.4
17.8125	0.4
17.875	0.4
17.875	0.4
17.9375	0.4
17.9375	0.4
18	0.4
18	0.4
18.0625	0.4
18.0625	0.4
18.125	0.4
18.125	0.4
18.1875	0.4
18.1875	0.4
18.25	0.4
18.25	0.4
18.3125	0.4
18.3125	0.4
18.375	0.4
18.375	0.4
18.4375	0.4
18.4375	0.4
18.5	0.4
18.5	0.4
18.5625	0.4
18.5625	0.4
18.625	0.4
18.625	0.4
18.6875	0.4
18.6875	0.4
18.75	0.4
18.75	0.4
18.8125	0.4
18.8125	0.4
18.875	0.4
18.875	0.4
18.9375	0.4
18.9375	0.4
19	0.4
19	0.4
19.0625	0.4
19.0625	0.4
19.125	0.4
19.125	0.4
19.1875	0.4
19.1875	0.4
19.25	0.4
19.25	0.4
19.3125	0.4
19.3125	0.4
19.375	0.4
19.375	0.4
19.4375	0.4
19.4375	0.4
19.5	0.4
19.5	0.4
19.5625	0.4
19.5625	0.4
19.625	0.4
19.625	0.4
19.6875	0.4
19.6875	0.4
19.75	0.4
19.75	0.4
19.8125	0.4
19.8125	0.4
19.875	0.4
19.875	0.4
19.9375	0.4
19.9375	0.4
20	0.4
0	1.50548
0.0625	1.50548
0.0625	1.50548
0.125	1.50548
0.125	1.50548
0.1875	1.50548
0.1875	1.50548
0.25	1.50548
0.25	1.50548
0.3125	1.50548
0.3125	1.50548
0.375	1.50548
0.375	1.50548
0.4375	1.50548
0.4375	1.50548
0.5	1.50548
0.5	1.50548
0.5625	1.50548
0.5625	1.50548
0.625	1.50548
0.625	1.50548
0.6875	1.50548
0.6875	1.50548
0.75	1.50548
0.75	1.50548
0.8125	1.50548
0.8125	1.50548
0.875	1.50548
0.875	1.50548
0.9375	1.50548
0.9375	1.50548
1	1.50548
1	1.50548
1.0625	1.50548
1.0625	1.50548
1.125	1.50548
1.125	1.50548
1.1875	1.50548
1.1875	1.50548
1.25	1.50548
1.25	1.50548
1.3125	1.50548
1.3125	1.50548
1.375	1.50548
1.375	1.50548
1.4375	1.50548
1.4375	1.50548
1.5	1.50548
1.5	1.50548
1.5625	1.50548
1.5625	1.50548
1.625	1.50548
1.625	1.50548
1.6875	1.50548
1.6875	1.50548
1.75	1.50548
1.75	1.50548
1.8125	1.50548
1.8125	1.50548
1.875	1.50548
1.875	1.50548
1.9375	1.50548
1.9375	1.50548
2	1.50548
2	1.50548
2.0625	1.50548
2.0625	1.50548
2.125	1.50548
2.125	1.50548
2.1875	1.50548
2.1875	1.50548
2.25	1.50548
2.25	1.50548
2.3125	1.50548
2.3125	1.50548
2.375	1.50548
2.375	1.50548
2.4375	1.50548
2.4375	1.50548
2.5	1.50548
2.5	1.50548
2.5625	1.50548
2.5625	1.50548
2.625	1.50548
2.625	1.50548
2.6875	1.50548
2.6875	1.50548
2.75	1.50548
2.75	1.50548
2.8125	1.50548
2.8125	1.50548
2.875	1.50548
2.875	1.50548
2.9375	1.50548
2.9375	1.50548
3	1.50548
3	1.50548
3.0625	1.50548
3.0625	1.50548
3.125	1.50548
3.125	1.50548
3.1875	1.50548
3.1875	1.50548
3.25	1.50548
3.25	1.50548
3.3125	1.50548
3.3125	1.50548
3.375	1.50548
3.375	1.50548
3.4375	1.50548
3.4375	1.50548
3.5	1.50548
3.5	1.50548
3.5625	1.50548
3.5625	1.50548
3.625	1.50548
3.625	1.50548
3.6875	1.50548
3.6875	1.50548
3.75	1.50548
3.75	1.50548
3.8125	1.50548
3.8125	1.50548
3.875	1.50548
3.875	1.50548
3.9375	1.50548
3.9375	1.50548
4	1.50548
4	1.50548
4.0625	1.50548
4.0625	1.50548
4.125	1.50548
4.125	1.50548
4.1875	1.50548
4.1875	1.50548
4.25	1.50548
4.25	1.50548
4.3125	1.50548
4.3125	1.50548
4.375	1.50548
4.375	1.50548
4.4375	1.50548
4.4375	1.50548
4.5	1.50548
4.5	1.50548
4.5625	1.50548
4.5625	1.50548
4.625	1.50548
4.625	1.50548
4.6875	1.50548
4.6875	1.50548
4.75	1.50548
4.75	1.50548
4.8125	1.50548
4.8125	1.50548
4.875	1.50548
4.875	1.50548
4.9375	1.50548
4.9375	1.50548
5	1.50548
5	1.50548
5.0625	1.50548
5.0625	1.50548
5.125	1.50548
5.125	1.50548
5.1875	1.50548
5.1875	1.50548
5.25	1.50548
5.25	1.50548
5.3125	1.50548
5.3125	1.50548
5.375	1.50548
5.375	1.50548
5.4375	1.50548
5.4375	1.50548
5.5	1.50548
5.5	1.50548
5.5625	1.50548
5.5625	1.50548
5.625	1.50548
5.625	1.50548
5.6875	1.50548
5.6875	1.50548
5.75	1.50548
5.75	1.50548
5.8125	1.50548
5.8125	1.50548
5.875	1.50548
5.875	1.50548
5.9375	1.50548
5.9375	1.50548
6	1.50548
6	1.50548
6.0625	1.50548
6.0625	1.50548
6.125	1.50548
6.125	1.50548
6.1875	1.50548
6.1875	1.50548
6.25	1.50548
6.25	1.50548
6.3125	1.50548
6.3125	1.50548
6.375	1.50548
6.375	1.50548
6.4375	1.50548
6.4375	1.50548
6.5	1.50548
6.5	1.50548
6.5625	1.50548
6.5625	1.50548
6.625	1.50548
6.625	1.50548
6.6875	1.50548
6.6875	1.50548
6.75	1.50548
6.75	1.50548
6.8125	1.50548
6.8125	1.50548
6.875	1.50548
6.875	1.50548
6.9375	1.50548
6.9375	1.50548
7	1.50548
7	1.50548
7.0625	1.50548
7.0625	1.50548
7.125	1.50548
7.125	1.50548
7.1875	1.50548
7.1875	1.50548
7.25	1.50548
7.25	1.50548
7.3125	1.50548
7.3125	1.50548
7.375	1.50548
7.375	1.50548
7.4375	1.50548
7.4375	1.50548
7.5	1.50548
7.5	1.50548
7.5625	1.50548
7.5625	1.50548
7.625	1.50548
7.625	1.50548
7.6875	1.50548
7.6875	1.50548
7.75	1.50548
7.75	1.50548
7.8125	1.50548
7.8125	1.50548
7.875	1.50548
7.875	1.50548
7.9375	1.50548
7.9375	1.50548
8	1.50548
8	1.50548
8.0625	1.45916884765625
8.0625	1.45916884765625
8.125	1.414327890625
8.125	1.414327890625
8.1875	1.37095712890625
8.1875	1.37095712890625
8.25	1.3290565625
8.25	1.3290565625
8.3125	1.28862619140625
8.3125	1.28862619140625
8.375	1.249666015625
8.375	1.249666015625
8.4375	1.21217603515625
8.4375	1.21217603515625
8.5	1.17615625
8.5	1.17615625
8.5625	1.14160666015625
8.5625	1.14160666015625
8.625	1.108527265625
8.625	1.108527265625
8.6875	1.07691806640625
8.6875	1.07691806640625
8.75	1.0467790625
8.75	1.0467790625
8.8125	1.01811025390625
8.8125	1.01811025390625
8.875	0.990911640625
8.875	0.990911640625
8.9375	0.96518322265625
8.9375	0.96518322265625
9	0.940925
9	0.940925
9.0625	0.91813697265625
9.0625	0.91813697265625
9.125	0.896819140625
9.125	0.896819140625
9.1875	0.87697150390625
9.1875	0.87697150390625
9.25	0.8585940625
9.25	0.8585940625
9.3125	0.84168681640625
9.3125	0.84168681640625
9.375	0.826249765625
9.375	0.826249765625
9.4375	0.81228291015625
9.4375	0.81228291015625
9.5	0.79978625
9.5	0.79978625
9.5625	0.78875978515625
9.5625	0.78875978515625
9.625	0.779203515625
9.625	0.779203515625
9.6875	0.77111744140625
9.6875	0.77111744140625
9.75	0.7645015625
9.75	0.7645015625
9.8125	0.75935587890625
9.8125	0.75935587890625
9.875	0.755680390625
9.875	0.755680390625
9.9375	0.75347509765625
9.9375	0.75347509765625
10	0.75274
10	0.75274
10.0625	0.75347509765625
10.0625	0.75347509765625
10.125	0.755680390625
10.125	0.755680390625
10.1875	0.75935587890625
10.1875	0.75935587890625
10.25	0.7645015625
10.25	0.7645015625
10.3125	0.77111744140625
10.3125	0.77111744140625
10.375	0.779203515625
10.375	0.779203515625
10.4375	0.78875978515625
10.4375	0.78875978515625
10.5	0.79978625
10.5	0.79978625
10.5625	0.81228291015625
10.5625	0.81228291015625
10.625	0.826249765625
10.625	0.826249765625
10.6875	0.84168681640625
10.6875	0.84168681640625
10.75	0.8585940625
10.75	0.8585940625
10.8125	0.87697150390625
10.8125	0.87697150390625
10.875	0.896819140625
10.875	0.896819140625
10.9375	0.91813697265625
10.9375	0.91813697265625
11	0.940925
11	0.940925
11.0625	0.96518322265625
11.0625	0.96518322265625
11.125	0.990911640625
11.125	0.990911640625
11.1875	1.01811025390625
11.1875	1.01811025390625
11.25	1.0467790625
11.25	1.0467790625
11.3125	1.07691806640625
11.3125	1.07691806640625
11.375	1.108527265625
11.375	1.108527265625
11.4375	1.14160666015625
11.4375	1.14160666015625
11.5	1.17615625
11.5	1.17615625
11.5625	1.21217603515625
11.5625	1.21217603515625
11.625	1.249666015625
11.625	1.249666015625
11.6875	1.28862619140625
11.6875	1.28862619140625
11.75	1.3290565625
11.75	1.3290565625
11.8125	1.37095712890625
11.8125	1.37095712890625
11.875	1.414327890625
11.875	1.414327890625
11.9375	1.45916884765625
11.9375	1.45916884765625
12	1.50548
12	1.50548
12.0625	1.50548
12.0625	1.50548
12.125	1.50548
12.125	1.50548
12.1875	1.50548
12.1875	1.50548
12.25	1.50548
12.25	1.50548
12.3125	1.50548
12.3125	1.50548
12.375	1.50548
12.375	1.50548
12.4375	1.50548
12.4375	1.50548
12.5	1.50548
12.5	1.50548
12.5625	1.50548
12.5625	1.50548
12.625	1.50548
12.625	1.50548
12.6875	1.50548
12.6875	1.50548
12.75	1.50548
12.75	1.50548
12.8125	1.50548
12.8125	1.50548
12.875	1.50548
12.875	1.50548
12.9375	1.50548
12.9375	1.50548
13	1.50548
13	1.50548
13.0625	1.50548
13.0625	1.50548
13.125	1.50548
13.125	1.50548
13.1875	1.50548
13.1875	1.50548
13.25	1.50548
13.25	1.50548
13.3125	1.50548
13.3125	1.50548
13.375	1.50548
13.375	1.50548
13.4375	1.50548
13.4375	1.50548
13.5	1.50548
13.5	1.50548
13.5625	1.50548
13.5625	1.50548
13.625	1.50548
13.625	1.50548
13.6875	1.50548
13.6875	1.50548
13.75	1.50548
13.75	1.50548
13.8125	1.50548
13.8125	1.50548
13.875	1.50548
13.875	1.50548
13.9375	1.50548
13.9375	1.50548
14	1.50548
14	1.50548
14.0625	1.50548
14.0625	1.50548
14.125	1.50548
14.125	1.50548
14.1875	1.50548
14.1875	1.50548
14.25	1.50548
14.25	1.50548
14.3125	1.50548
14.3125	1.50548
14.375	1.50548
14.375	1.50548
14.4375	1.50548
14.4375	1.50548
14.5	1.50548
14.5	1.50548
14.5625	1.50548
14.5625	1.50548
14.625	1.50548
14.625	1.50548
14.6875	1.50548
14.6875	1.50548
14.75	1.50548
14.75	1.50548
14.8125	1.50548
14.8125	1.50548
14.875	1.50548
14.875	1.50548
14.9375	1.50548
14.9375	1.50548
15	1.50548
15	1.50548
15.0625	1.50548
15.0625	1.50548
15.125	1.50548
15.125	1.50548
15.1875	1.50548
15.1875	1.50548
15.25	1.50548
15.25	1.50548
15.3125	1.50548
15.3125	1.50548
15.375	1.50548
15.375	1.50548
15.4375	1.50548
15.4375	1.50548
15.5	1.50548
15.5	1.50548
15.5625	1.50548
15.5625	1.50548
15.625	1.50548
15.625	1.50548
15.6875	1.50548
15.6875	1.50548
15.75	1.50548
15.75	1.50548
15.8125	1.50548
15.8125	1.50548
15.875	1.50548
15.875	1.50548
15.9375	1.50548
15.9375	1.50548
16	1.50548
16	1.50548
16.0625	1.50548
16.0625	1.50548
16.125	1.50548
16.125	1.50548
16.1875	1.50548
16.1875	1.50548
16.25	1.50548
16.25	1.50548
16.3125	1.50548
16.3125	1.50548
16.375	1.50548
16.375	1.50548
16.4375	1.50548
16.4375	1.50548
16.5	1.50548
16.5	1.50548
16.5625	1.50548
16.5625	1.50548
16.625	1.50548
16.625	1.50548
16.6875	1.50548
16.6875	1.50548
16.75	1.50548
16.75	1.50548
16.8125	1.50548
16.8125	1.50548
16.875	1.50548
16.875	1.50548
16.9375	1.50548
16.9375	1.50548
17	1.50548
17	1.50548
17.0625	1.50548
17.0625	1.50548
17.125	1.50548
17.125	1.50548
17.1875	1.50548
17.1875	1.50548
17.25	1.50548
17.25	1.50548
17.3125	1.50548
17.3125	1.50548
17.375	1.50548
17.375	1.50548
17.4375	1.50548
17.4375	1.50548
17.5	1.50548
17.5	1.50548
17.5625	1.50548
17.5625	1.50548
17.625	1.50548
17.625	1.50548
17.6875	1.50548
17.6875	1.50548
17.75	1.50548
17.75	1.50548
17.8125	1.50548
17.8125	1.50548
17.875	1.50548
17.875	1.50548
17.9375	1.50548
17.9375	1.50548
18	1.50548
18	1.50548
18.0625	1.50548
18.0625	1.50548
18.125	1.50548
18.125	1.50548
18.1875	1.50548
18.1875	1.50548
18.25	1.50548
18.25	1.50548
18.3125	1.50548
18.3125	1.50548
18.375	1.50548
18.375	1.50548
18.4375	1.50548
18.4375	1.50548
18.5	1.50548
18.5	1.50548
18.5625	1.50548
18.5625	1.50548
18.625	1.50548
18.625	1.50548
18.6875	1.50548
18.6875	1.50548
18.75	1.50548
18.75	1.50548
18.8125	1.50548
18.8125	1.50548
18.875	1.50548
18.875	1.50548
18.9375	1.50548
18.9375	1.50548
19	1.50548
19	1.50548
19.0625	1.50548
19.0625	1.50548
19.125	1.50548
19.125	1.50548
19.1875	1.50548
19.1875	1.50548
19.25	1.50548
19.25	1.50548
19.3125	1.50548
19.3125	1.50548
19.375	1.50548
19.375	1.50548
19.4375	1.50548
19.4375	1.50548
19.5	1.50548
19.5	1.50548
19.5625	1.50548
19.5625	1.50548
19.625	1.50548
19.625	1.50548
19.6875	1.50548
19.6875	1.50548
19.75	1.50548
19.75	1.50548
19.8125	1.50548
19.8125	1.50548
19.875	1.50548
19.875	1.50548
19.9375	1.50548
19.9375	1.50548
20	1.50548
0	-0.2
0.0625	-0.2
0.0625	-0.2
0.125	-0.2
0.125	-0.2
0.1875	-0.2
0.1875	-0.2
0.25	-0.2
0.25	-0.2
0.3125	-0.2
0.3125	-0.2
0.375	-0.2
0.375	-0.2
0.4375	-0.2
0.4375	-0.2
0.5	-0.2
0.5	-0.2
0.5625	-0.2
0.5625	-0.2
0.625	-0.2
0.625	-0.2
0.6875	-0.2
0.6875	-0.2
0.75	-0.2
0.75	-0.2
0.8125	-0.2
0.8125	-0.2
0.875	-0.2
0.875	-0.2
0.9375	-0.2
0.9375	-0.2
1	-0.2
1	-0.2
1.0625	-0.2
1.0625	-0.2
1.125	-0.2
1.125	-0.2
1.1875	-0.2
1.1875	-0.2
1.25	-0.2
1.25	-0.2
1.3125	-0.2
1.3125	-0.2
1.375	-0.2
1.375	-0.2
1.4375	-0.2
1.4375	-0.2
1.5	-0.2
1.5	-0.2
1.5625	-0.2
1.5625	-0.2
1.625	-0.2
1.625	-0.2
1.6875	-0.2
1.6875	-0.2
1.75	-0.2
1.75	-0.2
1.8125	-0.2
1.8125	-0.2
1.875	-0.2
1.875	-0.2
1.9375	-0.2
1.9375	-0.2
2	-0.2
2	-0.2
2.0625	-0.2
2.0625	-0.2
2.125	-0.2
2.125	-0.2
2.1875	-0.2
2.1875	-0.2
2.25	-0.2
2.25	-0.2
2.3125	-0.2
2.3125	-0.2
2.375	-0.2
2.375	-0.2
2.4375	-0.2
2.4375	-0.2
2.5	-0.2
2.5	-0.2
2.5625	-0.2
2.5625	-0.2
2.625	-0.2
2.625	-0.2
2.6875	-0.2
2.6875	-0.2
2.75	-0.2
2.75	-0.2
2.8125	-0.2
2.8125	-0.2
2.875	-0.2
2.875	-0.2
2.9375	-0.2
2.9375	-0.2
3	-0.2
3	-0.2
3.0625	-0.2
3.0625	-0.2
3.125	-0.2
3.125	-0.2
3.1875	-0.2
3.1875	-0.2
3.25	-0.2
3.25	-0.2
3.3125	-0.2
3.3125	-0.2
3.375	-0.2
3.375	-0.2
3.4375	-0.2
3.4375	-0.2
3.5	-0.2
3.5	-0.2
3.5625	-0.2
3.5625	-0.2
3.625	-0.2
3.625	-0.2
3.6875	-0.2
3.6875	-0.2
3.75	-0.2
3.75	-0.2
3.8125	-0.2
3.8125	-0.2
3.875	-0.2
3.875	-0.2
3.9375	-0.2
3.9375	-0.2
4	-0.2
4	-0.2
4.0625	-0.2
4.0625	-0.2
4.125	-0.2
4.125	-0.2
4.1875	-0.2
4.1875	-0.2
4.25	-0.2
4.25	-0.2
4.3125	-0.2
4.3125	-0.2
4.375	-0.2
4.375	-0.2
4.4375	-0.2
4.4375	-0.2
4.5	-0.2
4.5	-0.2
4.5625	-0.2
4.5625	-0.2
4.625	-0.2
4.625	-0.2
4.6875	-0.2
4.6875	-0.2
4.75	-0.2
4.75	-0.2
4.8125	-0.2
4.8125	-0.2
4.875	-0.2
4.875	-0.2
4.9375	-0.2
4.9375	-0.2
5	-0.2
5	-0.2
5.0625	-0.2
5.0625	-0.2
5.125	-0.2
5.125	-0.2
5.1875	-0.2
5.1875	-0.2
5.25	-0.2
5.25	-0.2
5.3125	-0.2
5.3125	-0.2
5.375	-0.2
5.375	-0.2
5.4375	-0.2
5.4375	-0.2
5.5	-0.2
5.5	-0.2
5.5625	-0.2
5.5625	-0.2
5.625	-0.2
5.625	-0.2
5.6875	-0.2
5.6875	-0.2
5.75	-0.2
5.75	-0.2
5.8125	-0.2
5.8125	-0.2
5.875	-0.2
5.875	-0.2
5.9375	-0.2
5.9375	-0.2
6	-0.2
6	-0.2
6.0625	-0.2
6.0625	-0.2
6.125	-0.2
6.125	-0.2
6.1875	-0.2
6.1875	-0.2
6.25	-0.2
6.25	-0.2
6.3125	-0.2
6.3125	-0.2
6.375	-0.2
6.375	-0.2
6.4375	-0.2
6.4375	-0.2
6.5	-0.2
6.5	-0.2
6.5625	-0.2
6.5625	-0.2
6.625	-0.2
6.625	-0.2
6.6875	-0.2
6.6875	-0.2
6.75	-0.2
6.75	-0.2
6.8125	-0.2
6.8125	-0.2
6.875	-0.2
6.875	-0.2
6.9375	-0.2
6.9375	-0.2
7	-0.2
7	-0.2
7.0625	-0.2
7.0625	-0.2
7.125	-0.2
7.125	-0.2
7.1875	-0.2
7.1875	-0.2
7.25	-0.2
7.25	-0.2
7.3125	-0.2
7.3125	-0.2
7.375	-0.2
7.375	-0.2
7.4375	-0.2
7.4375	-0.2
7.5	-0.2
7.5	-0.2
7.5625	-0.2
7.5625	-0.2
7.625	-0.2
7.625	-0.2
7.6875	-0.2
7.6875	-0.2
7.75	-0.2
7.75	-0.2
7.8125	-0.2
7.8125	-0.2
7.875	-0.2
7.875	-0.2
7.9375	-0.2
7.9375	-0.2
8	-0.2
8	-0.2
8.0625	-0.1876953125
8.0625	-0.1876953125
8.125	-0.17578125
8.125	-0.17578125
8.1875	-0.1642578125
8.1875	-0.1642578125
8.25	-0.153125
8.25	-0.153125
8.3125	-0.1423828125
8.3125	-0.1423828125
8.375	-0.13203125
8.375	-0.13203125
8.4375	-0.1220703125
8.4375	-0.1220703125
8.5	-0.1125
8.5	-0.1125
8.5625	-0.1033203125
8.5625	-0.1033203125
8.625	-0.09453125
8.625	-0.09453125
8.6875	-0.0861328125
8.6875	-0.0861328125
8.75	-0.078125
8.75	-0.078125
8.8125	-0.0705078125
8.8125	-0.0705078125
8.875	-0.06328125
8.875	-0.06328125
8.9375	-0.0564453125
8.9375	-0.0564453125
9	-0.05
9	-0.05
9.0625	-0.0439453125
9.0625	-0.0439453125
9.125	-0.03828125
9.125	-0.03828125
9.1875	-0.0330078125
9.1875	-0.0330078125
9.25	-0.028125
9.25	-0.028125
9.3125	-0.0236328125
9.3125	-0.0236328125
9.375	-0.01953125
9.375	-0.01953125
9.4375	-0.0158203125
9.4375	-0.0158203125
9.5	-0.0125
9.5	-0.0125
9.5625	-0.0095703125
9.5625	-0.0095703125
9.625	-0.00703125
9.625	-0.00703125
9.6875	-0.0048828125
9.6875	-0.0048828125
9.75	-0.003125
9.75	-0.003125
9.8125	-0.0017578125
9.8125	-0.0017578125
9.875	-0.00078125
9.875	-0.00078125
9.9375	-0.0001953125
9.9375	-0.0001953125
10	0
10	0
10.0625	-0.0001953125
10.0625	-0.0001953125
10.125	-0.00078125
10.125	-0.00078125
10.1875	-0.0017578125
10.1875	-0.0017578125
10.25	-0.003125
10.25	-0.003125
10.3125	-0.0048828125
10.3125	-0.0048828125
10.375	-0.00703125
10.375	-0.00703125
10.4375	-0.0095703125
10.4375	-0.0095703125
10.5	-0.0125
10.5	-0.0125
10.5625	-0.0158203125
10.5625	-0.0158203125
10.625	-0.01953125
10.625	-0.01953125
10.6875	-0.0236328125
10.6875	-0.0236328125
10.75	-0.028125
10.75	-0.028125
10.8125	-0.0330078125
10.8125	-0.0330078125
10.875	-0.03828125
10.875	-0.03828125
10.9375	-0.0439453125
10.9375	-0.0439453125
11	-0.05
11	-0.05
11.0625	-0.0564453125
11.0625	-0.0564453125
11.125	-0.06328125
11.125	-0.06328125
11.1875	-0.0705078125
11.1875	-0.0705078125
11.25	-0.078125
11.25	-0.078125
11.3125	-0.0861328125
11.3125	-0.0861328125
11.375	-0.09453125
11.375	-0.09453125
11.4375	-0.1033203125
11.4375	-0.1033203125
11.5	-0.1125
11.5	-0.1125
11.5625	-0.1220703125
11.5625	-0.1220703125
11.625	-0.13203125
11.625	-0.13203125
11.6875	-0.1423828125
11.6875	-0.1423828125
11.75	-0.153125
11.75	-0.153125
11.8125	-0.1642578125
11.8125	-0.1642578125
11.875	-0.17578125
11.875	-0.17578125
11.9375	-0.1876953125
11.9375	-0.1876953125
12	-0.2
12	-0.2
12.0625	-0.2
12.0625	-0.2
12.125	-0.2
12.125	-0.2
12.1875	-0.2
12.1875	-0.2
12.25	-0.2
12.25	-0.2
12.3125	-0.2
12.3125	-0.2
12.375	-0.2
12.375	-0.2
12.4375	-0.2
12.4375	-0.2
12.5	-0.2
12.5	-0.2
12.5625	-0.2
12.5625	-0.2
12.625	-0.2
12.625	-0.2
12.6875	-0.2
12.6875	-0.2
12.75	-0.2
12.75	-0.2
12.8125	-0.2
12.8125	-0.2
12.875	-0.2
12.875	-0.2
12.9375	-0.2
12.9375	-0.2
13	-0.2
13	-0.2
13.0625	-0.2
13.0625	-0.2
13.125	-0.2
13.125	-0.2
13.1875	-0.2
13.1875	-0.2
13.25	-0.2
13.25	-0.2
13.3125	-0.2
13.3125	-0.2
13.375	-0.2
13.375	-0.2
13.4375	-0.2
13.4375	-0.2
13.5	-0.2
13.5	-0.2
13.5625	-0.2
13.5625	-0.2
13.625	-0.2
13.625	-0.2
13.6875	-0.2
13.6875	-0.2
13.75	-0.2
13.75	-0.2
13.8125	-0.2
13.8125	-0.2
13.875	-0.2
13.875	-0.2
13.9375	-0.2
13.9375	-0.2
14	-0.2
14	-0.2
14.0625	-0.2
14.0625	-0.2
14.125	-0.2
14.125	-0.2
14.1875	-0.2
14.1875	-0.2
14.25	-0.2
14.25	-0.2
14.3125	-0.2
14.3125	-0.2
14.375	-0.2
14.375	-0.2
14.4375	-0.2
14.4375	-0.2
14.5	-0.2
14.5	-0.2
14.5625	-0.2
14.5625	-0.2
14.625	-0.2
14.625	-0.2
14.6875	-0.2
14.6875	-0.2
14.75	-0.2
14.75	-0.2
14.8125	-0.2
14.8125	-0.2
14.875	-0.2
14.875	-0.2
14.9375	-0.2
14.9375	-0.2
15	-0.2
15	-0.2
15.0625	-0.2
15.0625	-0.2
15.125	-0.2
15.125	-0.2
15.1875	-0.2
15.1875	-0.2
15.25	-0.2
15.25	-0.2
15.3125	-0.2
15.3125	-0.2
15.375	-0.2
15.375	-0.2
15.4375	-0.2
15.4375	-0.2
15.5	-0.2
15.5	-0.2
15.5625	-0.2
15.5625	-0.2
15.625	-0.2
15.625	-0.2
15.6875	-0.2
15.6875	-0.2
15.75	-0.2
15.75	-0.2
15.8125	-0.2
15.8125	-0.2
15.875	-0.2
15.875	-0.2
15.9375	-0.2
15.9375	-0.2
16	-0.2
16	-0.2
16.0625	-0.2
16.0625	-0.2
16.125	-0.2
16.125	-0.2
16.1875	-0.2
16.1875	-0.2
16.25	-0.2
16.25	-0.2
16.3125	-0.2
16.3125	-0.2
16.375	-0.2
16.375	-0.2
16.4375	-0.2
16.4375	-0.2
16.5	-0.2
16.5	-0.2
16.5625	-0.2
16.5625	-0.2
16.625	-0.2
16.625	-0.2
16.6875	-0.2
16.6875	-0.2
16.75	-0.2
16.75	-0.2
16.8125	-0.2
16.8125	-0.2
16.875	-0.2
16.875	-0.2
16.9375	-0.2
16.9375	-0.2
17	-0.2
17	-0.2
17.0625	-0.2
17.0625	-0.2
17.125	-0.2
17.125	-0.2
17.1875	-0.2
17.1875	-0.2
17.25	-0.2
17.25	-0.2
17.3125	-0.2
17.3125	-0.2
17.375	-0.2
17.375	-0.2
17.4375	-0.2
17.4375	-0.2
17.5	-0.2
17.5	-0.2
17.5625	-0.2
17.5625	-0.2
17.625	-0.2
17.625	-0.2
17.6875	-0.2
17.6875	-0.2
17.75	-0.2
17.75	-0.2
17.8125	-0.2
17.8125	-0.2
17.875	-0.2
17.875	-0.2
17.9375	-0.2
17.9375	-0.2
18	-0.2
18	-0.2
18.0625	-0.2
18.0625	-0.2
18.125	-0.2
18.125	-0.2
18.1875	-0.2
18.1875	-0.2
18.25	-0.2
18.25	-0.2
18.3125	-0.2
18.3125	-0.2
18.375	-0.2
18.375	-0.2
18.4375	-0.2
18.4375	-0.2
18.5	-0.2
18.5	-0.2
18.5625	-0.2
18.5625	-0.2
18.625	-0.2
18.625	-0.2
18.6875	-0.2
18.6875	-0.2
18.75	-0.2
18.75	-0.2
18.8125	-0.2
18.8125	-0.2
18.875	-0.2
18.875	-0.2
18.9375	-0.2
18.9375	-0.2
19	-0.2
19	-0.2
19.0625	-0.2
19.0625	-0.2
19.125	-0.2
19.125	-0.2
19.1875	-0.2
19.1875	-0.2
19.25	-0.2
19.25	-0.2
19.3125	-0.2
19.3125	-0.2
19.375	-0.2
19.375	-0.2
19.4375	-0.2
19.4375	-0.2
19.5	-0.2
19.5	-0.2
19.5625	-0.2
19.5625	-0.2
19.625	-0.2
19.625	-0.2
19.6875	-0.2
19.6875	-0.2
19.75	-0.2
19.75	-0.2
19.8125	-0.2
19.8125	-0.2
19.875	-0.2
19.875	-0.2
19.9375	-0.2
19.9375	-0.2
20	-0.2
0	-0
0.0625	0
0.0625	-0
0.125	0
0.125	-0
0.1875	0
0.1875	-0
0.25	0
0.25	-0
0.3125	0
0.3125	-0
0.375	0
0.375	-0
0.4375	0
0.4375	-0
0.5	0
0.5	-0
0.5625	0
0.5625	-0
0.625	0
0.625	-0
0.6875	0
0.6875	-0
0.75	0
0.75	-0
0.8125	0
0.8125	-0
0.875	0
0.875	-0
0.9375	0
0.9375	-0
1	0
1	-0
1.0625	0
1.0625	-0
1.125	0
1.125	-0
1.1875	0
1.1875	-0
1.25	0
1.25	-0
1.3125	0
1.3125	-0
1.375	0
1.375	-0
1.4375	0
1.4375	-0
1.5	0
1.5	-0
1.5625	0
1.5625	-0
1.625	0
1.625	-0
1.6875	0
1.6875	-0
1.75	0
1.75	-0
1.8125	0
1.8125	-0
1.875	0
1.875	-0
1.9375	0
1.9375	-0
2	0
2	-0
2.0625	0
2.0625	-0
2.125	0
2.125	-0
2.1875	0
2.1875	-0
2.25	0
2.25	-0
2.3125	0
2.3125	-0
2.375	0
2.375	-0
2.4375	0
2.4375	-0
2.5	0
2.5	-0
2.5625	0
2.5625	-0
2.625	0
2.625	-0
2.6875	0
2.6875	-0
2.75	0
2.75	-0
2.8125	0
2.8125	-0
2.875	0
2.875	-0
2.9375	0
2.9375	-0
3	0
3	-0
3.0625	0
3.0625	-0
3.125	0
3.125	-0
3.1875	0
3.1875	-0
3.25	0
3.25	-0
3.3125	0
3.3125	-0
3.375	0
3.375	-0
3.4375	0
3.4375	-0
3.5	0
3.5	-0
3.5625	0
3.5625	-0
3.625	0
3.625	-0
3.6875	0
3.6875	-0
3.75	0
3.75	-0
3.8125	0
3.8125	-0
3.875	0
3.875	-0
3.9375	0
3.9375	-0
4	0
4	-0
4.0625	0
4.0625	-0
4.125	0
4.125	-0
4.1875	0
4.1875	-0
4.25	0
4.25	-0
4.3125	0
4.3125	-0
4.375	0
4.375	-0
4.4375	0
4.4375	-0
4.5	0
4.5	-0
4.5625	0
4.5625	-0
4.625	0
4.625	-0
4.6875	0
4.6875	-0
4.75	0
4.75	-0
4.8125	0
4.8125	-0
4.875	0
4.875	-0
4.9375	0
4.9375	-0
5	0
5	-0
5.0625	0
5.0625	-0
5.125	0
5.125	-0
5.1875	0
5.1875	-0
5.25	0
5.25	-0
5.3125	0
5.3125	-0
5.375	0
5.375	-0
5.4375	0
5.4375	-0
5.5	0
5.5	-0
5.5625	0
5.5625	-0
5.625	0
5.625	-0
5.6875	0
5.6875	-0
5.75	0
5.75	-0
5.8125	0
5.8125	-0
5.875	0
5.875	-0
5.9375	0
5.9375	-0
6	0
6	-0
6.0625	0
6.0625	-0
6.125	0
6.125	-0
6.1875	0
6.1875	-0
6.25	0
6.25	-0
6.3125	0
6.3125	-0
6.375	0
6.375	-0
6.4375	0
6.4375	-0
6.5	0
6.5	-0
6.5625	0
6.5625	-0
6.625	0
6.625	-0
6.6875	0
6.6875	-0
6.75	0
6.75	-0
6.8125	0
6.8125	-0
6.875	0
6.875	-0
6.9375	0
6.9375	-0
7	0
7	-0
7.0625	0
7.0625	-0
7.125	0
7.125	-0
7.1875	0
7.1875	-0
7.25	0
7.25	-0
7.3125	0
7.3125	-0
7.375	0
7.375	-0
7.4375	0
7.4375	-0
7.5	0
7.5	-0
7.5625	0
7.5625	-0
7.625	0
7.625	-0
7.6875	0
7.6875	-0
7.75	0
7.75	-0
7.8125	0
7.8125	-0
7.875	0
7.875	-0
7.9375	0
7.9375	-0
8	0
8	0.0123046875
8.0625	0.0123046875
8.0625	0.0119140625
8.125	0.0119140625
8.125	0.0115234375
8.1875	0.0115234375
8.1875	0.0111328125
8.25	0.0111328125
8.25	0.0107421875
8.3125	0.0107421875
8.3125	0.0103515625
8.375	0.0103515625
8.375	0.00996093750000002
8.4375	0.00996093750000002
8.4375	0.0095703125
8.5	0.0095703125
8.5	0.00917968749999999
8.5625	0.00917968749999999
8.5625	0.0087890625
8.625	0.0087890625
8.625	0.00839843750000001
8.6875	0.00839843750000001
8.6875	0.0080078125
8.75	0.0080078125
8.75	0.0076171875
8.8125	0.0076171875
8.8125	0.00722656250000001
8.875	0.00722656250000001
8.875	0.00683593749999999
8.9375	0.00683593749999999
8.9375	0.0064453125
9	0.0064453125
9	0.0060546875
9.0625	0.0060546875
9.0625	0.0056640625
9.125	0.0056640625
9.125	0.0052734375
9.1875	0.0052734375
9.1875	0.0048828125
9.25	0.0048828125
9.25	0.0044921875
9.3125	0.0044921875
9.3125	0.0041015625
9.375	0.0041015625
9.375	0.0037109375
9.4375	0.0037109375
9.4375	0.0033203125
9.5	0.0033203125
9.5	0.0029296875
9.5625	0.0029296875
9.5625	0.0025390625
9.625	0.0025390625
9.625	0.0021484375
9.6875	0.0021484375
9.6875	0.0017578125
9.75	0.0017578125
9.75	0.0013671875
9.8125	0.0013671875
9.8125	0.0009765625
9.875	0.0009765625
9.875	0.0005859375
9.9375	0.0005859375
9.9375	0.0001953125
10	0.0001953125
10	-0.0001953125
10.0625	-0.0001953125
10.0625	-0.0005859375
10.125	-0.0005859375
10.125	-0.0009765625
10.1875	-0.0009765625
10.1875	-0.0013671875
10.25	-0.0013671875
10.25	-0.0017578125
10.3125	-0.0017578125
10.3125	-0.0021484375
10.375	-0.0021484375
10.375	-0.0025390625
10.4375	-0.0025390625
10.4375	-0.0029296875
10.5	-0.0029296875
10.5	-0.0033203125
10.5625	-0.0033203125
10.5625	-0.0037109375
10.625	-0.0037109375
10.625	-0.0041015625
10.6875	-0.0041015625
10.6875	-0.0044921875
10.75	-0.0044921875
10.75	-0.0048828125
10.8125	-0.0048828125
10.8125	-0.0052734375
10.875	-0.0052734375
10.875	-0.0056640625
10.9375	-0.0056640625
10.9375	-0.0060546875
11	-0.0060546875
11	-0.0064453125
11.0625	-0.0064453125
11.0625	-0.00683593749999999
11.125	-0.00683593749999999
11.125	-0.00722656250000001
11.1875	-0.00722656250000001
11.1875	-0.0076171875
11.25	-0.0076171875
11.25	-0.0080078125
11.3125	-0.0080078125
11.3125	-0.00839843750000001
11.375	-0.00839843750000001
11.375	-0.0087890625
11.4375	-0.0087890625
11.4375	-0.00917968749999999
11.5	-0.00917968749999999
11.5	-0.0095703125
11.5625	-0.0095703125
11.5625	-0.00996093750000002
11.625	-0.00996093750000002
11.625	-0.0103515625
11.6875	-0.0103515625
11.6875	-0.0107421875
11.75	-0.0107421875
11.75	-0.0111328125
11.8125	-0.0111328125
11.8125	-0.0115234375
11.875	-0.0115234375
11.875	-0.0119140625
11.9375	-0.0119140625
11.9375	-0.0123046875
12	-0.0123046875
12	-0
12.0625	0
12.0625	-0
12.125	0
12.125	-0
12.1875	0
12.1875	-0
12.25	0
12.25	-0
12.3125	0
12.3125	-0
12.375	0
12.375	-0
12.4375	0
12.4375	-0
12.5	0
12.5	-0
12.5625	0
12.5625	-0
12.625	0
12.625	-0
12.6875	0
12.6875	-0
12.75	0
12.75	-0
12.8125	0
12.8125	-0
12.875	0
12.875	-0
12.9375	0
12.9375	-0
13	0
13	-0
13.0625	0
13.0625	-0
13.125	0
13.125	-0
13.1875	0
13.1875	-0
13.25	0
13.25	-0
13.3125	0
13.3125	-0
13.375	0
13.375	-0
13.4375	0
13.4375	-0
13.5	0
13.5	-0
13.5625	0
13.5625	-0
13.625	0
13.625	-0
13.6875	0
13.6875	-0
13.75	0
13.75	-0
13.8125	0
13.8125	-0
13.875	0
13.875	-0
13.9375	0
13.9375	-0
14	0
14	-0
14.0625	0
14.0625	-0
14.125	0
14.125	-0
14.1875	0
14.1875	-0
14.25	0
14.25	-0
14.3125	0
14.3125	-0
14.375	0
14.375	-0
14.4375	0
14.4375	-0
14.5	0
14.5	-0
14.5625	0
14.5625	-0
14.625	0
14.625	-0
14.6875	0
14.6875	-0
14.75	0
14.75	-0
14.8125	0
14.8125	-0
14.875	0
14.875	-0
14.9375	0
14.9375	-0
15	0
15	-0
15.0625	0
15.0625	-0
15.125	0
15.125	-0
15.1875	0
15.1875	-0
15.25	0
15.25	-0
15.3125	0
15.3125	-0
15.375	0
15.375	-0
15.4375	0
15.4375	-0
15.5	0
15.5	-0
15.5625	0
15.5625	-0
15.625	0
15.625	-0
15.6875	0
15.6875	-0
15.75	0
15.75	-0
15.8125	0
15.8125	-0
15.875	0
15.875	-0
15.9375	0
15.9375	-0
16	0
16	-0
16.0625	0
16.0625	-0
16.125	0
16.125	-0
16.1875	0
16.1875	-0
16.25	0
16.25	-0
16.3125	0
16.3125	-0
16.375	0
16.375	-0
16.4375	0
16.4375	-0
16.5	0
16.5	-0
16.5625	0
16.5625	-0
16.625	0
16.625	-0
16.6875	0
16.6875	-0
16.75	0
16.75	-0
16.8125	0
16.8125	-0
16.875	0
16.875	-0
16.9375	0
16.9375	-0
17	0
17	-0
17.0625	0
17.0625	-0
17.125	0
17.125	-0
17.1875	0
17.1875	-0
17.25	0
17.25	-0
17.3125	0
17.3125	-0
17.375	0
17.375	-0
17.4375	0
17.4375	-0
17.5	0
17.5	-0
17.5625	0
17.5625	-0
17.625	0
17.625	-0
17.6875	0
17.6875	-0
17.75	0
17.75	-0
17.8125	0
17.8125	-0
17.875	0
17.875	-0
17.9375	0
17.9375	-0
18	0
18	-0
18.0625	0
18.0625	-0
18.125	0
18.125	-0
18.1875	0
18.1875	-0
18.25	0
18.25	-0
18.3125	0
18.3125	-0
18.375	0
18.375	-0
18.4375	0
18.4375	-0
18.5	0
18.5	-0
18.5625	0
18.5625	-0
18.625	0
18.625	-0
18.6875	0
18.6875	-0
18.75	0
18.75	-0
18.8125	0
18.8125	-0
18.875	0
18.875	-0
18.9375	0
18.9375	-0
19	0
19	-0
19.0625	0
19.0625	-0
19.125	0
19.125	-0
19.1875	0
19.1875	-0
19.25	0
19.25	-0
19.3125	0
19.3125	-0
19.375	0
19.375	-0
19.4375	0
19.4375	-0
19.5	0
19.5	-0
19.5625	0
19.5625	-0
19.625	0
19.625	-0
19.6875	0
19.6875	-0
19.75	0
19.75	-0
19.8125	0
19.8125	-0
19.875	0
19.875	-0
19.9375	0
19.9375	-0
20	0
