3	1
1280
0	0.2
0.15625	0.2
0.15625	0.2
0.3125	0.2
0.3125	0.2
0.46875	0.2
0.46875	0.2
0.625	0.2
0.625	0.2
0.78125	0.2
0.78125	0.2
0.9375	0.2
0.9375	0.2
1.09375	0.2
1.09375	0.2
1.25	0.2
1.25	0.2
1.40625	0.2
1.40625	0.2
1.5625	0.2
1.5625	0.2
1.71875	0.2
1.71875	0.2
1.875	0.2
1.875	0.2
2.03125	0.2
2.03125	0.2
2.1875	0.2
2.1875	0.2
2.34375	0.2
2.34375	0.2
2.5	0.2
2.5	0.2
2.65625	0.2
2.65625	0.2
2.8125	0.2
2.8125	0.2
2.96875	0.2
2.96875	0.2
3.125	0.2
3.125	0.2
3.28125	0.2
3.28125	0.2
3.4375	0.2
3.4375	0.2
3.59375	0.2
3.59375	0.2
3.75	0.2
3.75	0.2
3.90625	0.2
3.90625	0.2
4.0625	0.2
4.0625	0.2
4.21875	0.2
4.21875	0.2
4.375	0.2
4.375	0.2
4.53125	0.2
4.53125	0.2
4.6875	0.2
4.6875	0.2
4.84375	0.2
4.84375	0.2
5	0.2
5	0.2
5.15625	0.2
5.15625	0.2
5.3125	0.2
5.3125	0.2
5.46875	0.2
5.46875	0.2
5.625	0.2
5.625	0.2
5.78125	0.2
5.78125	0.2
5.9375	0.2
5.9375	0.2
6.09375	0.2
6.09375	0.2
6.25	0.2
6.25	0.2
6.40625	0.2
6.40625	0.2
6.5625	0.2
6.5625	0.2
6.71875	0.2
6.71875	0.2
6.875	0.2
6.875	0.2
7.03125	0.2
7.03125	0.2
7.1875	0.2
7.1875	0.2
7.34375	0.2
7.34375	0.2
7.5	0.2
7.5	0.2
7.65625	0.2
7.65625	0.2
7.8125	0.2
7.8125	0.2
7.96875	0.2
7.96875	0.2
8.125	0.2
8.125	0.2
8.28125	0.2
8.28125	0.2
8.4375	0.2
8.4375	0.2
8.59375	0.2
8.59375	0.2
8.75	0.2
8.75	0.2
8.90625	0.2
8.90625	0.2
9.0625	0.2
9.0625	0.2
9.21875	0.2
9.21875	0.2
9.375	0.2
9.375	0.2
9.53125	0.2
9.53125	0.2
9.6875	0.2
9.6875	0.2
9.84375	0.2
9.84375	0.2
10	0.2
10	0.2
10.15625	0.2
10.15625	0.2
10.3125	0.2
10.3125	0.2
10.46875	0.2
10.46875	0.2
10.625	0.2
10.625	0.2
10.78125	0.199999999999999
10.78125	0.199999999999999
10.9375	0.199999999999998
10.9375	0.199999999999999
11.09375	0.199999999999998
11.09375	0.199999999999998
11.25	0.199999999999997
11.25	0.199999999999997
11.40625	0.199999999999996
11.40625	0.199999999999995
11.5625	0.199999999999988
11.5625	0.199999999999987
11.71875	0.199999999999989
11.71875	0.199999999999994
11.875	0.200000000000005
11.875	0.200000000000001
12.03125	0.199999999999957
12.03125	0.199999999999944
12.1875	0.199999999999973
12.1875	0.200000000000017
12.34375	0.200000000000135
12.34375	0.200000000000101
12.5	0.199999999999769
12.5	0.199999999999671
12.65625	0.199999999999878
12.65625	0.200000000000182
12.8125	0.200000000000703
12.8125	0.200000000000344
12.96875	0.199999999998773
12.96875	0.199999999998852
13.125	0.200000000002856
13.125	0.200000000004213
13.28125	0.199999999994345
13.28125	0.199999999986528
13.4375	0.199999999983639
13.4375	0.200000000002643
13.59375	0.200000000115796
13.59375	0.200000000124554
13.75	0.199999999830491
13.75	0.199999999653165
13.90625	0.199999999516976
13.90625	0.199999999893347
14.0625	0.200000002245623
14.0625	0.200000002571431
14.21875	0.199999998414819
14.21875	0.199999995357019
14.375	0.199999989713613
14.375	0.199999994120677
14.53125	0.200000028644288
14.53125	0.200000036799257
14.6875	0.200000001193523
14.6875	0.199999962320778
14.84375	0.199999854802155
14.84375	0.199999887903306
15	0.20000025271788
15	0.200000373829898
15.15625	0.200000199826693
15.15625	0.199999828374588
15.3125	0.199998593455138
15.3125	0.199998768421702
15.46875	0.200001708789167
15.46875	0.200002880363954
15.625	0.200002131987588
15.625	0.199999189959
15.78125	0.199989762912527
15.78125	0.199991247923911
15.9375	0.200013584775434
15.9375	0.200021639545559
16.09375	0.200007558083387
16.09375	0.199983435136257
16.25	0.199926250292372
16.25	0.199950120654997
16.40625	0.200153245646523
16.40625	0.200201217859201
16.5625	0.199965469500953
16.5625	0.199742704520657
16.71875	0.199378317065085
16.71875	0.199696549121208
16.875	0.201641566799333
16.875	0.201917464045161
17.03125	0.199341719572778
17.03125	0.197352820393652
17.1875	0.195166758943583
17.1875	0.199170559851549
17.34375	0.217525079268314
17.34375	0.218368149484054
17.5	0.223132555730657
17.5	0.221406085281519
17.65625	0.222688099164566
17.65625	0.221635306465576
17.8125	0.221689702942408
17.8125	0.221305000795887
17.96875	0.221095207963773
17.96875	0.22092845740574
18.125	0.220683280407062
18.125	0.22062685691716
18.28125	0.220346865262315
18.28125	0.220322516538466
18.4375	0.2200342172419
18.4375	0.2200228620196
18.59375	0.219736334629912
18.59375	0.219737027687904
18.75	0.219441174372215
18.75	0.21943668493926
18.90625	0.219143529205285
18.90625	0.219143558545626
19.0625	0.218851515835478
19.0625	0.218853441448719
19.21875	0.218559731599146
19.21875	0.21855819236512
19.375	0.218270590791028
19.375	0.218273065458304
19.53125	0.217988157687845
19.53125	0.217989738614091
19.6875	0.217709032981313
19.6875	0.217709832430922
19.84375	0.217436928174493
19.84375	0.217440223735998
20	0.217172683410518
20	0.217174576806786
20.15625	0.21691498728717
20.15625	0.216917475054538
20.3125	0.216666805466787
20.3125	0.216670322492602
20.46875	0.216427583505364
20.46875	0.216430127477269
20.625	0.216197417857886
20.625	0.21620086770501
20.78125	0.215977994058093
20.78125	0.215981575146211
20.9375	0.215768498795693
20.9375	0.215771667272055
21.09375	0.215569561432028
21.09375	0.215573408738655
21.25	0.21538175487671
21.25	0.215385357560108
21.40625	0.215204425250476
21.40625	0.215207965310193
21.5625	0.215038092027865
21.5625	0.215041941804385
21.71875	0.214882579354903
21.71875	0.214886105026665
21.875	0.214737391877894
21.875	0.214740959715207
22.03125	0.214602659102687
22.03125	0.214606232874861
22.1875	0.214477828586074
22.1875	0.214481119196119
22.34375	0.214362497624471
22.34375	0.214365800572133
22.5	0.21425646443548
22.5	0.214259611393077
22.65625	0.214159110496
22.65625	0.214162048994707
22.8125	0.214070089914717
22.8125	0.214072979018351
22.96875	0.21398901792062
22.96875	0.21399170285643
23.125	0.213915333177639
23.125	0.213917864400421
23.28125	0.213848680020087
23.28125	0.213851104221874
23.4375	0.213788579675325
23.4375	0.213790802375682
23.59375	0.213734528950333
23.59375	0.213736618690208
23.75	0.213686134547553
23.75	0.213688080760036
23.90625	0.213642903834438
23.90625	0.213644671773826
24.0625	0.213604398256547
24.0625	0.213606041381837
24.21875	0.213570226898246
24.21875	0.213571721678309
24.375	0.213539957276363
24.375	0.21354130763071
24.53125	0.213513230975848
24.53125	0.213514468711468
24.6875	0.213489705450395
24.6875	0.213490814042447
24.84375	0.213469040312028
24.84375	0.213470039018621
25	0.213450955528869
25	0.213451858770863
25.15625	0.213435174757197
25.15625	0.213435976645031
25.3125	0.213421444258445
25.3125	0.213422164443545
25.46875	0.213409548502672
25.46875	0.21341019150046
25.625	0.213399274794175
25.625	0.213399842499181
25.78125	0.21339043728468
25.78125	0.213390943975314
25.9375	0.213382871104298
25.9375	0.213383317663254
26.09375	0.213376417656996
26.09375	0.213376809752552
26.25	0.213370941539267
26.25	0.213371287797929
26.40625	0.213366318676078
26.40625	0.213366619802242
26.5625	0.21336243433714
26.5625	0.213362696699533
26.71875	0.21335919096537
26.71875	0.21335941925655
26.875	0.213356498147599
26.875	0.213356693952065
27.03125	0.21335427573095
27.03125	0.213354444445159
27.1875	0.213352455148381
27.1875	0.213352599307302
27.34375	0.213350973451313
27.34375	0.213351095292013
27.5	0.213349776887305
27.5	0.213349880292074
27.65625	0.21334881909308
27.65625	0.213348905609409
27.8125	0.213348058566369
27.8125	0.213348130502857
27.96875	0.213347460886708
27.96875	0.213347520725496
28.125	0.213346996221546
28.125	0.213347045090818
28.28125	0.213346638806215
28.28125	0.213346678642106
28.4375	0.213346367693185
28.4375	0.213346399945446
28.59375	0.213346164778234
28.59375	0.213346190349071
28.75	0.213346015080133
28.75	0.213346035356749
28.90625	0.213345906559981
28.90625	0.213345922339594
29.0625	0.213345828960692
29.0625	0.213345840953863
29.21875	0.213345774190358
29.21875	0.213345783265651
29.375	0.213345735789188
29.375	0.213345742376366
29.53125	0.213345708423938
29.53125	0.213345713042144
29.6875	0.213345688110258
29.6875	0.213345691237269
29.84375	0.213345671696031
29.84375	0.213345673569347
30	0.213345656736288
30	0.213345657699185
30.15625	0.213345641534203
30.15625	0.213345641816764
30.3125	0.213345624785735
30.3125	0.213345624526499
30.46875	0.213345605611873
30.46875	0.213345605012273
30.625	0.213345583493721
30.625	0.213345582648444
30.78125	0.213345558085632
30.78125	0.213345557077844
30.9375	0.213345529276925
30.9375	0.213345528207243
31.09375	0.213345497098918
31.09375	0.213345495998021
31.25	0.213345461655782
31.25	0.213345460572568
31.40625	0.213345423162478
31.40625	0.213345422136482
31.5625	0.213345381866723
31.5625	0.2133453809034
31.71875	0.213345338042432
31.71875	0.21334533716721
31.875	0.21334529200005
31.875	0.213345291220528
32.03125	0.213345244038474
32.03125	0.213345243351762
32.1875	0.213345194461402
32.1875	0.213345193876496
32.34375	0.213345143572108
32.34375	0.213345143083271
32.5	0.213345091651052
32.5	0.213345091254385
32.65625	0.213345038971106
32.65625	0.213345038666449
32.8125	0.213344985786989
32.8125	0.213344985564944
32.96875	0.213344932331235
32.96875	0.213344932187576
33.125	0.213344878824168
33.125	0.213344878753981
33.28125	0.213344825464937
33.28125	0.213344825459381
33.4375	0.213344772435238
33.4375	0.213344772489948
33.59375	0.213344719903501
33.59375	0.213344720012444
33.75	0.21334466801903
33.75	0.213344668175966
33.90625	0.213344616916096
33.90625	0.21334461711696
34.0625	0.213344566714882
34.0625	0.213344566953392
34.21875	0.213344517521226
34.21875	0.213344517792197
34.375	0.213344469431139
34.375	0.213344469730703
34.53125	0.213344422529411
34.53125	0.213344422852876
34.6875	0.213344376889407
34.6875	0.213344377233247
34.84375	0.213344332575401
34.84375	0.213344332936147
35	0.21334428964215
35	0.21334429001608
35.15625	0.213344248136328
35.15625	0.213344248520518
35.3125	0.213344208097896
35.3125	0.21334420848908
35.46875	0.213344169560354
35.46875	0.213344169955586
35.625	0.213344132552076
35.625	0.213344132949364
35.78125	0.213344097095792
35.78125	0.213344097493132
35.9375	0.213344063207877
35.9375	0.213344063603169
36.09375	0.21334403089982
36.09375	0.213344031290715
36.25	0.21334400017992
36.25	0.21334400056411
36.40625	0.21334397105426
36.40625	0.213343971430351
36.5625	0.213343943526067
36.5625	0.213343943893116
36.71875	0.213343917594265
36.71875	0.213343917951029
36.875	0.213343893254046
36.875	0.213343893598876
37.03125	0.213343870498897
37.03125	0.213343870830063
37.1875	0.213343849321877
37.1875	0.213343849638285
37.34375	0.213343829715232
37.34375	0.213343830016424
37.5	0.213343811668939
37.5	0.213343811954361
37.65625	0.21334379517041
37.65625	0.213343795439081
37.8125	0.213343780205962
37.8125	0.213343780456717
37.96875	0.213343766762283
37.96875	0.213343766994263
38.125	0.213343754826563
38.125	0.213343755039419
38.28125	0.213343744385594
38.28125	0.21334374457911
38.4375	0.213343735425158
38.4375	0.213343828264848
38.59375	0.212159411750126
38.59375	0.21219849962121
38.75	0.190083817623294
38.75	0.190076906450329
38.90625	0.170081271292704
38.90625	0.170042254536852
39.0625	0.152077452634444
39.0625	0.152001498218776
39.21875	0.135978233019048
39.21875	0.135847029135471
39.375	0.121676110303542
39.375	0.121453991917254
39.53125	0.109057847638303
39.53125	0.108676305173449
39.6875	0.0980219367271938
39.6875	0.0973305560748978
39.84375	0.0885476826051346
39.84375	0.0870979911869129
40	0.0814260999449903
40	0.0775531154407413
40.15625	0.0722636248113731
40.15625	0.0712115549857121
40.3125	0.0654361784821006
40.3125	0.0648807141140404
40.46875	0.0596211599180887
40.46875	0.0592522720718488
40.625	0.0545682333012768
40.625	0.0542997590425844
40.78125	0.0501520771624345
40.78125	0.0161398843967277
40.9375	0.107750766695166
40.9375	0.127672560646241
41.09375	0.147284963773881
41.09375	0.147210243603666
41.25	0.168315428977284
41.25	0.168186030926185
41.40625	0.191007296857101
41.40625	0.190858001421217
41.5625	0.192141279000235
41.5625	0.192091680285975
41.71875	0.192116479655038
41.71875	0.192099959335624
41.875	0.192108235948932
41.875	0.19210273024955
42.03125	0.192105502863904
42.03125	0.192103667397517
42.1875	0.192104606817458
42.1875	0.192103994595539
42.34375	0.192104324234918
42.34375	0.192104119723907
42.5	0.192104247418489
42.5	0.192104178788734
42.65625	0.192104240542264
42.65625	0.192104217185253
42.8125	0.192104258396275
42.8125	0.192104250108741
42.96875	0.19210428597698
42.96875	0.192104282690425
43.125	0.192104318351971
43.125	0.192104316709395
43.28125	0.192104353948416
43.28125	0.192104352829934
43.4375	0.192104392315935
43.4375	0.192104391347303
43.59375	0.192104433381005
43.59375	0.19210443243646
43.75	0.192104477198677
43.75	0.19210447623522
43.90625	0.192104523870059
43.90625	0.192104522872233
44.0625	0.192104573514922
44.0625	0.192104572476435
44.21875	0.19210462626259
44.21875	0.192104625180171
44.375	0.192104682248977
44.375	0.192104681120281
44.53125	0.192104741615842
44.53125	0.19210474043871
44.6875	0.192104804510873
44.6875	0.192104803283118
44.84375	0.192104871087989
44.84375	0.192104869807401
45	0.192104941507549
45	0.192104940171907
45.15625	0.192105015936455
45.15625	0.192105014543427
45.3125	0.192105094548389
45.3125	0.192105093095397
45.46875	0.192105177524369
45.46875	0.192105176008594
45.625	0.192105265053505
45.625	0.192105263472021
45.78125	0.192105357333523
45.78125	0.192105355683384
45.9375	0.192105454570909
45.9375	0.192105452849068
46.09375	0.192105556981046
46.09375	0.192105555184183
46.25	0.19210566478878
46.25	0.192105662913241
46.40625	0.192105778229382
46.40625	0.192105776271282
46.5625	0.192105897549448
46.5625	0.192105895504775
46.71875	0.192106023007413
46.71875	0.192106020872007
46.875	0.192106154873916
46.875	0.192106152643344
47.03125	0.192106293432419
47.03125	0.192106291101886
47.1875	0.192106438980162
47.1875	0.19210643654454
47.34375	0.192106591829238
47.34375	0.192106589283118
47.5	0.192106752307507
47.5	0.1921067496452
47.65625	0.192106920759436
47.65625	0.192106917974903
47.8125	0.192107097547043
47.8125	0.19210709463383
47.96875	0.192107283051059
47.96875	0.19210728000228
48.125	0.192107477672196
48.125	0.192107474480552
48.28125	0.192107681832411
48.28125	0.192107678490183
48.4375	0.192107895976153
48.4375	0.192107892475161
48.59375	0.192108120571683
48.59375	0.192108116903225
48.75	0.192108356112555
48.75	0.192108352267357
48.90625	0.19210860311927
48.90625	0.192108599087454
49.0625	0.19210886214105
49.0625	0.192108857912116
49.21875	0.192109133757661
49.21875	0.192109129320473
49.375	0.192109418581306
49.375	0.192109413924064
49.53125	0.192109717258579
49.53125	0.192109712368773
49.6875	0.192110030472533
49.6875	0.19211002533687
49.84375	0.192110358944915
49.84375	0.192110353549261
50	0.192110703438618
50	0.19211069776796
50.15625	0.19211106476029
50.15625	0.192111058798706
50.3125	0.192111443763029
50.3125	0.19211143749365
50.46875	0.19211184134914
50.46875	0.19211183475409
50.625	0.192112258473039
50.625	0.192112251533371
50.78125	0.192112696144372
50.78125	0.192112688840002
50.9375	0.192113155431365
50.9375	0.192113147741016
51.09375	0.192113637464356
51.09375	0.192113629365496
51.25	0.192114143439461
51.25	0.192114134908245
51.40625	0.192114674622403
51.40625	0.19211466563361
51.5625	0.192115232352546
51.5625	0.19211522287952
51.71875	0.19211581804717
51.71875	0.192115808061766
51.875	0.192116433205899
51.875	0.192116422678443
52.03125	0.192117079415204
52.03125	0.19211706831449
52.1875	0.192117758352928
52.1875	0.192117746646185
52.34375	0.192118471792889
52.34375	0.192118459445534
52.5	0.192119221609918
52.5	0.192119208584974
52.65625	0.192120009786215
52.65625	0.192119996043561
52.8125	0.192120838419814
52.8125	0.19212082391585
52.96875	0.192121709734788
52.96875	0.192121694423063
53.125	0.192122626090866
53.125	0.192122609923564
53.28125	0.192123589989516
53.28125	0.192123572918764
53.4375	0.19212460407563
53.4375	0.192124586053335
53.59375	0.192125671137663
53.59375	0.192125652113555
53.75	0.192126794111238
53.75	0.192126774030463
53.90625	0.192127976089692
53.90625	0.192127954891781
54.0625	0.192129220339956
54.0625	0.192129197959727
54.21875	0.192130530318287
54.21875	0.192130506687467
54.375	0.192131909681598
54.375	0.192131884729609
54.53125	0.192133362295088
54.53125	0.192133335948499
54.6875	0.192134892239849
54.6875	0.192134864421258
54.84375	0.192136503823278
54.84375	0.192136474450607
55	0.19213820159231
55	0.192138170578762
55.15625	0.192139990347701
55.15625	0.192139957601911
55.3125	0.192141875157861
55.3125	0.192141840583794
55.46875	0.192143861372349
55.46875	0.192143824868951
55.625	0.192145954636254
55.625	0.19214591609701
55.78125	0.192148160906239
55.78125	0.192148120218659
55.9375	0.19215048646801
55.9375	0.192150443513008
56.09375	0.192152937955024
56.09375	0.192152892606308
56.25	0.192155522368934
56.25	0.192155474492452
56.40625	0.192158247102025
56.40625	0.192158196555429
56.5625	0.1921611199614
56.5625	0.192161066593674
56.71875	0.192164149194594
56.71875	0.192164092845979
56.875	0.192167343515856
56.875	0.192167284017927
57.03125	0.192170712132172
57.03125	0.192170649307644
57.1875	0.192174264769054
57.1875	0.192174198431023
57.34375	0.192178011697814
57.34375	0.192177941648518
57.5	0.192181963766528
57.5	0.192181889795979
57.65625	0.192186132435252
57.65625	0.192186054320108
57.8125	0.192190529814411
57.8125	0.192190447317455
57.96875	0.192195168705156
57.96875	0.192195081575395
58.125	0.192200062640509
58.125	0.192199970613586
58.28125	0.192205225926182
58.28125	0.192205128724727
58.4375	0.192210673680215
58.4375	0.192210571014019
58.59375	0.192216421871337
58.59375	0.192216313437573
58.75	0.192222487356551
58.75	0.192222372840363
58.90625	0.192228887917711
58.90625	0.192228766993438
59.0625	0.192235642295463
59.0625	0.192235514628842
59.21875	0.19224277021804
59.21875	0.192242635469643
59.375	0.192250292421455
59.375	0.192250150251493
59.53125	0.192258230656977
59.53125	0.192258080731574
59.6875	0.192266607681491
59.6875	0.192266449680608
59.84375	0.192275447226266
59.84375	0.192275280853281
60	0.192284773939649
60	0.192284598932053
60.15625	0.192294613299304
60.15625	0.192294429439282
60.3125	0.192304991491777
60.3125	0.192304798615677
60.46875	0.192315935261378
60.46875	0.192315733268283
60.625	0.192327471732472
60.625	0.192327260593881
60.78125	0.192339628205632
60.78125	0.192339407978702
60.9375	0.192352431919566
60.9375	0.192352202765005
61.09375	0.192365909765461
61.09375	0.192365671973154
61.25	0.192380087936858
61.25	0.192379841975126
61.40625	0.192394991469233
61.40625	0.192394738086836
61.5625	0.19241064354676
61.5625	0.19241038391387
61.71875	0.192427064415594
61.71875	0.192426800119739
61.875	0.192444270044423
61.875	0.192444002511332
62.03125	0.192462271650761
62.03125	0.192462000559762
62.1875	0.192481078600852
62.1875	0.192480799574456
62.34375	0.192500707461486
62.34375	0.192500410742418
62.5	0.192521196829301
62.5	0.192520869737902
62.65625	0.192542620403352
62.65625	0.192542255240511
62.8125	0.192565083715955
62.8125	0.192564688627764
62.96875	0.192588691337365
62.96875	0.192588296756344
63.125	0.192613487132981
63.125	0.192613139641251
63.28125	0.192639394687034
63.28125	0.192639136838204
63.4375	0.192666199767701
63.4375	0.192666045571826
63.59375	0.192693602984645
63.59375	0.192693525433388
63.75	0.192721329238067
63.75	0.192721270757552
63.90625	0.192749238115964
63.90625	0.192749139171302
64.0625	0.19277737121519
64.0625	0.19277719849326
64.21875	0.192805910506789
64.21875	0.192805666269584
64.375	0.192835080142389
64.375	0.192834788905568
64.53125	0.192865057567625
64.53125	0.192864742759656
64.6875	0.192895943889547
64.6875	0.19289561184791
64.84375	0.192927795299172
64.84375	0.192927434690022
65	0.192960678222272
65	0.192960269894267
65.15625	0.192994707837978
65.15625	0.192994234604235
65.3125	0.193030055206781
65.3125	0.193029505249822
65.46875	0.193066934516525
65.46875	0.193066299394026
65.625	0.19310558926919
65.625	0.193104860899603
65.78125	0.193146286947615
65.78125	0.193145456466523
65.9375	0.193189320157286
65.9375	0.193188378733808
66.09375	0.19323500796746
66.09375	0.193233948407143
66.25	0.193283693227414
66.25	0.193282511184631
66.40625	0.193335735405492
66.40625	0.19333442904894
66.5625	0.193391502243908
66.5625	0.193390070330301
66.71875	0.193451365569654
66.71875	0.193449808706997
66.875	0.193515699460612
66.875	0.193514036556377
67.03125	0.19358485224739
67.03125	0.193583164262302
67.1875	0.193659024894473
67.1875	0.193657516998893
67.34375	0.193737982374096
67.34375	0.193737012601144
67.5	0.193820619606748
67.5	0.193820607099165
67.65625	0.193904623538058
67.65625	0.193905777404017
67.8125	0.19398670291038
67.8125	0.193988643758791
67.96875	0.194063835761753
67.96875	0.194065368119345
68.125	0.194135463278517
68.125	0.194134835508136
68.28125	0.194205616993206
68.28125	0.19420138239153
68.4375	0.194283271261498
68.4375	0.194275356901584
68.59375	0.194379671236633
68.59375	0.194369899010699
68.75	0.194503213998244
68.75	0.194494758215094
68.90625	0.194654454017521
68.90625	0.194650454368289
69.0625	0.194824186727873
69.0625	0.194826276915256
69.21875	0.194996003503703
69.21875	0.195003448437413
69.375	0.195152377449268
69.375	0.195162233629994
69.53125	0.195281689561079
69.53125	0.195290033489512
69.6875	0.195383046661237
69.6875	0.195386846030499
69.84375	0.195466172589719
69.84375	0.195464832198917
70	0.195546158350298
70	0.19554152862411
70.15625	0.195635861528755
70.15625	0.195630844288198
70.3125	0.195740493669754
70.3125	0.195737229925255
70.46875	0.195857669895435
70.46875	0.195856538321195
70.625	0.195981058174042
70.625	0.195981325032955
70.78125	0.196105288589278
70.78125	0.196105683844378
70.9375	0.196228365786429
70.9375	0.196228341962925
71.09375	0.196350342806494
71.09375	0.196350262159291
71.25	0.196473000905992
71.25	0.196472896558786
71.40625	0.196595426537047
71.40625	0.19659680204454
71.5625	0.196715682432278
71.5625	0.19671762591443
71.71875	0.196832172709949
71.71875	0.196834613032743
71.875	0.196938657822217
71.875	0.19694258118003
72.03125	0.197039953756294
72.03125	0.197040519674498
72.1875	0.197130943436587
72.1875	0.197137351048765
72.34375	0.197210144094652
72.34375	0.19721685408956
72.5	0.197281153106482
72.5	0.197288005082492
72.65625	0.197303259103892
72.65625	0.197305531166637
72.8125	0.19734442342015
72.8125	0.19726721311455
72.96875	0.197474443183212
72.96875	0.197384244695642
73.125	0.197864810606159
73.125	0.197883129021968
73.28125	0.198508307214688
73.28125	0.199081925118854
73.4375	0.198011386869289
73.4375	0.199307107727519
73.59375	0.194703533652391
73.59375	0.194725025800221
73.75	0.189131199167238
73.75	0.187536433215007
73.90625	0.18592598239907
73.90625	0.185143570887209
74.0625	0.186653631941264
74.0625	0.186807540860066
74.21875	0.188102399964066
74.21875	0.188340136015973
74.375	0.188770880689496
74.375	0.188814590020808
74.53125	0.189003014586963
74.53125	0.188948516051171
74.6875	0.189289780153428
74.6875	0.189248907382462
74.84375	0.189737390528641
74.84375	0.18972983454531
75	0.190252792158867
75	0.190257052868384
75.15625	0.190764586821571
75.15625	0.190765908138213
75.3125	0.191263739324026
75.3125	0.191260591292128
75.46875	0.191764186166359
75.46875	0.191759554329744
75.625	0.192275097617227
75.625	0.192270931360238
75.78125	0.192797375319046
75.78125	0.192793995569749
75.9375	0.193328712453122
75.9375	0.193325845089968
76.09375	0.193867044630003
76.09375	0.193864502112008
76.25	0.194411123251499
76.25	0.194408932009001
76.40625	0.19495994079844
76.40625	0.194958259808424
76.5625	0.195512190476445
76.5625	0.195511249204294
76.71875	0.196065982105357
76.71875	0.196066088395738
76.875	0.19661863971429
76.875	0.1966202388849
77.03125	0.197166390666465
77.03125	0.197170152404212
77.1875	0.197703830427612
77.1875	0.197710736926069
77.34375	0.198223120456913
77.34375	0.198234493980406
77.5	0.198713003350533
77.5	0.198730341917531
77.65625	0.199158007094266
77.65625	0.199182435620136
77.8125	0.199538707830621
77.8125	0.19956993443356
77.96875	0.199834397835063
77.96875	0.199869489999336
78.125	0.200029226612853
78.125	0.200062245352312
78.28125	0.200120820342107
78.28125	0.2001446171177
78.4375	0.20012674629986
78.4375	0.200136813117508
78.59375	0.200082326889122
78.59375	0.200079937273477
78.75	0.200027674099905
78.75	0.200019098406484
78.90625	0.199991026998593
78.90625	0.199983201220674
79.0625	0.199980060383432
79.0625	0.199976595668999
79.21875	0.199986255945078
79.21875	0.19998672700764
79.375	0.199996542788935
79.375	0.199998517057947
79.53125	0.20000263857509
79.53125	0.200004071182243
79.6875	0.200003332767669
79.6875	0.200003627432337
79.84375	0.200001428505328
79.84375	0.200001060836801
80	0.199999762953
80	0.199999382953346
80.15625	0.199999326248129
80.15625	0.19999921161281
80.3125	0.199999657222844
80.3125	0.199999727818902
80.46875	0.200000027620352
80.46875	0.200000113882547
80.625	0.200000133781802
80.625	0.200000158725511
80.78125	0.200000064746241
80.78125	0.200000047840865
80.9375	0.199999989700115
80.9375	0.199999971893878
81.09375	0.199999973534677
81.09375	0.199999970297142
81.25	0.199999990550476
81.25	0.19999999502349
81.40625	0.200000004091932
81.40625	0.200000007243878
81.5625	0.200000004777569
81.5625	0.200000004696047
81.71875	0.200000000732225
81.71875	0.199999999677011
81.875	0.19999999882561
81.875	0.199999998430461
82.03125	0.199999999330656
82.03125	0.199999999512885
82.1875	0.200000000109499
82.1875	0.200000000297845
82.34375	0.200000000235983
82.34375	0.200000000244534
82.5	0.200000000045052
82.5	0.199999999990853
82.65625	0.199999999945586
82.65625	0.199999999926411
82.8125	0.199999999971089
82.8125	0.199999999981523
82.96875	0.200000000007372
82.96875	0.200000000015817
83.125	0.200000000010017
83.125	0.200000000009187
83.28125	0.200000000000402
83.28125	0.199999999997794
83.4375	0.199999999997315
83.4375	0.199999999996955
83.59375	0.19999999999928
83.59375	0.199999999999931
83.75	0.200000000000553
83.75	0.200000000000781
83.90625	0.200000000000273
83.90625	0.200000000000138
84.0625	0.199999999999878
84.0625	0.199999999999793
84.21875	0.199999999999885
84.21875	0.199999999999908
84.375	0.199999999999991
84.375	0.200000000000017
84.53125	0.200000000000006
84.53125	0.200000000000003
84.6875	0.199999999999981
84.6875	0.199999999999974
84.84375	0.199999999999976
84.84375	0.199999999999975
85	0.199999999999983
85	0.199999999999985
85.15625	0.199999999999988
85.15625	0.199999999999989
85.3125	0.199999999999989
85.3125	0.199999999999989
85.46875	0.199999999999989
85.46875	0.199999999999989
85.625	0.199999999999989
85.625	0.199999999999989
85.78125	0.19999999999999
85.78125	0.19999999999999
85.9375	0.19999999999999
85.9375	0.19999999999999
86.09375	0.19999999999999
86.09375	0.19999999999999
86.25	0.19999999999999
86.25	0.19999999999999
86.40625	0.199999999999991
86.40625	0.199999999999991
86.5625	0.199999999999991
86.5625	0.199999999999991
86.71875	0.199999999999991
86.71875	0.199999999999991
86.875	0.199999999999991
86.875	0.199999999999991
87.03125	0.199999999999992
87.03125	0.199999999999992
87.1875	0.199999999999992
87.1875	0.199999999999992
87.34375	0.199999999999992
87.34375	0.199999999999992
87.5	0.199999999999992
87.5	0.199999999999992
87.65625	0.199999999999992
87.65625	0.199999999999992
87.8125	0.199999999999993
87.8125	0.199999999999993
87.96875	0.199999999999993
87.96875	0.199999999999993
88.125	0.199999999999993
88.125	0.199999999999993
88.28125	0.199999999999993
88.28125	0.199999999999993
88.4375	0.199999999999993
88.4375	0.199999999999993
88.59375	0.199999999999994
88.59375	0.199999999999994
88.75	0.199999999999994
88.75	0.199999999999994
88.90625	0.199999999999994
88.90625	0.199999999999994
89.0625	0.199999999999994
89.0625	0.199999999999994
89.21875	0.199999999999994
89.21875	0.199999999999994
89.375	0.199999999999995
89.375	0.199999999999995
89.53125	0.199999999999995
89.53125	0.199999999999995
89.6875	0.199999999999995
89.6875	0.199999999999995
89.84375	0.199999999999995
89.84375	0.199999999999995
90	0.199999999999996
90	0.199999999999996
90.15625	0.199999999999996
90.15625	0.199999999999996
90.3125	0.199999999999996
90.3125	0.199999999999996
90.46875	0.199999999999996
90.46875	0.199999999999996
90.625	0.199999999999997
90.625	0.199999999999997
90.78125	0.199999999999997
90.78125	0.199999999999997
90.9375	0.199999999999997
90.9375	0.199999999999997
91.09375	0.199999999999997
91.09375	0.199999999999997
91.25	0.199999999999997
91.25	0.199999999999997
91.40625	0.199999999999998
91.40625	0.199999999999998
91.5625	0.199999999999998
91.5625	0.199999999999998
91.71875	0.199999999999998
91.71875	0.199999999999998
91.875	0.199999999999998
91.875	0.199999999999998
92.03125	0.199999999999998
92.03125	0.199999999999998
92.1875	0.199999999999999
92.1875	0.199999999999999
92.34375	0.199999999999999
92.34375	0.199999999999999
92.5	0.199999999999999
92.5	0.199999999999999
92.65625	0.199999999999999
92.65625	0.199999999999999
92.8125	0.199999999999999
92.8125	0.199999999999999
92.96875	0.2
92.96875	0.2
93.125	0.2
93.125	0.2
93.28125	0.2
93.28125	0.2
93.4375	0.2
93.4375	0.2
93.59375	0.2
93.59375	0.2
93.75	0.2
93.75	0.2
93.90625	0.2
93.90625	0.2
94.0625	0.2
94.0625	0.2
94.21875	0.2
94.21875	0.2
94.375	0.2
94.375	0.2
94.53125	0.2
94.53125	0.2
94.6875	0.2
94.6875	0.2
94.84375	0.2
94.84375	0.2
95	0.2
95	0.2
95.15625	0.2
95.15625	0.2
95.3125	0.2
95.3125	0.2
95.46875	0.2
95.46875	0.2
95.625	0.2
95.625	0.2
95.78125	0.2
95.78125	0.2
95.9375	0.2
95.9375	0.2
96.09375	0.2
96.09375	0.2
96.25	0.2
96.25	0.2
96.40625	0.2
96.40625	0.2
96.5625	0.2
96.5625	0.2
96.71875	0.2
96.71875	0.2
96.875	0.2
96.875	0.2
97.03125	0.2
97.03125	0.2
97.1875	0.2
97.1875	0.2
97.34375	0.2
97.34375	0.2
97.5	0.2
97.5	0.2
97.65625	0.2
97.65625	0.2
97.8125	0.2
97.8125	0.2
97.96875	0.2
97.96875	0.2
98.125	0.2
98.125	0.2
98.28125	0.2
98.28125	0.2
98.4375	0.2
98.4375	0.2
98.59375	0.2
98.59375	0.2
98.75	0.2
98.75	0.2
98.90625	0.2
98.90625	0.2
99.0625	0.2
99.0625	0.2
99.21875	0.2
99.21875	0.2
99.375	0.2
99.375	0.2
99.53125	0.2
99.53125	0.2
99.6875	0.2
99.6875	0.2
99.84375	0.2
99.84375	0.199999999999999
100	0.199999999999999
0	0.0839999999999999
0.15625	0.0839999999999997
0.15625	0.0839999999999997
0.3125	0.0839999999999997
0.3125	0.0839999999999997
0.46875	0.0839999999999999
0.46875	0.0839999999999999
0.625	0.0839999999999997
0.625	0.0839999999999997
0.78125	0.0839999999999998
0.78125	0.0839999999999998
0.9375	0.0839999999999996
0.9375	0.0839999999999996
1.09375	0.0839999999999999
1.09375	0.0839999999999999
1.25	0.0839999999999997
1.25	0.0839999999999997
1.40625	0.0839999999999999
1.40625	0.0839999999999999
1.5625	0.0839999999999998
1.5625	0.0839999999999999
1.71875	0.084
1.71875	0.084
1.875	0.084
1.875	0.084
2.03125	0.084
2.03125	0.084
2.1875	0.084
2.1875	0.084
2.34375	0.084
2.34375	0.084
2.5	0.084
2.5	0.084
2.65625	0.084
2.65625	0.084
2.8125	0.084
2.8125	0.084
2.96875	0.084
2.96875	0.084
3.125	0.084
3.125	0.084
3.28125	0.084
3.28125	0.084
3.4375	0.084
3.4375	0.084
3.59375	0.084
3.59375	0.084
3.75	0.084
3.75	0.084
3.90625	0.084
3.90625	0.084
4.0625	0.084
4.0625	0.084
4.21875	0.084
4.21875	0.084
4.375	0.084
4.375	0.084
4.53125	0.084
4.53125	0.084
4.6875	0.084
4.6875	0.084
4.84375	0.084
4.84375	0.084
5	0.084
5	0.084
5.15625	0.084
5.15625	0.084
5.3125	0.084
5.3125	0.084
5.46875	0.084
5.46875	0.084
5.625	0.084
5.625	0.084
5.78125	0.084
5.78125	0.084
5.9375	0.084
5.9375	0.084
6.09375	0.084
6.09375	0.084
6.25	0.084
6.25	0.084
6.40625	0.084
6.40625	0.084
6.5625	0.084
6.5625	0.084
6.71875	0.084
6.71875	0.084
6.875	0.084
6.875	0.084
7.03125	0.084
7.03125	0.084
7.1875	0.084
7.1875	0.084
7.34375	0.084
7.34375	0.084
7.5	0.084
7.5	0.084
7.65625	0.084
7.65625	0.084
7.8125	0.084
7.8125	0.084
7.96875	0.084
7.96875	0.084
8.125	0.084
8.125	0.084
8.28125	0.084
8.28125	0.084
8.4375	0.084
8.4375	0.084
8.59375	0.084
8.59375	0.084
8.75	0.084
8.75	0.084
8.90625	0.084
8.90625	0.084
9.0625	0.084
9.0625	0.084
9.21875	0.084
9.21875	0.084
9.375	0.084
9.375	0.084
9.53125	0.084
9.53125	0.084
9.6875	0.084
9.6875	0.084
9.84375	0.084
9.84375	0.084
10	0.084
10	0.084
10.15625	0.084
10.15625	0.084
10.3125	0.084
10.3125	0.084
10.46875	0.084
10.46875	0.0840000000000001
10.625	0.0839999999999999
10.625	0.0839999999999999
10.78125	0.0840000000000004
10.78125	0.0840000000000005
10.9375	0.0840000000000011
10.9375	0.0840000000000011
11.09375	0.0840000000000016
11.09375	0.0840000000000017
11.25	0.0840000000000022
11.25	0.0840000000000021
11.40625	0.0840000000000032
11.40625	0.0840000000000039
11.5625	0.0840000000000101
11.5625	0.0840000000000112
11.71875	0.0840000000000092
11.71875	0.0840000000000045
11.875	0.0839999999999933
11.875	0.0839999999999974
12.03125	0.0840000000000404
12.03125	0.0840000000000529
12.1875	0.0840000000000245
12.1875	0.0839999999999812
12.34375	0.0839999999998645
12.34375	0.0839999999998979
12.5	0.0840000000002236
12.5	0.0840000000003193
12.65625	0.0840000000001167
12.65625	0.0839999999998186
12.8125	0.0839999999993079
12.8125	0.0839999999996594
12.96875	0.0840000000012001
12.96875	0.0840000000011225
13.125	0.0839999999971954
13.125	0.0839999999958644
13.28125	0.0840000000055418
13.28125	0.0840000000132082
13.4375	0.0840000000160416
13.4375	0.0839999999974036
13.59375	0.0839999998864332
13.59375	0.0839999998778437
13.75	0.0840000001662358
13.75	0.0840000003401415
13.90625	0.0840000004737041
13.90625	0.0840000001045916
14.0625	0.0839999977976811
14.0625	0.0839999974781562
14.21875	0.0840000015546034
14.21875	0.0840000045534315
14.375	0.0840000100879988
14.375	0.0840000057659308
14.53125	0.0839999719081329
14.53125	0.0839999639104418
14.6875	0.0839999988294858
14.6875	0.0840000369525552
14.84375	0.0840001423974564
14.84375	0.0840001099349506
15	0.0839997521556834
15	0.0839996333792672
15.15625	0.0839998040265825
15.15625	0.0840001683184152
15.3125	0.0840013794078229
15.3125	0.0840012078313833
15.46875	0.083998324152533
15.46875	0.0839971751564885
15.625	0.0839979090844078
15.625	0.0840007945977421
15.78125	0.0840100390952147
15.78125	0.0840085836445075
15.9375	0.0839866763236291
15.9375	0.0839787765980666
16.09375	0.0839925858537635
16.09375	0.0840162508051263
16.25	0.0840722986659015
16.25	0.0840489719227687
16.40625	0.0838495885958266
16.40625	0.0838026389864097
16.5625	0.0840337147101037
16.5625	0.0842522572030601
16.71875	0.0846077037344172
16.71875	0.0843035625449121
16.875	0.082375906105288
16.875	0.0821198281766668
17.03125	0.0846312403140121
17.03125	0.0865668640360008
17.1875	0.0886246228008871
17.1875	0.0853803324324711
17.34375	0.0652040924751436
17.34375	0.0643027316252794
17.5	0.058518139566192
17.5	0.0605946474268093
17.65625	0.0590388566229719
17.65625	0.0603244507491503
17.8125	0.0602882266834442
17.8125	0.060753076464522
17.96875	0.0609697169743005
17.96875	0.0611591441031372
18.125	0.0614688418311774
18.125	0.0615463240569611
18.28125	0.061884607934297
18.28125	0.0619095887154971
18.4375	0.062233874541637
18.4375	0.0622450559115257
18.59375	0.0626011786187738
18.59375	0.062606181939401
18.75	0.0629493609982849
18.75	0.0629501057153203
18.90625	0.0632906919948687
18.90625	0.0632920826790621
19.0625	0.0636452861593058
19.0625	0.063645060358524
19.21875	0.063981578118606
19.21875	0.0639804684849401
19.375	0.0643185866907491
19.375	0.0643179329441799
19.53125	0.0646538916754072
19.53125	0.0646519775583772
19.6875	0.064973366724873
19.6875	0.064971293261207
19.84375	0.0652915878942512
19.84375	0.0652894591710495
20	0.0655992663990079
20	0.0655963141723925
20.15625	0.0658939979165536
20.15625	0.0658910907129962
20.3125	0.066182872028855
20.3125	0.0661796957418523
20.46875	0.0664576475517723
20.46875	0.066454034269628
20.625	0.0667209074817712
20.625	0.0667173508341798
20.78125	0.0669742056452191
20.78125	0.0669703739944689
20.9375	0.0672128160315489
20.9375	0.0672088135477611
21.09375	0.0674400857856282
21.09375	0.0674361196926021
21.25	0.0676550115512921
21.25	0.0676508712832206
21.40625	0.0678560085042078
21.40625	0.0678518694000838
21.5625	0.0680455269197958
21.5625	0.0680414387670713
21.71875	0.0682221777744929
21.71875	0.0682180558943139
21.875	0.0683862877436124
21.875	0.0683822818210039
22.03125	0.0685392512954449
22.03125	0.0685353429336099
22.1875	0.06868026107271
22.1875	0.0686764399157315
22.34375	0.0688103950071397
22.34375	0.0688067477912789
22.5	0.068930311367514
22.5	0.0689267971610569
22.65625	0.0690398726710155
22.65625	0.0690365083522655
22.8125	0.0691401795739317
22.8125	0.0691369980640903
22.96875	0.0692315376403484
22.96875	0.0692285051865826
23.125	0.0693142755317012
23.125	0.0693114163078999
23.28125	0.0693892781173834
23.28125	0.069386597361114
23.4375	0.0694568029258405
23.4375	0.0694542838101627
23.59375	0.0695174216644415
23.59375	0.0695150833672672
23.75	0.0695718024182468
23.75	0.0695696367948136
23.90625	0.0696202670728618
23.90625	0.0696182664027502
24.0625	0.0696634269494921
24.0625	0.0696615976597484
24.21875	0.0697017707746303
24.21875	0.0697000980948191
24.375	0.0697356567563292
24.375	0.069734134658678
24.53125	0.0697656046909499
24.53125	0.0697642286546953
24.6875	0.0697919666660577
24.6875	0.0697907213670038
24.84375	0.069815082861707
24.84375	0.0698139622169593
25	0.0698353419825443
25	0.0698343366216508
25.15625	0.069853003821285
25.15625	0.0698521015679916
25.3125	0.0698683582370769
25.3125	0.0698675531855438
25.46875	0.0698816786832188
25.46875	0.0698809611387536
25.625	0.0698931654794305
25.625	0.0698925269478092
25.78125	0.0699030477349495
25.78125	0.0699024826587003
25.9375	0.0699115147909077
25.9375	0.0699110150432509
26.09375	0.0699187246960278
26.09375	0.0699182844412709
26.25	0.0699248480951504
26.25	0.0699244622056503
26.40625	0.0699300169340605
26.40625	0.0699296791756476
26.5625	0.0699343540603413
26.5625	0.0699340601529377
26.71875	0.0699379800858471
26.71875	0.0699377254829151
26.875	0.0699409875428856
26.875	0.0699407676405082
27.03125	0.0699434677357564
27.03125	0.069943279157626
27.1875	0.0699455018410637
27.1875	0.0699453407924934
27.34375	0.0699471541937857
27.34375	0.0699470173364211
27.5	0.0699484886049135
27.5	0.0699483732150873
27.65625	0.0699495572182652
27.65625	0.0699494603469394
27.8125	0.0699504035387274
27.8125	0.0699503228052341
27.96875	0.0699510691571089
27.96875	0.0699510024292362
28.125	0.0699515860873383
28.125	0.0699515312368151
28.28125	0.0699519824564176
28.28125	0.0699519378252526
28.4375	0.0699522834286582
28.4375	0.0699522474443714
28.59375	0.0699525077936289
28.59375	0.0699524790268489
28.75	0.0699526726907785
28.75	0.0699526500243562
28.90625	0.069952792189432
28.90625	0.0699527745447215
29.0625	0.0699528767965408
29.0625	0.0699528632759233
29.21875	0.0699529361968836
29.21875	0.0699529260775897
29.375	0.069952977580942
29.375	0.0699529701778075
29.53125	0.0699530064771826
29.53125	0.0699530012600823
29.6875	0.0699530278280499
29.6875	0.0699530243507928
29.84375	0.0699530449011031
29.84375	0.0699530427619306
30	0.0699530603516372
30	0.0699530592554387
30.15625	0.0699530763330768
30.15625	0.069953076019823
30.3125	0.0699530940572588
30.3125	0.0699530943108797
30.46875	0.0699531145855258
30.46875	0.0699531152513603
30.625	0.0699531385721736
30.625	0.0699531395095173
30.78125	0.0699531662458525
30.78125	0.0699531673496789
30.9375	0.0699531978323764
30.9375	0.0699531990271003
31.09375	0.0699532332778407
31.09375	0.0699532344952954
31.25	0.0699532724038077
31.25	0.0699532736004264
31.40625	0.0699533150468239
31.40625	0.069953316189844
31.5625	0.0699533608834803
31.5625	0.0699533619457268
31.71875	0.0699534096016063
31.71875	0.0699534105702385
31.875	0.0699534608915442
31.875	0.0699534617558365
32.03125	0.069953514377193
32.03125	0.0699535151308701
32.1875	0.069953569735704
32.1875	0.0699535703793729
32.34375	0.0699536266429023
32.34375	0.0699536271768328
32.5	0.0699536847689715
32.5	0.069953685196763
32.65625	0.0699537438325145
32.65625	0.0699537441597193
32.8125	0.0699538035493793
32.8125	0.069953803780694
32.96875	0.0699538636577346
32.96875	0.0699538637999832
33.125	0.069953923931397
33.125	0.069953923991174
33.28125	0.0699539841486416
33.28125	0.0699539841319456
33.4375	0.0699540441182355
33.4375	0.0699540440321546
33.59375	0.0699541036730809
33.59375	0.0699541035240307
33.75	0.0699541626563723
33.75	0.0699541624504722
33.90625	0.0699542209354902
33.90625	0.0699542206787448
34.0625	0.0699542783907078
34.0625	0.0699542780881927
34.21875	0.0699543349170393
34.21875	0.0699543345739139
34.375	0.0699543904319175
34.375	0.0699543900532132
34.53125	0.0699544448639074
34.53125	0.069954444454014
34.6875	0.0699544981543506
34.6875	0.0699544977175003
34.84375	0.0699545502579008
34.84375	0.0699545497979158
35	0.0699546011376365
35	0.0699546006579436
35.15625	0.0699546507685205
35.15625	0.0699546502723271
35.3125	0.0699546991355813
35.3125	0.0699546986256943
35.46875	0.0699547462328654
35.46875	0.0699547457120282
35.625	0.0699547920656483
35.625	0.0699547915366035
35.78125	0.0699548366460082
35.78125	0.0699548361111087
35.9375	0.0699548799905096
35.9375	0.0699548794516736
36.09375	0.0699549221217062
36.09375	0.069954921580562
36.25	0.0699549630694701
36.25	0.0699549625276776
36.40625	0.0699550028727277
36.40625	0.0699550023321322
36.5625	0.069955041576644
36.5625	0.0699550410388933
36.71875	0.0699550792281011
36.71875	0.0699550786943597
36.875	0.0699551158761073
36.875	0.069955115347227
37.03125	0.0699551515747305
37.03125	0.0699551510516026
37.1875	0.0699551863850981
37.1875	0.0699551858688322
37.34375	0.0699552203738409
37.34375	0.0699552198655178
37.5	0.0699552536088778
37.5	0.0699552531092194
37.65625	0.0699552861581386
37.65625	0.0699552856675433
37.8125	0.0699553180919456
37.8125	0.0699553176107684
37.96875	0.0699553494852885
37.96875	0.069955349014026
38.125	0.0699553804175441
38.125	0.0699553799567433
38.28125	0.0699554109698406
38.28125	0.0699554105198804
38.4375	0.0699554412232229
38.4375	0.0699555381986831
38.59375	0.0699553738509801
38.59375	0.0699967070476282
38.75	0.0699142650722646
38.75	0.0700198655484017
38.90625	0.0698911668854053
38.90625	0.0700386682697363
39.0625	0.0698724248202322
39.0625	0.0700575339997279
39.21875	0.0698536200483295
39.21875	0.0700774366178174
39.375	0.0698337786142472
39.375	0.0700974944061118
39.53125	0.0698137821193996
39.53125	0.0701145299761308
39.6875	0.0697968077835096
39.6875	0.0701190332833652
39.84375	0.0697923653693301
39.84375	0.0700635462547024
40	0.0698479118327057
40	0.0699557424700723
40.15625	0.0699557716739872
40.15625	0.0699557716378313
40.3125	0.069955801275694
40.3125	0.0699558013089432
40.46875	0.0699558306047939
40.46875	0.0699558306637599
40.625	0.0699558595080914
40.625	0.0699558595807223
40.78125	0.0699558879205321
40.78125	0.0604595463924952
40.9375	0.0794522885881182
40.9375	0.0700463833914087
41.09375	0.0698655994455168
41.09375	0.0700837677571492
41.25	0.0698283015577689
41.25	0.0700685535338049
41.40625	0.0698436160746008
41.40625	0.0699936506871461
41.5625	0.0699186287972834
41.5625	0.0699686669093139
41.71875	0.0699437286101511
41.71875	0.0699603920716094
41.875	0.0699521249845209
41.875	0.0699576775565922
42.03125	0.0699549666919021
42.03125	0.0699568171946825
42.1875	0.0699559601419819
42.1875	0.069956576793427
42.34375	0.0699563397929314
42.34375	0.0699565451745116
42.5	0.0699565171047027
42.5	0.0699565853912383
42.65625	0.0699566293183345
42.65625	0.0699566518986272
42.8125	0.0699567222851438
42.8125	0.0699567296213913
42.96875	0.0699568113988945
42.96875	0.0699568136447423
43.125	0.0699569019053445
43.125	0.0699569024449818
43.28125	0.0699569956720865
43.28125	0.0699569956332342
43.4375	0.0699570934453019
43.4375	0.0699570932035165
43.59375	0.0699571956021721
43.59375	0.069957195282253
43.75	0.0699573024019328
43.75	0.0699573020450583
43.90625	0.0699574140699581
43.90625	0.0699574136894315
44.0625	0.0699575308261751
44.0625	0.0699575304260242
44.21875	0.0699576528946697
44.21875	0.069957652475814
44.375	0.0699577805068712
44.375	0.0699577800691322
44.53125	0.0699579139028607
44.53125	0.0699579134456362
44.6875	0.0699580533324806
44.6875	0.0699580528550242
44.84375	0.0699581990563853
44.84375	0.0699581985579247
45	0.0699583513465806
45	0.0699583508263181
45.15625	0.0699585104864852
45.15625	0.0699585099435346
45.3125	0.0699586767712125
45.3125	0.0699586762045716
45.46875	0.0699588505086177
45.46875	0.0699588499172133
45.625	0.0699590320207268
45.625	0.0699590314034824
45.78125	0.0699592216446847
45.78125	0.0699592210005263
45.9375	0.0699594197329599
45.9375	0.0699594190607472
46.09375	0.0699596266535283
46.09375	0.0699596259519884
46.25	0.0699598427908516
46.25	0.069959842058586
46.40625	0.0699600685475859
46.40625	0.0699600677831329
46.5625	0.0699603043461581
46.5625	0.0699603035480266
46.71875	0.0699605506296556
46.71875	0.0699605497962868
46.875	0.0699608078624248
46.875	0.0699608069921332
47.03125	0.069961076531136
47.03125	0.0699610756220948
47.1875	0.0699613571465158
47.1875	0.0699613561967856
47.34375	0.0699616502452375
47.34375	0.0699616492527868
47.5	0.0699619563915007
47.5	0.0699619553541859
47.65625	0.0699622761784177
47.65625	0.0699622750939468
47.8125	0.0699626102296353
47.8125	0.0699626090955516
47.96875	0.0699629592013817
47.96875	0.0699629580150724
48.125	0.0699633237847236
48.125	0.0699633225434287
48.28125	0.0699637047077714
48.28125	0.0699637034085742
48.4375	0.0699641027378195
48.4375	0.0699641013776207
48.59375	0.0699645186836084
48.59375	0.0699645172591014
48.75	0.0699649533978928
48.75	0.0699649519055482
48.90625	0.06996540778032
48.90625	0.0699654062163807
49.0625	0.0699658827805327
49.0625	0.069965881141013
49.21875	0.0699663794013851
49.21875	0.0699663776820649
49.375	0.0699668987022111
49.375	0.0699668968986163
49.53125	0.0699674418021796
49.53125	0.0699674399095584
49.6875	0.0699680098838791
49.6875	0.0699680078971784
49.84375	0.0699686041972244
49.84375	0.0699686021110693
50	0.0699692260636972
50	0.0699692238723771
50.15625	0.0699698768808524
50.15625	0.0699698745783135
50.3125	0.0699705581270083
50.3125	0.0699705557068427
50.46875	0.0699712713661083
50.46875	0.0699712688215328
50.625	0.0699720182527972
50.625	0.0699720155766208
50.78125	0.0699728005378092
50.78125	0.0699727977224041
50.9375	0.0699736200737216
50.9375	0.0699736171109994
51.09375	0.0699744788210585
51.09375	0.0699744757024568
51.25	0.0699753788547233
51.25	0.0699753755711907
51.40625	0.069976322370718
51.40625	0.0699763189126889
51.5625	0.0699773116931297
51.5625	0.0699773080504884
51.71875	0.069978349281419
51.71875	0.0699783454434785
51.875	0.0699794377381043
51.875	0.0699794336936192
52.03125	0.0699805798167499
52.03125	0.0699805755539329
52.1875	0.0699817784299607
52.1875	0.0699817739364357
52.34375	0.0699830366572977
52.34375	0.0699830319199236
52.5	0.0699843577538027
52.5	0.0699843527583652
52.65625	0.0699857451607714
52.65625	0.0699857398917102
52.8125	0.0699872025203906
52.8125	0.0699871969608451
52.96875	0.0699887336937829
52.96875	0.0699887278261192
53.125	0.0699903427785517
53.125	0.0699903365851065
53.28125	0.0699920341201001
53.28125	0.0699920275834787
53.4375	0.0699938123141595
53.4375	0.0699938054166507
53.59375	0.0699956822055306
53.59375	0.0699956749279765
53.75	0.0699976488933157
53.75	0.0699976412142954
53.90625	0.0699997177494419
53.90625	0.0699997096453548
54.0625	0.070001894447339
54.0625	0.0700018858931937
54.21875	0.0700041849905082
54.21875	0.0700041759606258
54.375	0.0700065957327668
54.375	0.0700065862007693
54.53125	0.0700091333907522
54.53125	0.0700091233289929
54.6875	0.0700118050560811
54.6875	0.0700117944351489
54.84375	0.0700146182132208
54.84375	0.0700146070018412
55	0.0700175807628949
55	0.0700175689280575
55.15625	0.0700207010471949
55.15625	0.0700206885542447
55.3125	0.0700239878739581
55.3125	0.0700239746865478
55.46875	0.0700274505407179
55.46875	0.0700274366206127
55.625	0.0700310988595591
55.625	0.070031084166338
55.78125	0.0700349431840746
55.78125	0.0700349276748824
55.9375	0.0700389944394314
55.9375	0.0700389780688459
56.09375	0.0700432641557534
56.09375	0.0700432468756319
56.25	0.07004776450431
56.25	0.070047746263538
56.40625	0.0700525083364175
56.40625	0.0700524890806919
56.5625	0.0700575092254129
56.5625	0.0700574888971592
56.71875	0.0700627815112362
56.71875	0.0700627600496447
56.875	0.0700683403462097
56.875	0.0700683176872907
57.03125	0.0700742017407052
57.03125	0.0700741778171928
57.1875	0.070080382608787
57.1875	0.0700803573497315
57.34375	0.0700869008158105
57.34375	0.0700868741458875
57.5	0.0700937752311487
57.5	0.0700937470700432
57.65625	0.0701010257887942
57.65625	0.0701009960510123
57.8125	0.0701086735556025
57.8125	0.0701086421506133
57.96875	0.0701167408035519
57.96875	0.0701167076359434
58.125	0.0701252510819925
58.125	0.070125216051523
58.28125	0.0701342292880713
58.28125	0.0701341922897167
58.4375	0.0701437017356323
58.4375	0.0701436626597266
58.59375	0.0701536962232125
58.59375	0.0701536549556465
58.75	0.0701642421008391
58.75	0.0701641985233561
58.90625	0.0701753703346079
58.90625	0.0701753243254227
59.0625	0.0701871135668978
59.0625	0.0701870650017915
59.21875	0.070199506167903
59.21875	0.0701994549218333
59.375	0.0702125842725043
59.375	0.0702125302217899
59.53125	0.0702263857956608
59.53125	0.0702263288207878
59.6875	0.0702409504187655
59.6875	0.0702408904078101
59.84375	0.0702563195384016
59.84375	0.0702562563908861
60	0.0702725361684238
60	0.070272469799314
60.15625	0.0702896447884205
60.15625	0.0702895751319442
60.3125	0.0703076911362368
60.3125	0.0703076181491815
60.46875	0.0703267219475989
60.46875	0.0703266456123761
60.625	0.0703467846489329
60.625	0.0703467049774962
60.78125	0.0703679270043672
60.78125	0.070367844044058
60.9375	0.0703901967053129
60.9375	0.0703901105469667
61.09375	0.0704136408800557
61.09375	0.0704135516707574
61.25	0.0704383054949666
61.25	0.0704382134659858
61.40625	0.0704642345779192
61.40625	0.0704641400994022
61.5625	0.0704914690553994
61.5625	0.0704913726892115
61.71875	0.0705200448699775
61.71875	0.0705199472906938
61.875	0.0705499904632875
61.875	0.07054989202807
62.03125	0.0705813254024765
62.03125	0.0705812252713109
62.1875	0.0706140646555972
62.1875	0.0706139598554302
62.34375	0.0706482341056954
62.34375	0.0706481195934281
62.5	0.0706838977805119
62.5	0.0706837686715079
62.65625	0.0707211840668366
62.65625	0.0707210400042281
62.8125	0.0707602838328867
62.8125	0.0707601332150248
62.96875	0.0708013938587429
62.96875	0.0708012540818271
63.125	0.0708446070883091
63.125	0.0708444982976116
63.28125	0.0708897983247986
63.28125	0.0708897326460987
63.4375	0.0709365850915693
63.4375	0.0709365578970667
63.59375	0.0709844205969876
63.59375	0.0709844106470692
63.75	0.0710327973214773
63.75	0.0710327770726667
63.90625	0.0710814562886701
63.90625	0.0710814060280147
64.0625	0.0711304781713445
64.0625	0.0711303943934618
64.21875	0.0711802043437729
64.21875	0.0711800971454377
64.375	0.0712310493423058
64.375	0.0712309320233782
64.53125	0.0712833322194506
64.53125	0.071283211479685
64.6875	0.0713372232167058
64.6875	0.0713370962789846
64.84375	0.071392807586828
64.84375	0.0713926660477057
65	0.0714501923477384
65	0.071450027813886
65.15625	0.0715095777312771
65.15625	0.0715093847563769
65.3125	0.0715712669614076
65.3125	0.071571042529446
65.46875	0.0716356392485216
65.46875	0.0716353809037614
65.625	0.0717031232754813
65.625	0.0717028279998073
65.78125	0.0717741884641461
65.78125	0.071773852801907
65.9375	0.0718493486391462
65.9375	0.0718489694572119
66.09375	0.0719291655273826
66.09375	0.0719287407517041
66.25	0.0720142444179292
66.25	0.0720137732643917
66.40625	0.0721052212432224
66.40625	0.0721047035456198
66.5625	0.0722027467102769
66.5625	0.0722021819969616
66.71875	0.0723074784081634
66.71875	0.0723068682845027
66.875	0.0724200823578222
66.875	0.0724194425001699
67.03125	0.0725411989836058
67.03125	0.0725405834730277
67.1875	0.0726712510456581
67.1875	0.0726707772426387
67.34375	0.0728099416276916
67.34375	0.0728097834310725
67.5	0.0729554455242246
67.5	0.0729557567580853
67.65625	0.0731037016014659
67.65625	0.0731044654215344
67.8125	0.0732486822343038
67.8125	0.0732495583204694
67.96875	0.073384556426861
67.96875	0.073384871353101
68.125	0.0735097532219828
68.125	0.0735087574421568
68.28125	0.073631140751623
68.28125	0.0736284771333754
68.4375	0.0737650419131283
68.4375	0.0737611394493217
68.59375	0.0739324959295568
68.59375	0.0739285520723613
68.75	0.0741496625183235
68.75	0.0741471483064585
68.90625	0.0744182364734505
68.90625	0.0744182023033437
69.0625	0.0747216293197084
69.0625	0.0747241795497225
69.21875	0.0750295422315187
69.21875	0.0750337264187636
69.375	0.0753092233455606
69.375	0.0753133837038306
69.53125	0.0755387132800271
69.53125	0.0755412307323424
69.6875	0.0757161021772472
69.6875	0.0757162288886028
69.84375	0.0758597603146518
69.84375	0.0758579504391034
70	0.0759983237871701
70	0.0759958861956497
70.15625	0.0761559810044067
70.15625	0.0761541494531793
70.3125	0.0763423072692994
70.3125	0.076341570310622
70.46875	0.0765519077236887
70.46875	0.0765520710110216
70.625	0.0767726323689951
70.625	0.076772974019938
70.78125	0.0769942817934225
70.78125	0.0769944861835219
70.9375	0.0772129353089865
70.9375	0.0772129035035407
71.09375	0.0774304604837971
71.09375	0.0774302525442224
71.25	0.0776485356721454
71.25	0.0776490344534883
71.40625	0.0778676350708058
71.40625	0.0778680492850483
71.5625	0.0780839026347651
71.5625	0.0780851799116544
71.71875	0.0782901624443028
71.71875	0.0782917117900438
71.875	0.0784851308825904
71.875	0.0784850748145287
72.03125	0.078661464185341
72.03125	0.0786646631143395
72.1875	0.0788259087023947
72.1875	0.0788257402794164
72.34375	0.0789765412973208
72.34375	0.0789820735986428
72.5	0.079086206645267
72.5	0.0790922090122289
72.65625	0.0791599012947203
72.65625	0.0791391145484477
72.8125	0.0791758169988003
72.8125	0.0791508041606271
72.96875	0.0793694755195669
72.96875	0.0793030766586415
73.125	0.0801144680594047
73.125	0.0802112755580297
73.28125	0.0812885050787093
73.28125	0.0817653729472521
73.4375	0.0812422576853285
73.4375	0.0817009547367256
73.59375	0.0752966593703363
73.59375	0.0749658989710069
73.75	0.0640087705336987
73.75	0.0632730296469961
73.90625	0.0584324244779974
73.90625	0.0584529497647529
74.0625	0.0604798915716287
74.0625	0.0607334400401808
74.21875	0.0632736583860431
74.21875	0.0633528359512297
74.375	0.064328428289957
74.375	0.0642945576534823
74.53125	0.0646043886655998
74.53125	0.0645675350587044
74.6875	0.0650681617343276
74.6875	0.0650604628245963
74.84375	0.0658557166563417
74.84375	0.0658613862026009
75	0.0667563678024123
75	0.0667604204315934
75.15625	0.0676387288613676
75.15625	0.0676386434183447
75.3125	0.0684965259733898
75.3125	0.0684948254892342
75.46875	0.0693603538900311
75.46875	0.0693588970185583
75.625	0.0702470381683716
75.625	0.0702461684854475
75.78125	0.0711571200685957
75.78125	0.0711565791789807
75.9375	0.0720859224083474
75.9375	0.0720855016516115
76.09375	0.0730298289342998
76.09375	0.0730294955132793
76.25	0.0739868911469621
76.25	0.073986708795012
76.40625	0.0749555523541457
76.40625	0.0749556135849216
76.5625	0.0759336407628635
76.5625	0.0759340545198597
76.71875	0.076917894959527
76.71875	0.0769188084660673
76.875	0.0779036303235411
76.875	0.0779052654294592
77.03125	0.0788841881446092
77.03125	0.0788868830100112
77.1875	0.0798499586037963
77.1875	0.0798542009472917
77.34375	0.0807868840725036
77.34375	0.0807932984149371
77.5	0.0816745529146816
77.5	0.081683766937718
77.65625	0.082484504661326
77.65625	0.0824968059738838
77.8125	0.0831803220148046
77.8125	0.0831951082320987
77.96875	0.0837221563988952
77.96875	0.0837374560397609
78.125	0.0840781297517699
78.125	0.0840908062501276
78.28125	0.0842413359891908
78.28125	0.0842484378576037
78.4375	0.0842436597313206
78.4375	0.0842443252211437
78.59375	0.084152653230394
78.59375	0.0841489043864614
78.75	0.0840458895066167
78.75	0.0840412821836784
78.90625	0.083977187753798
78.90625	0.0839744322878925
79.0625	0.0839593991286858
79.0625	0.0839590605044336
79.21875	0.0839740021230467
79.21875	0.0839750194874915
79.375	0.0839948084504907
79.375	0.0839958503870287
79.53125	0.0840061738070729
79.53125	0.0840065813523153
79.6875	0.0840066994487571
79.6875	0.0840065686797836
79.84375	0.0840025142140687
79.84375	0.0840022444693787
80	0.0839992495331343
80	0.0839991104966176
80.15625	0.0839985864071512
80.15625	0.0839985995221254
80.3125	0.0839993752699715
80.3125	0.0839994380042109
80.46875	0.0840001202173414
80.46875	0.0840001540741168
80.625	0.0840002857332958
80.625	0.0840002823249003
80.78125	0.0840001167295711
80.78125	0.0840001024185124
80.9375	0.0839999656887119
80.9375	0.0839999592096933
81.09375	0.0839999441376603
81.09375	0.0839999458550386
81.25	0.0839999843129884
81.25	0.0839999873982034
81.40625	0.084000010745183
81.40625	0.084000011600979
81.5625	0.0840000096757322
81.5625	0.0840000090226003
81.71875	0.0840000006779517
81.71875	0.0840000001186856
81.875	0.0839999972821101
81.875	0.0839999972687382
82.03125	0.0839999987645278
82.03125	0.0839999989385718
82.1875	0.0840000003739004
82.1875	0.0840000004416169
82.34375	0.0840000004955839
82.34375	0.0840000004648023
82.5	0.0840000000508174
82.5	0.0840000000198788
82.65625	0.0839999998714307
82.65625	0.0839999998711464
82.8125	0.0839999999478867
82.8125	0.0839999999570793
82.96875	0.0840000000221946
82.96875	0.0840000000248363
83.125	0.0840000000203953
83.125	0.0840000000183978
83.28125	0.0839999999987631
83.28125	0.0839999999975053
83.4375	0.0839999999940462
83.4375	0.0839999999943257
83.59375	0.0839999999990092
83.59375	0.0839999999994258
83.75	0.0840000000013656
83.75	0.0840000000013721
83.90625	0.0840000000004784
83.90625	0.0840000000003643
84.0625	0.083999999999678
84.0625	0.0839999999996562
84.21875	0.0839999999997787
84.21875	0.0839999999998061
84.375	0.0840000000000078
84.375	0.0840000000000178
84.53125	0.0840000000000156
84.53125	0.0840000000000097
84.6875	0.0839999999999582
84.6875	0.0839999999999548
84.84375	0.0839999999999511
84.84375	0.0839999999999521
85	0.0839999999999679
85	0.0839999999999691
85.15625	0.0839999999999755
85.15625	0.0839999999999753
85.3125	0.0839999999999762
85.3125	0.0839999999999761
85.46875	0.0839999999999767
85.46875	0.0839999999999767
85.625	0.0839999999999772
85.625	0.0839999999999772
85.78125	0.0839999999999776
85.78125	0.0839999999999776
85.9375	0.0839999999999781
85.9375	0.0839999999999781
86.09375	0.0839999999999786
86.09375	0.0839999999999787
86.25	0.0839999999999791
86.25	0.0839999999999791
86.40625	0.0839999999999796
86.40625	0.0839999999999796
86.5625	0.0839999999999801
86.5625	0.0839999999999801
86.71875	0.0839999999999806
86.71875	0.0839999999999806
86.875	0.0839999999999811
86.875	0.083999999999981
87.03125	0.0839999999999815
87.03125	0.0839999999999815
87.1875	0.083999999999982
87.1875	0.083999999999982
87.34375	0.0839999999999825
87.34375	0.0839999999999825
87.5	0.0839999999999829
87.5	0.0839999999999829
87.65625	0.0839999999999833
87.65625	0.0839999999999834
87.8125	0.0839999999999837
87.8125	0.0839999999999837
87.96875	0.0839999999999842
87.96875	0.0839999999999842
88.125	0.0839999999999847
88.125	0.0839999999999847
88.28125	0.0839999999999852
88.28125	0.0839999999999852
88.4375	0.0839999999999857
88.4375	0.0839999999999857
88.59375	0.0839999999999862
88.59375	0.0839999999999862
88.75	0.0839999999999867
88.75	0.0839999999999867
88.90625	0.0839999999999871
88.90625	0.0839999999999872
89.0625	0.0839999999999876
89.0625	0.0839999999999876
89.21875	0.0839999999999881
89.21875	0.0839999999999881
89.375	0.0839999999999886
89.375	0.0839999999999886
89.53125	0.083999999999989
89.53125	0.083999999999989
89.6875	0.0839999999999895
89.6875	0.0839999999999896
89.84375	0.08399999999999
89.84375	0.0839999999999901
90	0.0839999999999904
90	0.0839999999999903
90.15625	0.0839999999999908
90.15625	0.0839999999999908
90.3125	0.0839999999999913
90.3125	0.0839999999999913
90.46875	0.0839999999999918
90.46875	0.0839999999999918
90.625	0.0839999999999923
90.625	0.0839999999999923
90.78125	0.0839999999999928
90.78125	0.0839999999999928
90.9375	0.0839999999999933
90.9375	0.0839999999999933
91.09375	0.0839999999999938
91.09375	0.0839999999999937
91.25	0.0839999999999942
91.25	0.0839999999999942
91.40625	0.0839999999999947
91.40625	0.0839999999999947
91.5625	0.0839999999999952
91.5625	0.0839999999999952
91.71875	0.0839999999999956
91.71875	0.0839999999999957
91.875	0.0839999999999961
91.875	0.083999999999996
92.03125	0.0839999999999965
92.03125	0.0839999999999965
92.1875	0.083999999999997
92.1875	0.0839999999999971
92.34375	0.0839999999999975
92.34375	0.0839999999999975
92.5	0.083999999999998
92.5	0.083999999999998
92.65625	0.0839999999999985
92.65625	0.0839999999999986
92.8125	0.083999999999999
92.8125	0.0839999999999991
92.96875	0.0839999999999996
92.96875	0.0839999999999996
93.125	0.0839999999999999
93.125	0.0839999999999999
93.28125	0.084
93.28125	0.0840000000000001
93.4375	0.0839999999999999
93.4375	0.0839999999999999
93.59375	0.0840000000000001
93.59375	0.084
93.75	0.0839999999999999
93.75	0.084
93.90625	0.084
93.90625	0.0840000000000001
94.0625	0.0839999999999999
94.0625	0.0839999999999999
94.21875	0.084
94.21875	0.084
94.375	0.0839999999999999
94.375	0.0839999999999999
94.53125	0.084
94.53125	0.084
94.6875	0.0839999999999999
94.6875	0.0839999999999999
94.84375	0.084
94.84375	0.084
95	0.0839999999999999
95	0.0839999999999999
95.15625	0.0840000000000001
95.15625	0.0840000000000001
95.3125	0.0839999999999999
95.3125	0.0839999999999999
95.46875	0.0840000000000001
95.46875	0.0840000000000001
95.625	0.0839999999999998
95.625	0.0839999999999998
95.78125	0.0840000000000001
95.78125	0.0840000000000001
95.9375	0.0839999999999999
95.9375	0.0839999999999999
96.09375	0.084
96.09375	0.084
96.25	0.0839999999999999
96.25	0.0839999999999999
96.40625	0.084
96.40625	0.084
96.5625	0.0839999999999999
96.5625	0.0839999999999999
96.71875	0.084
96.71875	0.084
96.875	0.0839999999999999
96.875	0.0839999999999999
97.03125	0.084
97.03125	0.084
97.1875	0.0839999999999999
97.1875	0.0839999999999999
97.34375	0.084
97.34375	0.084
97.5	0.084
97.5	0.084
97.65625	0.0839999999999999
97.65625	0.0839999999999999
97.8125	0.0839999999999999
97.8125	0.0839999999999999
97.96875	0.0839999999999997
97.96875	0.0839999999999997
98.125	0.0840000000000001
98.125	0.0840000000000001
98.28125	0.0839999999999997
98.28125	0.0839999999999997
98.4375	0.084
98.4375	0.084
98.59375	0.0839999999999997
98.59375	0.0839999999999997
98.75	0.0839999999999994
98.75	0.0839999999999994
98.90625	0.0839999999999997
98.90625	0.0839999999999997
99.0625	0.0839999999999992
99.0625	0.0839999999999992
99.21875	0.0839999999999995
99.21875	0.0839999999999995
99.375	0.0839999999999993
99.375	0.0839999999999993
99.53125	0.0839999999999996
99.53125	0.0839999999999996
99.6875	0.0839999999999994
99.6875	0.0839999999999994
99.84375	0.0839999999999991
99.84375	0.0839999999999991
100	0.0839999999999996
0	-0.1
0.15625	-0.1
0.15625	-0.1
0.3125	-0.1
0.3125	-0.1
0.46875	-0.1
0.46875	-0.1
0.625	-0.1
0.625	-0.1
0.78125	-0.1
0.78125	-0.1
0.9375	-0.1
0.9375	-0.1
1.09375	-0.1
1.09375	-0.1
1.25	-0.1
1.25	-0.1
1.40625	-0.1
1.40625	-0.1
1.5625	-0.1
1.5625	-0.1
1.71875	-0.1
1.71875	-0.1
1.875	-0.1
1.875	-0.1
2.03125	-0.1
2.03125	-0.1
2.1875	-0.1
2.1875	-0.1
2.34375	-0.1
2.34375	-0.1
2.5	-0.1
2.5	-0.1
2.65625	-0.1
2.65625	-0.1
2.8125	-0.1
2.8125	-0.1
2.96875	-0.1
2.96875	-0.1
3.125	-0.1
3.125	-0.1
3.28125	-0.1
3.28125	-0.1
3.4375	-0.1
3.4375	-0.1
3.59375	-0.1
3.59375	-0.1
3.75	-0.1
3.75	-0.1
3.90625	-0.1
3.90625	-0.1
4.0625	-0.1
4.0625	-0.1
4.21875	-0.1
4.21875	-0.1
4.375	-0.1
4.375	-0.1
4.53125	-0.1
4.53125	-0.1
4.6875	-0.1
4.6875	-0.1
4.84375	-0.1
4.84375	-0.1
5	-0.1
5	-0.1
5.15625	-0.1
5.15625	-0.1
5.3125	-0.1
5.3125	-0.1
5.46875	-0.1
5.46875	-0.1
5.625	-0.1
5.625	-0.1
5.78125	-0.1
5.78125	-0.1
5.9375	-0.1
5.9375	-0.1
6.09375	-0.1
6.09375	-0.1
6.25	-0.1
6.25	-0.1
6.40625	-0.1
6.40625	-0.1
6.5625	-0.1
6.5625	-0.1
6.71875	-0.1
6.71875	-0.1
6.875	-0.1
6.875	-0.1
7.03125	-0.1
7.03125	-0.1
7.1875	-0.1
7.1875	-0.1
7.34375	-0.1
7.34375	-0.1
7.5	-0.1
7.5	-0.1
7.65625	-0.1
7.65625	-0.1
7.8125	-0.1
7.8125	-0.1
7.96875	-0.1
7.96875	-0.1
8.125	-0.1
8.125	-0.1
8.28125	-0.1
8.28125	-0.1
8.4375	-0.1
8.4375	-0.1
8.59375	-0.1
8.59375	-0.1
8.75	-0.1
8.75	-0.1
8.90625	-0.1
8.90625	-0.1
9.0625	-0.1
9.0625	-0.1
9.21875	-0.1
9.21875	-0.1
9.375	-0.1
9.375	-0.1
9.53125	-0.1
9.53125	-0.1
9.6875	-0.1
9.6875	-0.1
9.84375	-0.1
9.84375	-0.1
10	-0.1
10	-0.1
10.15625	-0.1
10.15625	-0.1
10.3125	-0.1
10.3125	-0.1
10.46875	-0.1
10.46875	-0.1
10.625	-0.1
10.625	-0.1
10.78125	-0.1
10.78125	-0.1
10.9375	-0.1
10.9375	-0.1
11.09375	-0.1
11.09375	-0.1
11.25	-0.1
11.25	-0.1
11.40625	-0.1
11.40625	-0.1
11.5625	-0.1
11.5625	-0.1
11.71875	-0.1
11.71875	-0.1
11.875	-0.1
11.875	-0.1
12.03125	-0.1
12.03125	-0.1
12.1875	-0.1
12.1875	-0.1
12.34375	-0.1
12.34375	-0.1
12.5	-0.1
12.5	-0.1
12.65625	-0.1
12.65625	-0.1
12.8125	-0.1
12.8125	-0.1
12.96875	-0.1
12.96875	-0.1
13.125	-0.1
13.125	-0.1
13.28125	-0.1
13.28125	-0.1
13.4375	-0.1
13.4375	-0.1
13.59375	-0.1
13.59375	-0.1
13.75	-0.1
13.75	-0.1
13.90625	-0.1
13.90625	-0.1
14.0625	-0.1
14.0625	-0.1
14.21875	-0.1
14.21875	-0.1
14.375	-0.1
14.375	-0.1
14.53125	-0.1
14.53125	-0.1
14.6875	-0.1
14.6875	-0.1
14.84375	-0.1
14.84375	-0.1
15	-0.1
15	-0.1
15.15625	-0.1
15.15625	-0.1
15.3125	-0.1
15.3125	-0.1
15.46875	-0.1
15.46875	-0.1
15.625	-0.1
15.625	-0.1
15.78125	-0.1
15.78125	-0.1
15.9375	-0.1
15.9375	-0.1
16.09375	-0.1
16.09375	-0.1
16.25	-0.1
16.25	-0.1
16.40625	-0.1
16.40625	-0.1
16.5625	-0.1
16.5625	-0.1
16.71875	-0.1
16.71875	-0.1
16.875	-0.1
16.875	-0.1
17.03125	-0.1
17.03125	-0.1
17.1875	-0.1
17.1875	-0.1
17.34375	-0.1
17.34375	-0.1
17.5	-0.1
17.5	-0.1
17.65625	-0.1
17.65625	-0.1
17.8125	-0.1
17.8125	-0.1
17.96875	-0.1
17.96875	-0.1
18.125	-0.1
18.125	-0.1
18.28125	-0.1
18.28125	-0.1
18.4375	-0.1
18.4375	-0.1
18.59375	-0.1
18.59375	-0.1
18.75	-0.1
18.75	-0.1
18.90625	-0.1
18.90625	-0.1
19.0625	-0.1
19.0625	-0.1
19.21875	-0.1
19.21875	-0.1
19.375	-0.1
19.375	-0.1
19.53125	-0.1
19.53125	-0.1
19.6875	-0.1
19.6875	-0.1
19.84375	-0.1
19.84375	-0.1
20	-0.1
20	-0.1
20.15625	-0.1
20.15625	-0.1
20.3125	-0.1
20.3125	-0.1
20.46875	-0.1
20.46875	-0.1
20.625	-0.1
20.625	-0.1
20.78125	-0.1
20.78125	-0.1
20.9375	-0.1
20.9375	-0.1
21.09375	-0.1
21.09375	-0.1
21.25	-0.1
21.25	-0.1
21.40625	-0.1
21.40625	-0.1
21.5625	-0.1
21.5625	-0.1
21.71875	-0.1
21.71875	-0.1
21.875	-0.1
21.875	-0.1
22.03125	-0.1
22.03125	-0.1
22.1875	-0.1
22.1875	-0.1
22.34375	-0.1
22.34375	-0.1
22.5	-0.1
22.5	-0.1
22.65625	-0.1
22.65625	-0.1
22.8125	-0.1
22.8125	-0.1
22.96875	-0.1
22.96875	-0.1
23.125	-0.1
23.125	-0.1
23.28125	-0.1
23.28125	-0.1
23.4375	-0.1
23.4375	-0.1
23.59375	-0.1
23.59375	-0.1
23.75	-0.1
23.75	-0.1
23.90625	-0.1
23.90625	-0.1
24.0625	-0.1
24.0625	-0.1
24.21875	-0.1
24.21875	-0.1
24.375	-0.1
24.375	-0.1
24.53125	-0.1
24.53125	-0.1
24.6875	-0.1
24.6875	-0.1
24.84375	-0.1
24.84375	-0.1
25	-0.1
25	-0.1
25.15625	-0.1
25.15625	-0.1
25.3125	-0.1
25.3125	-0.1
25.46875	-0.1
25.46875	-0.1
25.625	-0.1
25.625	-0.1
25.78125	-0.1
25.78125	-0.1
25.9375	-0.1
25.9375	-0.1
26.09375	-0.1
26.09375	-0.1
26.25	-0.1
26.25	-0.1
26.40625	-0.1
26.40625	-0.1
26.5625	-0.1
26.5625	-0.1
26.71875	-0.1
26.71875	-0.1
26.875	-0.1
26.875	-0.1
27.03125	-0.1
27.03125	-0.1
27.1875	-0.1
27.1875	-0.1
27.34375	-0.1
27.34375	-0.1
27.5	-0.1
27.5	-0.1
27.65625	-0.1
27.65625	-0.1
27.8125	-0.1
27.8125	-0.1
27.96875	-0.1
27.96875	-0.1
28.125	-0.1
28.125	-0.1
28.28125	-0.1
28.28125	-0.1
28.4375	-0.1
28.4375	-0.1
28.59375	-0.1
28.59375	-0.1
28.75	-0.1
28.75	-0.1
28.90625	-0.1
28.90625	-0.1
29.0625	-0.1
29.0625	-0.1
29.21875	-0.1
29.21875	-0.1
29.375	-0.1
29.375	-0.1
29.53125	-0.1
29.53125	-0.1
29.6875	-0.1
29.6875	-0.1
29.84375	-0.1
29.84375	-0.1
30	-0.1
30	-0.1
30.15625	-0.1
30.15625	-0.1
30.3125	-0.1
30.3125	-0.1
30.46875	-0.1
30.46875	-0.1
30.625	-0.1
30.625	-0.1
30.78125	-0.1
30.78125	-0.1
30.9375	-0.1
30.9375	-0.1
31.09375	-0.1
31.09375	-0.1
31.25	-0.1
31.25	-0.1
31.40625	-0.1
31.40625	-0.1
31.5625	-0.1
31.5625	-0.1
31.71875	-0.1
31.71875	-0.1
31.875	-0.1
31.875	-0.1
32.03125	-0.1
32.03125	-0.1
32.1875	-0.1
32.1875	-0.1
32.34375	-0.1
32.34375	-0.1
32.5	-0.1
32.5	-0.1
32.65625	-0.1
32.65625	-0.1
32.8125	-0.1
32.8125	-0.1
32.96875	-0.1
32.96875	-0.1
33.125	-0.1
33.125	-0.1
33.28125	-0.1
33.28125	-0.1
33.4375	-0.1
33.4375	-0.1
33.59375	-0.1
33.59375	-0.1
33.75	-0.1
33.75	-0.1
33.90625	-0.1
33.90625	-0.1
34.0625	-0.1
34.0625	-0.1
34.21875	-0.1
34.21875	-0.1
34.375	-0.1
34.375	-0.1
34.53125	-0.1
34.53125	-0.1
34.6875	-0.1
34.6875	-0.1
34.84375	-0.1
34.84375	-0.1
35	-0.1
35	-0.1
35.15625	-0.1
35.15625	-0.1
35.3125	-0.1
35.3125	-0.1
35.46875	-0.1
35.46875	-0.1
35.625	-0.1
35.625	-0.1
35.78125	-0.1
35.78125	-0.1
35.9375	-0.1
35.9375	-0.1
36.09375	-0.1
36.09375	-0.1
36.25	-0.1
36.25	-0.1
36.40625	-0.1
36.40625	-0.1
36.5625	-0.1
36.5625	-0.1
36.71875	-0.1
36.71875	-0.1
36.875	-0.1
36.875	-0.1
37.03125	-0.1
37.03125	-0.1
37.1875	-0.1
37.1875	-0.1
37.34375	-0.1
37.34375	-0.1
37.5	-0.1
37.5	-0.1
37.65625	-0.1
37.65625	-0.1
37.8125	-0.1
37.8125	-0.1
37.96875	-0.1
37.96875	-0.1
38.125	-0.1
38.125	-0.1
38.28125	-0.1
38.28125	-0.1
38.4375	-0.1
38.4375	-0.1
38.59375	-0.098876953125
38.59375	-0.098876953125
38.75	-0.078125
38.75	-0.078125
38.90625	-0.059814453125
38.90625	-0.059814453125
39.0625	-0.0439453125
39.0625	-0.0439453125
39.21875	-0.030517578125
39.21875	-0.030517578125
39.375	-0.01953125
39.375	-0.01953125
39.53125	-0.010986328125
39.53125	-0.010986328125
39.6875	-0.0048828125
39.6875	-0.0048828125
39.84375	-0.001220703125
39.84375	-0.001220703125
40	0
40	0
40.15625	-0.001220703125
40.15625	-0.001220703125
40.3125	-0.0048828125
40.3125	-0.0048828125
40.46875	-0.010986328125
40.46875	-0.010986328125
40.625	-0.01953125
40.625	-0.01953125
40.78125	-0.030517578125
40.78125	-0.030517578125
40.9375	-0.0439453125
40.9375	-0.0439453125
41.09375	-0.059814453125
41.09375	-0.059814453125
41.25	-0.078125
41.25	-0.078125
41.40625	-0.098876953125
41.40625	-0.098876953125
41.5625	-0.1
41.5625	-0.1
41.71875	-0.1
41.71875	-0.1
41.875	-0.1
41.875	-0.1
42.03125	-0.1
42.03125	-0.1
42.1875	-0.1
42.1875	-0.1
42.34375	-0.1
42.34375	-0.1
42.5	-0.1
42.5	-0.1
42.65625	-0.1
42.65625	-0.1
42.8125	-0.1
42.8125	-0.1
42.96875	-0.1
42.96875	-0.1
43.125	-0.1
43.125	-0.1
43.28125	-0.1
43.28125	-0.1
43.4375	-0.1
43.4375	-0.1
43.59375	-0.1
43.59375	-0.1
43.75	-0.1
43.75	-0.1
43.90625	-0.1
43.90625	-0.1
44.0625	-0.1
44.0625	-0.1
44.21875	-0.1
44.21875	-0.1
44.375	-0.1
44.375	-0.1
44.53125	-0.1
44.53125	-0.1
44.6875	-0.1
44.6875	-0.1
44.84375	-0.1
44.84375	-0.1
45	-0.1
45	-0.1
45.15625	-0.1
45.15625	-0.1
45.3125	-0.1
45.3125	-0.1
45.46875	-0.1
45.46875	-0.1
45.625	-0.1
45.625	-0.1
45.78125	-0.1
45.78125	-0.1
45.9375	-0.1
45.9375	-0.1
46.09375	-0.1
46.09375	-0.1
46.25	-0.1
46.25	-0.1
46.40625	-0.1
46.40625	-0.1
46.5625	-0.1
46.5625	-0.1
46.71875	-0.1
46.71875	-0.1
46.875	-0.1
46.875	-0.1
47.03125	-0.1
47.03125	-0.1
47.1875	-0.1
47.1875	-0.1
47.34375	-0.1
47.34375	-0.1
47.5	-0.1
47.5	-0.1
47.65625	-0.1
47.65625	-0.1
47.8125	-0.1
47.8125	-0.1
47.96875	-0.1
47.96875	-0.1
48.125	-0.1
48.125	-0.1
48.28125	-0.1
48.28125	-0.1
48.4375	-0.1
48.4375	-0.1
48.59375	-0.1
48.59375	-0.1
48.75	-0.1
48.75	-0.1
48.90625	-0.1
48.90625	-0.1
49.0625	-0.1
49.0625	-0.1
49.21875	-0.1
49.21875	-0.1
49.375	-0.1
49.375	-0.1
49.53125	-0.1
49.53125	-0.1
49.6875	-0.1
49.6875	-0.1
49.84375	-0.1
49.84375	-0.1
50	-0.1
50	-0.1
50.15625	-0.1
50.15625	-0.1
50.3125	-0.1
50.3125	-0.1
50.46875	-0.1
50.46875	-0.1
50.625	-0.1
50.625	-0.1
50.78125	-0.1
50.78125	-0.1
50.9375	-0.1
50.9375	-0.1
51.09375	-0.1
51.09375	-0.1
51.25	-0.1
51.25	-0.1
51.40625	-0.1
51.40625	-0.1
51.5625	-0.1
51.5625	-0.1
51.71875	-0.1
51.71875	-0.1
51.875	-0.1
51.875	-0.1
52.03125	-0.1
52.03125	-0.1
52.1875	-0.1
52.1875	-0.1
52.34375	-0.1
52.34375	-0.1
52.5	-0.1
52.5	-0.1
52.65625	-0.1
52.65625	-0.1
52.8125	-0.1
52.8125	-0.1
52.96875	-0.1
52.96875	-0.1
53.125	-0.1
53.125	-0.1
53.28125	-0.1
53.28125	-0.1
53.4375	-0.1
53.4375	-0.1
53.59375	-0.1
53.59375	-0.1
53.75	-0.1
53.75	-0.1
53.90625	-0.1
53.90625	-0.1
54.0625	-0.1
54.0625	-0.1
54.21875	-0.1
54.21875	-0.1
54.375	-0.1
54.375	-0.1
54.53125	-0.1
54.53125	-0.1
54.6875	-0.1
54.6875	-0.1
54.84375	-0.1
54.84375	-0.1
55	-0.1
55	-0.1
55.15625	-0.1
55.15625	-0.1
55.3125	-0.1
55.3125	-0.1
55.46875	-0.1
55.46875	-0.1
55.625	-0.1
55.625	-0.1
55.78125	-0.1
55.78125	-0.1
55.9375	-0.1
55.9375	-0.1
56.09375	-0.1
56.09375	-0.1
56.25	-0.1
56.25	-0.1
56.40625	-0.1
56.40625	-0.1
56.5625	-0.1
56.5625	-0.1
56.71875	-0.1
56.71875	-0.1
56.875	-0.1
56.875	-0.1
57.03125	-0.1
57.03125	-0.1
57.1875	-0.1
57.1875	-0.1
57.34375	-0.1
57.34375	-0.1
57.5	-0.1
57.5	-0.1
57.65625	-0.1
57.65625	-0.1
57.8125	-0.1
57.8125	-0.1
57.96875	-0.1
57.96875	-0.1
58.125	-0.1
58.125	-0.1
58.28125	-0.1
58.28125	-0.1
58.4375	-0.1
58.4375	-0.1
58.59375	-0.1
58.59375	-0.1
58.75	-0.1
58.75	-0.1
58.90625	-0.1
58.90625	-0.1
59.0625	-0.1
59.0625	-0.1
59.21875	-0.1
59.21875	-0.1
59.375	-0.1
59.375	-0.1
59.53125	-0.1
59.53125	-0.1
59.6875	-0.1
59.6875	-0.1
59.84375	-0.1
59.84375	-0.1
60	-0.1
60	-0.1
60.15625	-0.1
60.15625	-0.1
60.3125	-0.1
60.3125	-0.1
60.46875	-0.1
60.46875	-0.1
60.625	-0.1
60.625	-0.1
60.78125	-0.1
60.78125	-0.1
60.9375	-0.1
60.9375	-0.1
61.09375	-0.1
61.09375	-0.1
61.25	-0.1
61.25	-0.1
61.40625	-0.1
61.40625	-0.1
61.5625	-0.1
61.5625	-0.1
61.71875	-0.1
61.71875	-0.1
61.875	-0.1
61.875	-0.1
62.03125	-0.1
62.03125	-0.1
62.1875	-0.1
62.1875	-0.1
62.34375	-0.1
62.34375	-0.1
62.5	-0.1
62.5	-0.1
62.65625	-0.1
62.65625	-0.1
62.8125	-0.1
62.8125	-0.1
62.96875	-0.1
62.96875	-0.1
63.125	-0.1
63.125	-0.1
63.28125	-0.1
63.28125	-0.1
63.4375	-0.1
63.4375	-0.1
63.59375	-0.1
63.59375	-0.1
63.75	-0.1
63.75	-0.1
63.90625	-0.1
63.90625	-0.1
64.0625	-0.1
64.0625	-0.1
64.21875	-0.1
64.21875	-0.1
64.375	-0.1
64.375	-0.1
64.53125	-0.1
64.53125	-0.1
64.6875	-0.1
64.6875	-0.1
64.84375	-0.1
64.84375	-0.1
65	-0.1
65	-0.1
65.15625	-0.1
65.15625	-0.1
65.3125	-0.1
65.3125	-0.1
65.46875	-0.1
65.46875	-0.1
65.625	-0.1
65.625	-0.1
65.78125	-0.1
65.78125	-0.1
65.9375	-0.1
65.9375	-0.1
66.09375	-0.1
66.09375	-0.1
66.25	-0.1
66.25	-0.1
66.40625	-0.1
66.40625	-0.1
66.5625	-0.1
66.5625	-0.1
66.71875	-0.1
66.71875	-0.1
66.875	-0.1
66.875	-0.1
67.03125	-0.1
67.03125	-0.1
67.1875	-0.1
67.1875	-0.1
67.34375	-0.1
67.34375	-0.1
67.5	-0.1
67.5	-0.1
67.65625	-0.1
67.65625	-0.1
67.8125	-0.1
67.8125	-0.1
67.96875	-0.1
67.96875	-0.1
68.125	-0.1
68.125	-0.1
68.28125	-0.1
68.28125	-0.1
68.4375	-0.1
68.4375	-0.1
68.59375	-0.1
68.59375	-0.1
68.75	-0.1
68.75	-0.1
68.90625	-0.1
68.90625	-0.1
69.0625	-0.1
69.0625	-0.1
69.21875	-0.1
69.21875	-0.1
69.375	-0.1
69.375	-0.1
69.53125	-0.1
69.53125	-0.1
69.6875	-0.1
69.6875	-0.1
69.84375	-0.1
69.84375	-0.1
70	-0.1
70	-0.1
70.15625	-0.1
70.15625	-0.1
70.3125	-0.1
70.3125	-0.1
70.46875	-0.1
70.46875	-0.1
70.625	-0.1
70.625	-0.1
70.78125	-0.1
70.78125	-0.1
70.9375	-0.1
70.9375	-0.1
71.09375	-0.1
71.09375	-0.1
71.25	-0.1
71.25	-0.1
71.40625	-0.1
71.40625	-0.1
71.5625	-0.1
71.5625	-0.1
71.71875	-0.1
71.71875	-0.1
71.875	-0.1
71.875	-0.1
72.03125	-0.1
72.03125	-0.1
72.1875	-0.1
72.1875	-0.1
72.34375	-0.1
72.34375	-0.1
72.5	-0.1
72.5	-0.1
72.65625	-0.1
72.65625	-0.1
72.8125	-0.1
72.8125	-0.1
72.96875	-0.1
72.96875	-0.1
73.125	-0.1
73.125	-0.1
73.28125	-0.1
73.28125	-0.1
73.4375	-0.1
73.4375	-0.1
73.59375	-0.1
73.59375	-0.1
73.75	-0.1
73.75	-0.1
73.90625	-0.1
73.90625	-0.1
74.0625	-0.1
74.0625	-0.1
74.21875	-0.1
74.21875	-0.1
74.375	-0.1
74.375	-0.1
74.53125	-0.1
74.53125	-0.1
74.6875	-0.1
74.6875	-0.1
74.84375	-0.1
74.84375	-0.1
75	-0.1
75	-0.1
75.15625	-0.1
75.15625	-0.1
75.3125	-0.1
75.3125	-0.1
75.46875	-0.1
75.46875	-0.1
75.625	-0.1
75.625	-0.1
75.78125	-0.1
75.78125	-0.1
75.9375	-0.1
75.9375	-0.1
76.09375	-0.1
76.09375	-0.1
76.25	-0.1
76.25	-0.1
76.40625	-0.1
76.40625	-0.1
76.5625	-0.1
76.5625	-0.1
76.71875	-0.1
76.71875	-0.1
76.875	-0.1
76.875	-0.1
77.03125	-0.1
77.03125	-0.1
77.1875	-0.1
77.1875	-0.1
77.34375	-0.1
77.34375	-0.1
77.5	-0.1
77.5	-0.1
77.65625	-0.1
77.65625	-0.1
77.8125	-0.1
77.8125	-0.1
77.96875	-0.1
77.96875	-0.1
78.125	-0.1
78.125	-0.1
78.28125	-0.1
78.28125	-0.1
78.4375	-0.1
78.4375	-0.1
78.59375	-0.1
78.59375	-0.1
78.75	-0.1
78.75	-0.1
78.90625	-0.1
78.90625	-0.1
79.0625	-0.1
79.0625	-0.1
79.21875	-0.1
79.21875	-0.1
79.375	-0.1
79.375	-0.1
79.53125	-0.1
79.53125	-0.1
79.6875	-0.1
79.6875	-0.1
79.84375	-0.1
79.84375	-0.1
80	-0.1
80	-0.1
80.15625	-0.1
80.15625	-0.1
80.3125	-0.1
80.3125	-0.1
80.46875	-0.1
80.46875	-0.1
80.625	-0.1
80.625	-0.1
80.78125	-0.1
80.78125	-0.1
80.9375	-0.1
80.9375	-0.1
81.09375	-0.1
81.09375	-0.1
81.25	-0.1
81.25	-0.1
81.40625	-0.1
81.40625	-0.1
81.5625	-0.1
81.5625	-0.1
81.71875	-0.1
81.71875	-0.1
81.875	-0.1
81.875	-0.1
82.03125	-0.1
82.03125	-0.1
82.1875	-0.1
82.1875	-0.1
82.34375	-0.1
82.34375	-0.1
82.5	-0.1
82.5	-0.1
82.65625	-0.1
82.65625	-0.1
82.8125	-0.1
82.8125	-0.1
82.96875	-0.1
82.96875	-0.1
83.125	-0.1
83.125	-0.1
83.28125	-0.1
83.28125	-0.1
83.4375	-0.1
83.4375	-0.1
83.59375	-0.1
83.59375	-0.1
83.75	-0.1
83.75	-0.1
83.90625	-0.1
83.90625	-0.1
84.0625	-0.1
84.0625	-0.1
84.21875	-0.1
84.21875	-0.1
84.375	-0.1
84.375	-0.1
84.53125	-0.1
84.53125	-0.1
84.6875	-0.1
84.6875	-0.1
84.84375	-0.1
84.84375	-0.1
85	-0.1
85	-0.1
85.15625	-0.1
85.15625	-0.1
85.3125	-0.1
85.3125	-0.1
85.46875	-0.1
85.46875	-0.1
85.625	-0.1
85.625	-0.1
85.78125	-0.1
85.78125	-0.1
85.9375	-0.1
85.9375	-0.1
86.09375	-0.1
86.09375	-0.1
86.25	-0.1
86.25	-0.1
86.40625	-0.1
86.40625	-0.1
86.5625	-0.1
86.5625	-0.1
86.71875	-0.1
86.71875	-0.1
86.875	-0.1
86.875	-0.1
87.03125	-0.1
87.03125	-0.1
87.1875	-0.1
87.1875	-0.1
87.34375	-0.1
87.34375	-0.1
87.5	-0.1
87.5	-0.1
87.65625	-0.1
87.65625	-0.1
87.8125	-0.1
87.8125	-0.1
87.96875	-0.1
87.96875	-0.1
88.125	-0.1
88.125	-0.1
88.28125	-0.1
88.28125	-0.1
88.4375	-0.1
88.4375	-0.1
88.59375	-0.1
88.59375	-0.1
88.75	-0.1
88.75	-0.1
88.90625	-0.1
88.90625	-0.1
89.0625	-0.1
89.0625	-0.1
89.21875	-0.1
89.21875	-0.1
89.375	-0.1
89.375	-0.1
89.53125	-0.1
89.53125	-0.1
89.6875	-0.1
89.6875	-0.1
89.84375	-0.1
89.84375	-0.1
90	-0.1
90	-0.1
90.15625	-0.1
90.15625	-0.1
90.3125	-0.1
90.3125	-0.1
90.46875	-0.1
90.46875	-0.1
90.625	-0.1
90.625	-0.1
90.78125	-0.1
90.78125	-0.1
90.9375	-0.1
90.9375	-0.1
91.09375	-0.1
91.09375	-0.1
91.25	-0.1
91.25	-0.1
91.40625	-0.1
91.40625	-0.1
91.5625	-0.1
91.5625	-0.1
91.71875	-0.1
91.71875	-0.1
91.875	-0.1
91.875	-0.1
92.03125	-0.1
92.03125	-0.1
92.1875	-0.1
92.1875	-0.1
92.34375	-0.1
92.34375	-0.1
92.5	-0.1
92.5	-0.1
92.65625	-0.1
92.65625	-0.1
92.8125	-0.1
92.8125	-0.1
92.96875	-0.1
92.96875	-0.1
93.125	-0.1
93.125	-0.1
93.28125	-0.1
93.28125	-0.1
93.4375	-0.1
93.4375	-0.1
93.59375	-0.1
93.59375	-0.1
93.75	-0.1
93.75	-0.1
93.90625	-0.1
93.90625	-0.1
94.0625	-0.1
94.0625	-0.1
94.21875	-0.1
94.21875	-0.1
94.375	-0.1
94.375	-0.1
94.53125	-0.1
94.53125	-0.1
94.6875	-0.1
94.6875	-0.1
94.84375	-0.1
94.84375	-0.1
95	-0.1
95	-0.1
95.15625	-0.1
95.15625	-0.1
95.3125	-0.1
95.3125	-0.1
95.46875	-0.1
95.46875	-0.1
95.625	-0.1
95.625	-0.1
95.78125	-0.1
95.78125	-0.1
95.9375	-0.1
95.9375	-0.1
96.09375	-0.1
96.09375	-0.1
96.25	-0.1
96.25	-0.1
96.40625	-0.1
96.40625	-0.1
96.5625	-0.1
96.5625	-0.1
96.71875	-0.1
96.71875	-0.1
96.875	-0.1
96.875	-0.1
97.03125	-0.1
97.03125	-0.1
97.1875	-0.1
97.1875	-0.1
97.34375	-0.1
97.34375	-0.1
97.5	-0.1
97.5	-0.1
97.65625	-0.1
97.65625	-0.1
97.8125	-0.1
97.8125	-0.1
97.96875	-0.1
97.96875	-0.1
98.125	-0.1
98.125	-0.1
98.28125	-0.1
98.28125	-0.1
98.4375	-0.1
98.4375	-0.1
98.59375	-0.1
98.59375	-0.1
98.75	-0.1
98.75	-0.1
98.90625	-0.1
98.90625	-0.1
99.0625	-0.1
99.0625	-0.1
99.21875	-0.1
99.21875	-0.1
99.375	-0.1
99.375	-0.1
99.53125	-0.1
99.53125	-0.1
99.6875	-0.1
99.6875	-0.1
99.84375	-0.1
99.84375	-0.1
100	-0.1
0	0
0.15625	0
0.15625	0
0.3125	0
0.3125	0
0.46875	0
0.46875	0
0.625	0
0.625	0
0.78125	0
0.78125	0
0.9375	0
0.9375	0
1.09375	0
1.09375	0
1.25	0
1.25	0
1.40625	0
1.40625	0
1.5625	0
1.5625	0
1.71875	0
1.71875	0
1.875	0
1.875	0
2.03125	0
2.03125	0
2.1875	0
2.1875	0
2.34375	0
2.34375	0
2.5	0
2.5	0
2.65625	0
2.65625	0
2.8125	0
2.8125	0
2.96875	0
2.96875	0
3.125	0
3.125	0
3.28125	0
3.28125	0
3.4375	0
3.4375	0
3.59375	0
3.59375	0
3.75	0
3.75	0
3.90625	0
3.90625	0
4.0625	0
4.0625	0
4.21875	0
4.21875	0
4.375	0
4.375	0
4.53125	0
4.53125	0
4.6875	0
4.6875	0
4.84375	0
4.84375	0
5	0
5	0
5.15625	0
5.15625	0
5.3125	0
5.3125	0
5.46875	0
5.46875	0
5.625	0
5.625	0
5.78125	0
5.78125	0
5.9375	0
5.9375	0
6.09375	0
6.09375	0
6.25	0
6.25	0
6.40625	0
6.40625	0
6.5625	0
6.5625	0
6.71875	0
6.71875	0
6.875	0
6.875	0
7.03125	0
7.03125	0
7.1875	0
7.1875	0
7.34375	0
7.34375	0
7.5	0
7.5	0
7.65625	0
7.65625	0
7.8125	0
7.8125	0
7.96875	0
7.96875	0
8.125	0
8.125	0
8.28125	0
8.28125	0
8.4375	0
8.4375	0
8.59375	0
8.59375	0
8.75	0
8.75	0
8.90625	0
8.90625	0
9.0625	0
9.0625	0
9.21875	0
9.21875	0
9.375	0
9.375	0
9.53125	0
9.53125	0
9.6875	0
9.6875	0
9.84375	0
9.84375	0
10	0
10	0
10.15625	0
10.15625	0
10.3125	0
10.3125	0
10.46875	0
10.46875	0
10.625	0
10.625	0
10.78125	0
10.78125	0
10.9375	0
10.9375	0
11.09375	0
11.09375	0
11.25	0
11.25	0
11.40625	0
11.40625	0
11.5625	0
11.5625	0
11.71875	0
11.71875	0
11.875	0
11.875	0
12.03125	0
12.03125	0
12.1875	0
12.1875	0
12.34375	0
12.34375	0
12.5	0
12.5	0
12.65625	0
12.65625	0
12.8125	0
12.8125	0
12.96875	0
12.96875	0
13.125	0
13.125	0
13.28125	0
13.28125	0
13.4375	0
13.4375	0
13.59375	0
13.59375	0
13.75	0
13.75	0
13.90625	0
13.90625	0
14.0625	0
14.0625	0
14.21875	0
14.21875	0
14.375	0
14.375	0
14.53125	0
14.53125	0
14.6875	0
14.6875	0
14.84375	0
14.84375	0
15	0
15	0
15.15625	0
15.15625	0
15.3125	0
15.3125	0
15.46875	0
15.46875	0
15.625	0
15.625	0
15.78125	0
15.78125	0
15.9375	0
15.9375	0
16.09375	0
16.09375	0
16.25	0
16.25	0
16.40625	0
16.40625	0
16.5625	0
16.5625	0
16.71875	0
16.71875	0
16.875	0
16.875	0
17.03125	0
17.03125	0
17.1875	0
17.1875	0
17.34375	0
17.34375	0
17.5	0
17.5	0
17.65625	0
17.65625	0
17.8125	0
17.8125	0
17.96875	0
17.96875	0
18.125	0
18.125	0
18.28125	0
18.28125	0
18.4375	0
18.4375	0
18.59375	0
18.59375	0
18.75	0
18.75	0
18.90625	0
18.90625	0
19.0625	0
19.0625	0
19.21875	0
19.21875	0
19.375	0
19.375	0
19.53125	0
19.53125	0
19.6875	0
19.6875	0
19.84375	0
19.84375	0
20	0
20	0
20.15625	0
20.15625	0
20.3125	0
20.3125	0
20.46875	0
20.46875	0
20.625	0
20.625	0
20.78125	0
20.78125	0
20.9375	0
20.9375	0
21.09375	0
21.09375	0
21.25	0
21.25	0
21.40625	0
21.40625	0
21.5625	0
21.5625	0
21.71875	0
21.71875	0
21.875	0
21.875	0
22.03125	0
22.03125	0
22.1875	0
22.1875	0
22.34375	0
22.34375	0
22.5	0
22.5	0
22.65625	0
22.65625	0
22.8125	0
22.8125	0
22.96875	0
22.96875	0
23.125	0
23.125	0
23.28125	0
23.28125	0
23.4375	0
23.4375	0
23.59375	0
23.59375	0
23.75	0
23.75	0
23.90625	0
23.90625	0
24.0625	0
24.0625	0
24.21875	0
24.21875	0
24.375	0
24.375	0
24.53125	0
24.53125	0
24.6875	0
24.6875	0
24.84375	0
24.84375	0
25	0
25	0
25.15625	0
25.15625	0
25.3125	0
25.3125	0
25.46875	0
25.46875	0
25.625	0
25.625	0
25.78125	0
25.78125	0
25.9375	0
25.9375	0
26.09375	0
26.09375	0
26.25	0
26.25	0
26.40625	0
26.40625	0
26.5625	0
26.5625	0
26.71875	0
26.71875	0
26.875	0
26.875	0
27.03125	0
27.03125	0
27.1875	0
27.1875	0
27.34375	0
27.34375	0
27.5	0
27.5	0
27.65625	0
27.65625	0
27.8125	0
27.8125	0
27.96875	0
27.96875	0
28.125	0
28.125	0
28.28125	0
28.28125	0
28.4375	0
28.4375	0
28.59375	0
28.59375	0
28.75	0
28.75	0
28.90625	0
28.90625	0
29.0625	0
29.0625	0
29.21875	0
29.21875	0
29.375	0
29.375	0
29.53125	0
29.53125	0
29.6875	0
29.6875	0
29.84375	0
29.84375	0
30	0
30	0
30.15625	0
30.15625	0
30.3125	0
30.3125	0
30.46875	0
30.46875	0
30.625	0
30.625	0
30.78125	0
30.78125	0
30.9375	0
30.9375	0
31.09375	0
31.09375	0
31.25	0
31.25	0
31.40625	0
31.40625	0
31.5625	0
31.5625	0
31.71875	0
31.71875	0
31.875	0
31.875	0
32.03125	0
32.03125	0
32.1875	0
32.1875	0
32.34375	0
32.34375	0
32.5	0
32.5	0
32.65625	0
32.65625	0
32.8125	0
32.8125	0
32.96875	0
32.96875	0
33.125	0
33.125	0
33.28125	0
33.28125	0
33.4375	0
33.4375	0
33.59375	0
33.59375	0
33.75	0
33.75	0
33.90625	0
33.90625	0
34.0625	0
34.0625	0
34.21875	0
34.21875	0
34.375	0
34.375	0
34.53125	0
34.53125	0
34.6875	0
34.6875	0
34.84375	0
34.84375	0
35	0
35	0
35.15625	0
35.15625	0
35.3125	0
35.3125	0
35.46875	0
35.46875	0
35.625	0
35.625	0
35.78125	0
35.78125	0
35.9375	0
35.9375	0
36.09375	0
36.09375	0
36.25	0
36.25	0
36.40625	0
36.40625	0
36.5625	0
36.5625	0
36.71875	0
36.71875	0
36.875	0
36.875	0
37.03125	0
37.03125	0
37.1875	0
37.1875	0
37.34375	0
37.34375	0
37.5	0
37.5	0
37.65625	0
37.65625	0
37.8125	0
37.8125	0
37.96875	0
37.96875	0
38.125	0
38.125	0
38.28125	0
38.28125	0
38.4375	0
38.4375	0.00112304687500001
38.59375	0.00112304687500001
38.59375	0.020751953125
38.75	0.020751953125
38.75	0.018310546875
38.90625	0.018310546875
38.90625	0.015869140625
39.0625	0.015869140625
39.0625	0.013427734375
39.21875	0.013427734375
39.21875	0.010986328125
39.375	0.010986328125
39.375	0.008544921875
39.53125	0.008544921875
39.53125	0.006103515625
39.6875	0.006103515625
39.6875	0.003662109375
39.84375	0.003662109375
39.84375	0.001220703125
40	0.001220703125
40	-0.001220703125
40.15625	-0.001220703125
40.15625	-0.003662109375
40.3125	-0.003662109375
40.3125	-0.006103515625
40.46875	-0.006103515625
40.46875	-0.008544921875
40.625	-0.008544921875
40.625	-0.010986328125
40.78125	-0.010986328125
40.78125	-0.013427734375
40.9375	-0.013427734375
40.9375	-0.015869140625
41.09375	-0.015869140625
41.09375	-0.018310546875
41.25	-0.018310546875
41.25	-0.020751953125
41.40625	-0.020751953125
41.40625	-0.00112304687500001
41.5625	-0.00112304687500001
41.5625	0
41.71875	0
41.71875	0
41.875	0
41.875	0
42.03125	0
42.03125	0
42.1875	0
42.1875	0
42.34375	0
42.34375	0
42.5	0
42.5	0
42.65625	0
42.65625	0
42.8125	0
42.8125	0
42.96875	0
42.96875	0
43.125	0
43.125	0
43.28125	0
43.28125	0
43.4375	0
43.4375	0
43.59375	0
43.59375	0
43.75	0
43.75	0
43.90625	0
43.90625	0
44.0625	0
44.0625	0
44.21875	0
44.21875	0
44.375	0
44.375	0
44.53125	0
44.53125	0
44.6875	0
44.6875	0
44.84375	0
44.84375	0
45	0
45	0
45.15625	0
45.15625	0
45.3125	0
45.3125	0
45.46875	0
45.46875	0
45.625	0
45.625	0
45.78125	0
45.78125	0
45.9375	0
45.9375	0
46.09375	0
46.09375	0
46.25	0
46.25	0
46.40625	0
46.40625	0
46.5625	0
46.5625	0
46.71875	0
46.71875	0
46.875	0
46.875	0
47.03125	0
47.03125	0
47.1875	0
47.1875	0
47.34375	0
47.34375	0
47.5	0
47.5	0
47.65625	0
47.65625	0
47.8125	0
47.8125	0
47.96875	0
47.96875	0
48.125	0
48.125	0
48.28125	0
48.28125	0
48.4375	0
48.4375	0
48.59375	0
48.59375	0
48.75	0
48.75	0
48.90625	0
48.90625	0
49.0625	0
49.0625	0
49.21875	0
49.21875	0
49.375	0
49.375	0
49.53125	0
49.53125	0
49.6875	0
49.6875	0
49.84375	0
49.84375	0
50	0
50	0
50.15625	0
50.15625	0
50.3125	0
50.3125	0
50.46875	0
50.46875	0
50.625	0
50.625	0
50.78125	0
50.78125	0
50.9375	0
50.9375	0
51.09375	0
51.09375	0
51.25	0
51.25	0
51.40625	0
51.40625	0
51.5625	0
51.5625	0
51.71875	0
51.71875	0
51.875	0
51.875	0
52.03125	0
52.03125	0
52.1875	0
52.1875	0
52.34375	0
52.34375	0
52.5	0
52.5	0
52.65625	0
52.65625	0
52.8125	0
52.8125	0
52.96875	0
52.96875	0
53.125	0
53.125	0
53.28125	0
53.28125	0
53.4375	0
53.4375	0
53.59375	0
53.59375	0
53.75	0
53.75	0
53.90625	0
53.90625	0
54.0625	0
54.0625	0
54.21875	0
54.21875	0
54.375	0
54.375	0
54.53125	0
54.53125	0
54.6875	0
54.6875	0
54.84375	0
54.84375	0
55	0
55	0
55.15625	0
55.15625	0
55.3125	0
55.3125	0
55.46875	0
55.46875	0
55.625	0
55.625	0
55.78125	0
55.78125	0
55.9375	0
55.9375	0
56.09375	0
56.09375	0
56.25	0
56.25	0
56.40625	0
56.40625	0
56.5625	0
56.5625	0
56.71875	0
56.71875	0
56.875	0
56.875	0
57.03125	0
57.03125	0
57.1875	0
57.1875	0
57.34375	0
57.34375	0
57.5	0
57.5	0
57.65625	0
57.65625	0
57.8125	0
57.8125	0
57.96875	0
57.96875	0
58.125	0
58.125	0
58.28125	0
58.28125	0
58.4375	0
58.4375	0
58.59375	0
58.59375	0
58.75	0
58.75	0
58.90625	0
58.90625	0
59.0625	0
59.0625	0
59.21875	0
59.21875	0
59.375	0
59.375	0
59.53125	0
59.53125	0
59.6875	0
59.6875	0
59.84375	0
59.84375	0
60	0
60	0
60.15625	0
60.15625	0
60.3125	0
60.3125	0
60.46875	0
60.46875	0
60.625	0
60.625	0
60.78125	0
60.78125	0
60.9375	0
60.9375	0
61.09375	0
61.09375	0
61.25	0
61.25	0
61.40625	0
61.40625	0
61.5625	0
61.5625	0
61.71875	0
61.71875	0
61.875	0
61.875	0
62.03125	0
62.03125	0
62.1875	0
62.1875	0
62.34375	0
62.34375	0
62.5	0
62.5	0
62.65625	0
62.65625	0
62.8125	0
62.8125	0
62.96875	0
62.96875	0
63.125	0
63.125	0
63.28125	0
63.28125	0
63.4375	0
63.4375	0
63.59375	0
63.59375	0
63.75	0
63.75	0
63.90625	0
63.90625	0
64.0625	0
64.0625	0
64.21875	0
64.21875	0
64.375	0
64.375	0
64.53125	0
64.53125	0
64.6875	0
64.6875	0
64.84375	0
64.84375	0
65	0
65	0
65.15625	0
65.15625	0
65.3125	0
65.3125	0
65.46875	0
65.46875	0
65.625	0
65.625	0
65.78125	0
65.78125	0
65.9375	0
65.9375	0
66.09375	0
66.09375	0
66.25	0
66.25	0
66.40625	0
66.40625	0
66.5625	0
66.5625	0
66.71875	0
66.71875	0
66.875	0
66.875	0
67.03125	0
67.03125	0
67.1875	0
67.1875	0
67.34375	0
67.34375	0
67.5	0
67.5	0
67.65625	0
67.65625	0
67.8125	0
67.8125	0
67.96875	0
67.96875	0
68.125	0
68.125	0
68.28125	0
68.28125	0
68.4375	0
68.4375	0
68.59375	0
68.59375	0
68.75	0
68.75	0
68.90625	0
68.90625	0
69.0625	0
69.0625	0
69.21875	0
69.21875	0
69.375	0
69.375	0
69.53125	0
69.53125	0
69.6875	0
69.6875	0
69.84375	0
69.84375	0
70	0
70	0
70.15625	0
70.15625	0
70.3125	0
70.3125	0
70.46875	0
70.46875	0
70.625	0
70.625	0
70.78125	0
70.78125	0
70.9375	0
70.9375	0
71.09375	0
71.09375	0
71.25	0
71.25	0
71.40625	0
71.40625	0
71.5625	0
71.5625	0
71.71875	0
71.71875	0
71.875	0
71.875	0
72.03125	0
72.03125	0
72.1875	0
72.1875	0
72.34375	0
72.34375	0
72.5	0
72.5	0
72.65625	0
72.65625	0
72.8125	0
72.8125	0
72.96875	0
72.96875	0
73.125	0
73.125	0
73.28125	0
73.28125	0
73.4375	0
73.4375	0
73.59375	0
73.59375	0
73.75	0
73.75	0
73.90625	0
73.90625	0
74.0625	0
74.0625	0
74.21875	0
74.21875	0
74.375	0
74.375	0
74.53125	0
74.53125	0
74.6875	0
74.6875	0
74.84375	0
74.84375	0
75	0
75	0
75.15625	0
75.15625	0
75.3125	0
75.3125	0
75.46875	0
75.46875	0
75.625	0
75.625	0
75.78125	0
75.78125	0
75.9375	0
75.9375	0
76.09375	0
76.09375	0
76.25	0
76.25	0
76.40625	0
76.40625	0
76.5625	0
76.5625	0
76.71875	0
76.71875	0
76.875	0
76.875	0
77.03125	0
77.03125	0
77.1875	0
77.1875	0
77.34375	0
77.34375	0
77.5	0
77.5	0
77.65625	0
77.65625	0
77.8125	0
77.8125	0
77.96875	0
77.96875	0
78.125	0
78.125	0
78.28125	0
78.28125	0
78.4375	0
78.4375	0
78.59375	0
78.59375	0
78.75	0
78.75	0
78.90625	0
78.90625	0
79.0625	0
79.0625	0
79.21875	0
79.21875	0
79.375	0
79.375	0
79.53125	0
79.53125	0
79.6875	0
79.6875	0
79.84375	0
79.84375	0
80	0
80	0
80.15625	0
80.15625	0
80.3125	0
80.3125	0
80.46875	0
80.46875	0
80.625	0
80.625	0
80.78125	0
80.78125	0
80.9375	0
80.9375	0
81.09375	0
81.09375	0
81.25	0
81.25	0
81.40625	0
81.40625	0
81.5625	0
81.5625	0
81.71875	0
81.71875	0
81.875	0
81.875	0
82.03125	0
82.03125	0
82.1875	0
82.1875	0
82.34375	0
82.34375	0
82.5	0
82.5	0
82.65625	0
82.65625	0
82.8125	0
82.8125	0
82.96875	0
82.96875	0
83.125	0
83.125	0
83.28125	0
83.28125	0
83.4375	0
83.4375	0
83.59375	0
83.59375	0
83.75	0
83.75	0
83.90625	0
83.90625	0
84.0625	0
84.0625	0
84.21875	0
84.21875	0
84.375	0
84.375	0
84.53125	0
84.53125	0
84.6875	0
84.6875	0
84.84375	0
84.84375	0
85	0
85	0
85.15625	0
85.15625	0
85.3125	0
85.3125	0
85.46875	0
85.46875	0
85.625	0
85.625	0
85.78125	0
85.78125	0
85.9375	0
85.9375	0
86.09375	0
86.09375	0
86.25	0
86.25	0
86.40625	0
86.40625	0
86.5625	0
86.5625	0
86.71875	0
86.71875	0
86.875	0
86.875	0
87.03125	0
87.03125	0
87.1875	0
87.1875	0
87.34375	0
87.34375	0
87.5	0
87.5	0
87.65625	0
87.65625	0
87.8125	0
87.8125	0
87.96875	0
87.96875	0
88.125	0
88.125	0
88.28125	0
88.28125	0
88.4375	0
88.4375	0
88.59375	0
88.59375	0
88.75	0
88.75	0
88.90625	0
88.90625	0
89.0625	0
89.0625	0
89.21875	0
89.21875	0
89.375	0
89.375	0
89.53125	0
89.53125	0
89.6875	0
89.6875	0
89.84375	0
89.84375	0
90	0
90	0
90.15625	0
90.15625	0
90.3125	0
90.3125	0
90.46875	0
90.46875	0
90.625	0
90.625	0
90.78125	0
90.78125	0
90.9375	0
90.9375	0
91.09375	0
91.09375	0
91.25	0
91.25	0
91.40625	0
91.40625	0
91.5625	0
91.5625	0
91.71875	0
91.71875	0
91.875	0
91.875	0
92.03125	0
92.03125	0
92.1875	0
92.1875	0
92.34375	0
92.34375	0
92.5	0
92.5	0
92.65625	0
92.65625	0
92.8125	0
92.8125	0
92.96875	0
92.96875	0
93.125	0
93.125	0
93.28125	0
93.28125	0
93.4375	0
93.4375	0
93.59375	0
93.59375	0
93.75	0
93.75	0
93.90625	0
93.90625	0
94.0625	0
94.0625	0
94.21875	0
94.21875	0
94.375	0
94.375	0
94.53125	0
94.53125	0
94.6875	0
94.6875	0
94.84375	0
94.84375	0
95	0
95	0
95.15625	0
95.15625	0
95.3125	0
95.3125	0
95.46875	0
95.46875	0
95.625	0
95.625	0
95.78125	0
95.78125	0
95.9375	0
95.9375	0
96.09375	0
96.09375	0
96.25	0
96.25	0
96.40625	0
96.40625	0
96.5625	0
96.5625	0
96.71875	0
96.71875	0
96.875	0
96.875	0
97.03125	0
97.03125	0
97.1875	0
97.1875	0
97.34375	0
97.34375	0
97.5	0
97.5	0
97.65625	0
97.65625	0
97.8125	0
97.8125	0
97.96875	0
97.96875	0
98.125	0
98.125	0
98.28125	0
98.28125	0
98.4375	0
98.4375	0
98.59375	0
98.59375	0
98.75	0
98.75	0
98.90625	0
98.90625	0
99.0625	0
99.0625	0
99.21875	0
99.21875	0
99.375	0
99.375	0
99.53125	0
99.53125	0
99.6875	0
99.6875	0
99.84375	0
99.84375	0
100	0
