3	1
40
0	0.4
1	0.4
1	0.4
2	0.4
2	0.4
3	0.4
3	0.4
4	0.4
4	0.4
5	0.4
5	0.4
6	0.4
6	0.4
7	0.4
7	0.4
8	0.4
8	0.387239778618688
9	0.489384863570495
9	0.465935819412824
10	0.594637368439145
10	0.560019023729781
11	0.489944553405266
11	0.474539643140229
12	0.400377307945482
12	0.400377307945482
13	0.400377307945482
13	0.400377307945482
14	0.400377307945483
14	0.400377307945482
15	0.400377307945482
15	0.400377307945483
16	0.400377307945483
16	0.400377307945483
17	0.400377307945482
17	0.400377307945482
18	0.40037730794548
18	0.40037730794548
19	0.400377307945481
19	0.400377307945481
20	0.400377307945481
0	1.50548
1	1.50548
1	1.50548
2	1.50548
2	1.50548
3	1.50548
3	1.50548
4	1.50548
4	1.50548
5	1.50548
5	1.50548
6	1.50548
6	1.50548
7	1.50548
7	1.50548
8	1.50548
8	1.50548
9	1.50548
9	1.50548
10	1.50548
10	1.50548
11	1.50548
11	1.50548
12	1.50548
12	1.50548
13	1.50548
13	1.50548
14	1.50548
14	1.50548
15	1.50548
15	1.50548
16	1.50548
16	1.50548
17	1.50547999999999
17	1.50547999999999
18	1.50547999999999
18	1.50547999999999
19	1.50547999999999
19	1.50547999999999
20	1.50547999999999
0	-0.2
1	-0.2
1	-0.2
2	-0.2
2	-0.2
3	-0.2
3	-0.2
4	-0.2
4	-0.2
5	-0.2
5	-0.2
6	-0.2
6	-0.2
7	-0.2
7	-0.2
8	-0.2
8	-0.2
9	-0.05
9	-0.05
10	0
10	0
11	-0.05
11	-0.05
12	-0.2
12	-0.2
13	-0.2
13	-0.2
14	-0.2
14	-0.2
15	-0.2
15	-0.2
16	-0.2
16	-0.2
17	-0.2
17	-0.2
18	-0.2
18	-0.2
19	-0.2
19	-0.2
20	-0.2
0	0
1	0
1	0
2	0
2	0
3	0
3	0
4	0
4	0
5	0
5	0
6	0
6	0
7	0
7	0
8	0
8	0.15
9	0.15
9	0.05
10	0.05
10	-0.05
11	-0.05
11	-0.15
12	-0.15
12	0
13	0
13	0
14	0
14	0
15	0
15	0
16	0
16	0
17	0
17	0
18	0
18	0
19	0
19	0
20	0
