3	1
80
0	0.4
0.5	0.4
0.5	0.4
1	0.4
1	0.4
1.5	0.4
1.5	0.4
2	0.4
2	0.4
2.5	0.4
2.5	0.4
3	0.4
3	0.4
3.5	0.4
3.5	0.4
4	0.4
4	0.4
4.5	0.4
4.5	0.4
5	0.399999999999999
5	0.399999999999999
5.5	0.399999999999999
5.5	0.399999999999999
6	0.4
6	0.4
6.5	0.4
6.5	0.4
7	0.399999999999999
7	0.399999999999999
7.5	0.399999999999999
7.5	0.399999999999999
8	0.399999999999999
8	0.397144984626073
8.5	0.441299514354909
8.5	0.437227177020073
9	0.489141351633705
9	0.482777029806578
9.5	0.543812646068945
9.5	0.536728391347738
10	0.589522947483992
10	0.580039868481381
10.5	0.543874203789567
10.5	0.536226614194019
11	0.489217131136723
11	0.484658769822441
11.5	0.441362539825348
11.5	0.438271031669555
12	0.400050145042604
12	0.400050145042604
12.5	0.400050145042602
12.5	0.400050145042602
13	0.400050145042601
13	0.400050145042601
13.5	0.4000501450426
13.5	0.4000501450426
14	0.400050145042598
14	0.400050145042598
14.5	0.400050145042598
14.5	0.400050145042598
15	0.400050145042598
15	0.400050145042598
15.5	0.400050145042599
15.5	0.400050145042599
16	0.400050145042596
16	0.400050145042596
16.5	0.400050145042597
16.5	0.400050145042597
17	0.400050145042596
17	0.400050145042596
17.5	0.400050145042596
17.5	0.400050145042596
18	0.400050145042595
18	0.400050145042595
18.5	0.400050145042595
18.5	0.400050145042595
19	0.400050145042595
19	0.400050145042595
19.5	0.400050145042593
19.5	0.400050145042593
20	0.400050145042593
0	1.50548
0.5	1.50548
0.5	1.50548
1	1.50548
1	1.50548
1.5	1.50548
1.5	1.50548
2	1.50548
2	1.50548
2.5	1.50548
2.5	1.50548
3	1.50548
3	1.50548
3.5	1.50548
3.5	1.50548
4	1.50548
4	1.50548
4.5	1.50548
4.5	1.50548
5	1.50548
5	1.50548
5.5	1.50548
5.5	1.50548
6	1.50548
6	1.50548
6.5	1.50548
6.5	1.50548
7	1.50547999999999
7	1.50547999999999
7.5	1.50547999999999
7.5	1.50547999999999
8	1.50547999999999
8	1.50547999999999
8.5	1.50547999999999
8.5	1.50547999999999
9	1.50547999999999
9	1.50547999999999
9.5	1.50547999999999
9.5	1.50547999999999
10	1.50547999999998
10	1.50547999999998
10.5	1.50547999999998
10.5	1.50547999999999
11	1.50547999999999
11	1.50547999999999
11.5	1.50547999999999
11.5	1.50547999999999
12	1.50547999999998
12	1.50547999999998
12.5	1.50547999999998
12.5	1.50547999999998
13	1.50547999999998
13	1.50547999999998
13.5	1.50547999999998
13.5	1.50547999999998
14	1.50547999999997
14	1.50547999999997
14.5	1.50547999999997
14.5	1.50547999999997
15	1.50547999999997
15	1.50547999999997
15.5	1.50547999999997
15.5	1.50547999999997
16	1.50547999999997
16	1.50547999999997
16.5	1.50547999999997
16.5	1.50547999999997
17	1.50547999999996
17	1.50547999999997
17.5	1.50547999999996
17.5	1.50547999999996
18	1.50547999999996
18	1.50547999999996
18.5	1.50547999999996
18.5	1.50547999999996
19	1.50547999999996
19	1.50547999999996
19.5	1.50547999999996
19.5	1.50547999999996
20	1.50547999999996
0	-0.2
0.5	-0.2
0.5	-0.2
1	-0.2
1	-0.2
1.5	-0.2
1.5	-0.2
2	-0.2
2	-0.2
2.5	-0.2
2.5	-0.2
3	-0.2
3	-0.2
3.5	-0.2
3.5	-0.2
4	-0.2
4	-0.2
4.5	-0.2
4.5	-0.2
5	-0.2
5	-0.2
5.5	-0.2
5.5	-0.2
6	-0.2
6	-0.2
6.5	-0.2
6.5	-0.2
7	-0.2
7	-0.2
7.5	-0.2
7.5	-0.2
8	-0.2
8	-0.2
8.5	-0.1125
8.5	-0.1125
9	-0.05
9	-0.05
9.5	-0.0125
9.5	-0.0125
10	0
10	0
10.5	-0.0125
10.5	-0.0125
11	-0.05
11	-0.05
11.5	-0.1125
11.5	-0.1125
12	-0.2
12	-0.2
12.5	-0.2
12.5	-0.2
13	-0.2
13	-0.2
13.5	-0.2
13.5	-0.2
14	-0.2
14	-0.2
14.5	-0.2
14.5	-0.2
15	-0.2
15	-0.2
15.5	-0.2
15.5	-0.2
16	-0.2
16	-0.2
16.5	-0.2
16.5	-0.2
17	-0.2
17	-0.2
17.5	-0.2
17.5	-0.2
18	-0.2
18	-0.2
18.5	-0.2
18.5	-0.2
19	-0.2
19	-0.2
19.5	-0.2
19.5	-0.2
20	-0.2
0	0
0.5	0
0.5	0
1	0
1	0
1.5	0
1.5	0
2	0
2	0
2.5	0
2.5	0
3	0
3	0
3.5	0
3.5	0
4	0
4	0
4.5	0
4.5	0
5	0
5	0
5.5	0
5.5	0
6	0
6	0
6.5	0
6.5	0
7	0
7	0
7.5	0
7.5	0
8	0
8	0.0875
8.5	0.0875
8.5	0.0625
9	0.0625
9	0.0375
9.5	0.0375
9.5	0.0125
10	0.0125
10	-0.0125
10.5	-0.0125
10.5	-0.0375
11	-0.0375
11	-0.0625
11.5	-0.0625
11.5	-0.0875
12	-0.0875
12	0
12.5	0
12.5	0
13	0
13	0
13.5	0
13.5	0
14	0
14	0
14.5	0
14.5	0
15	0
15	0
15.5	0
15.5	0
16	0
16	0
16.5	0
16.5	0
17	0
17	0
17.5	0
17.5	0
18	0
18	0
18.5	0
18.5	0
19	0
19	0
19.5	0
19.5	0
20	0
