3	1
320
0	0.4
0.125	0.4
0.125	0.4
0.25	0.4
0.25	0.4
0.375	0.4
0.375	0.4
0.5	0.4
0.5	0.4
0.625	0.4
0.625	0.4
0.75	0.4
0.75	0.4
0.875	0.4
0.875	0.4
1	0.4
1	0.4
1.125	0.4
1.125	0.4
1.25	0.4
1.25	0.4
1.375	0.4
1.375	0.4
1.5	0.4
1.5	0.4
1.625	0.4
1.625	0.400000000000001
1.75	0.399999999999999
1.75	0.399999999999999
1.875	0.399999999999999
1.875	0.399999999999999
2	0.399999999999999
2	0.399999999999999
2.125	0.4
2.125	0.399999999999999
2.25	0.399999999999999
2.25	0.399999999999999
2.375	0.399999999999998
2.375	0.399999999999999
2.5	0.399999999999998
2.5	0.399999999999998
2.625	0.399999999999998
2.625	0.399999999999999
2.75	0.399999999999997
2.75	0.399999999999998
2.875	0.399999999999998
2.875	0.399999999999998
3	0.399999999999997
3	0.399999999999997
3.125	0.399999999999997
3.125	0.399999999999996
3.25	0.399999999999997
3.25	0.399999999999996
3.375	0.399999999999997
3.375	0.399999999999997
3.5	0.399999999999996
3.5	0.399999999999996
3.625	0.399999999999996
3.625	0.399999999999996
3.75	0.399999999999995
3.75	0.399999999999995
3.875	0.399999999999993
3.875	0.399999999999993
4	0.399999999999992
4	0.399999999999993
4.125	0.39999999999999
4.125	0.39999999999999
4.25	0.39999999999999
4.25	0.39999999999999
4.375	0.39999999999999
4.375	0.39999999999999
4.5	0.399999999999989
4.5	0.399999999999989
4.625	0.399999999999988
4.625	0.399999999999988
4.75	0.399999999999988
4.75	0.399999999999988
4.875	0.399999999999988
4.875	0.399999999999988
5	0.399999999999988
5	0.399999999999988
5.125	0.399999999999988
5.125	0.399999999999988
5.25	0.399999999999988
5.25	0.399999999999988
5.375	0.399999999999987
5.375	0.399999999999987
5.5	0.399999999999987
5.5	0.399999999999986
5.625	0.399999999999986
5.625	0.399999999999986
5.75	0.399999999999985
5.75	0.399999999999985
5.875	0.399999999999985
5.875	0.399999999999985
6	0.399999999999984
6	0.399999999999984
6.125	0.399999999999984
6.125	0.399999999999984
6.25	0.399999999999982
6.25	0.399999999999982
6.375	0.399999999999983
6.375	0.399999999999983
6.5	0.399999999999982
6.5	0.399999999999982
6.625	0.399999999999982
6.625	0.399999999999983
6.75	0.399999999999982
6.75	0.399999999999982
6.875	0.399999999999983
6.875	0.399999999999983
7	0.399999999999982
7	0.399999999999982
7.125	0.399999999999982
7.125	0.399999999999982
7.25	0.399999999999982
7.25	0.399999999999982
7.375	0.399999999999981
7.375	0.399999999999981
7.5	0.39999999999998
7.5	0.39999999999998
7.625	0.399999999999978
7.625	0.399999999999978
7.75	0.399999999999978
7.75	0.399999999999978
7.875	0.399999999999979
7.875	0.399999999999979
8	0.399999999999979
8	0.399836544669932
8.125	0.409757676010198
8.125	0.409580632533272
8.25	0.419882689294397
8.25	0.419690244529996
8.375	0.43038930458216
8.375	0.430179262285063
8.5	0.441291647029651
8.5	0.441061311698302
8.625	0.45260335572858
8.625	0.452349370884133
8.75	0.464337028825545
8.75	0.464055148592805
8.875	0.476503305799111
8.875	0.476188068882592
9	0.48910928579794
9	0.488753550280795
9.125	0.502155658107736
9.125	0.501749957646728
9.25	0.515631154481766
9.25	0.515162918769135
9.375	0.529500942196541
9.375	0.528954103662679
9.5	0.543679811054589
9.5	0.543037753461758
9.625	0.557962021090688
9.625	0.557229270809797
9.75	0.57180820533814
9.75	0.571121609544597
9.875	0.583616075610606
9.875	0.583432689481974
10	0.588948423147356
10	0.588752753725197
10.125	0.583616126074132
10.125	0.58285088621882
10.25	0.571808917834188
10.25	0.571003800828392
10.375	0.557963289167937
10.375	0.5572705876531
10.5	0.543681342325551
10.5	0.543099600109274
10.625	0.529502558262444
10.625	0.529009541458019
10.75	0.515632763762826
10.75	0.515208854947624
10.875	0.502157215793204
10.875	0.501787683305411
11	0.489110771178921
11	0.488784803295059
11.125	0.476504710662246
11.125	0.47621429906432
11.25	0.464338351497521
11.25	0.464077457560527
11.375	0.452604597948101
11.375	0.452368578887544
11.5	0.44129281226357
11.5	0.441078031059787
11.625	0.43039039710144
11.625	0.430193955069193
11.75	0.419883713661642
11.75	0.419703264210935
11.875	0.409758636795819
11.875	0.409592253417674
12	0.400000901628011
12	0.400000901628011
12.125	0.40000090162801
12.125	0.40000090162801
12.25	0.400000901628011
12.25	0.400000901628011
12.375	0.400000901628011
12.375	0.400000901628011
12.5	0.40000090162801
12.5	0.400000901628009
12.625	0.400000901628008
12.625	0.400000901628009
12.75	0.400000901628007
12.75	0.400000901628006
12.875	0.400000901628003
12.875	0.400000901628003
13	0.400000901628003
13	0.400000901628003
13.125	0.400000901628002
13.125	0.400000901628002
13.25	0.400000901628002
13.25	0.400000901628002
13.375	0.400000901628002
13.375	0.400000901628002
13.5	0.400000901628001
13.5	0.400000901628
13.625	0.400000901628001
13.625	0.400000901628001
13.75	0.400000901628002
13.75	0.400000901628002
13.875	0.400000901628
13.875	0.400000901628
14	0.400000901628
14	0.400000901627999
14.125	0.400000901627997
14.125	0.400000901627997
14.25	0.400000901627997
14.25	0.400000901627997
14.375	0.400000901627995
14.375	0.400000901627995
14.5	0.400000901627994
14.5	0.400000901627993
14.625	0.400000901627992
14.625	0.400000901627992
14.75	0.400000901627992
14.75	0.400000901627992
14.875	0.400000901627992
14.875	0.400000901627992
15	0.400000901627993
15	0.400000901627993
15.125	0.400000901627993
15.125	0.400000901627993
15.25	0.400000901627992
15.25	0.400000901627992
15.375	0.400000901627991
15.375	0.400000901627992
15.5	0.400000901627991
15.5	0.400000901627991
15.625	0.400000901627991
15.625	0.400000901627991
15.75	0.400000901627991
15.75	0.400000901627991
15.875	0.40000090162799
15.875	0.40000090162799
16	0.400000901627988
16	0.400000901627988
16.125	0.400000901627987
16.125	0.400000901627987
16.25	0.400000901627987
16.25	0.400000901627987
16.375	0.400000901627986
16.375	0.400000901627986
16.5	0.400000901627987
16.5	0.400000901627987
16.625	0.400000901627987
16.625	0.400000901627987
16.75	0.400000901627987
16.75	0.400000901627987
16.875	0.400000901627986
16.875	0.400000901627986
17	0.400000901627984
17	0.400000901627984
17.125	0.400000901627984
17.125	0.400000901627984
17.25	0.400000901627984
17.25	0.400000901627984
17.375	0.400000901627983
17.375	0.400000901627983
17.5	0.400000901627983
17.5	0.400000901627984
17.625	0.400000901627983
17.625	0.400000901627984
17.75	0.400000901627981
17.75	0.40000090162798
17.875	0.400000901627979
17.875	0.40000090162798
18	0.400000901627979
18	0.400000901627979
18.125	0.400000901627979
18.125	0.40000090162798
18.25	0.400000901627979
18.25	0.400000901627979
18.375	0.400000901627976
18.375	0.400000901627977
18.5	0.400000901627976
18.5	0.400000901627976
18.625	0.400000901627975
18.625	0.400000901627975
18.75	0.400000901627977
18.75	0.400000901627977
18.875	0.400000901627976
18.875	0.400000901627976
19	0.400000901627975
19	0.400000901627975
19.125	0.400000901627973
19.125	0.400000901627973
19.25	0.400000901627973
19.25	0.400000901627973
19.375	0.400000901627973
19.375	0.400000901627973
19.5	0.400000901627973
19.5	0.400000901627973
19.625	0.400000901627973
19.625	0.400000901627973
19.75	0.400000901627974
19.75	0.400000901627974
19.875	0.400000901627972
19.875	0.400000901627973
20	0.400000901627971
0	1.50548
0.125	1.50548
0.125	1.50548
0.25	1.50548
0.25	1.50548
0.375	1.50548
0.375	1.50548
0.5	1.50548
0.5	1.50548
0.625	1.50548
0.625	1.50548
0.75	1.50548
0.75	1.50548
0.875	1.50548
0.875	1.50548
1	1.50548
1	1.50548
1.125	1.50548
1.125	1.50548
1.25	1.50548
1.25	1.50548
1.375	1.50547999999999
1.375	1.50547999999999
1.5	1.50548
1.5	1.50547999999999
1.625	1.50548
1.625	1.50548
1.75	1.50547999999999
1.75	1.50547999999999
1.875	1.50547999999999
1.875	1.50547999999999
2	1.50547999999999
2	1.50547999999999
2.125	1.50547999999999
2.125	1.50547999999999
2.25	1.50547999999999
2.25	1.50547999999999
2.375	1.50547999999999
2.375	1.50547999999999
2.5	1.50547999999999
2.5	1.50547999999999
2.625	1.50547999999999
2.625	1.50547999999999
2.75	1.50547999999999
2.75	1.50547999999999
2.875	1.50547999999998
2.875	1.50547999999999
3	1.50547999999998
3	1.50547999999998
3.125	1.50547999999998
3.125	1.50547999999998
3.25	1.50547999999998
3.25	1.50547999999998
3.375	1.50547999999998
3.375	1.50547999999998
3.5	1.50547999999998
3.5	1.50547999999998
3.625	1.50547999999998
3.625	1.50547999999998
3.75	1.50547999999998
3.75	1.50547999999998
3.875	1.50547999999997
3.875	1.50547999999997
4	1.50547999999997
4	1.50547999999997
4.125	1.50547999999997
4.125	1.50547999999997
4.25	1.50547999999997
4.25	1.50547999999997
4.375	1.50547999999997
4.375	1.50547999999997
4.5	1.50547999999996
4.5	1.50547999999996
4.625	1.50547999999996
4.625	1.50547999999996
4.75	1.50547999999996
4.75	1.50547999999996
4.875	1.50547999999996
4.875	1.50547999999996
5	1.50547999999996
5	1.50547999999996
5.125	1.50547999999996
5.125	1.50547999999996
5.25	1.50547999999996
5.25	1.50547999999996
5.375	1.50547999999996
5.375	1.50547999999996
5.5	1.50547999999996
5.5	1.50547999999996
5.625	1.50547999999995
5.625	1.50547999999995
5.75	1.50547999999995
5.75	1.50547999999995
5.875	1.50547999999995
5.875	1.50547999999995
6	1.50547999999995
6	1.50547999999995
6.125	1.50547999999995
6.125	1.50547999999995
6.25	1.50547999999995
6.25	1.50547999999995
6.375	1.50547999999995
6.375	1.50547999999995
6.5	1.50547999999995
6.5	1.50547999999995
6.625	1.50547999999995
6.625	1.50547999999995
6.75	1.50547999999994
6.75	1.50547999999994
6.875	1.50547999999994
6.875	1.50547999999994
7	1.50547999999994
7	1.50547999999994
7.125	1.50547999999994
7.125	1.50547999999994
7.25	1.50547999999994
7.25	1.50547999999994
7.375	1.50547999999994
7.375	1.50547999999994
7.5	1.50547999999994
7.5	1.50547999999994
7.625	1.50547999999993
7.625	1.50547999999993
7.75	1.50547999999993
7.75	1.50547999999993
7.875	1.50547999999993
7.875	1.50547999999993
8	1.50547999999993
8	1.50547999999993
8.125	1.50547999999993
8.125	1.50547999999993
8.25	1.50547999999993
8.25	1.50547999999993
8.375	1.50547999999993
8.375	1.50547999999993
8.5	1.50547999999993
8.5	1.50547999999993
8.625	1.50547999999993
8.625	1.50547999999993
8.75	1.50547999999992
8.75	1.50547999999992
8.875	1.50547999999992
8.875	1.50547999999992
9	1.50547999999991
9	1.50547999999991
9.125	1.50547999999991
9.125	1.50547999999991
9.25	1.50547999999991
9.25	1.50547999999991
9.375	1.50547999999991
9.375	1.50547999999991
9.5	1.50547999999991
9.5	1.50547999999991
9.625	1.50547999999991
9.625	1.50547999999991
9.75	1.50547999999991
9.75	1.50547999999991
9.875	1.50547999999991
9.875	1.50547999999991
10	1.5054799999999
10	1.5054799999999
10.125	1.5054799999999
10.125	1.5054799999999
10.25	1.5054799999999
10.25	1.5054799999999
10.375	1.5054799999999
10.375	1.5054799999999
10.5	1.50547999999989
10.5	1.50547999999989
10.625	1.50547999999989
10.625	1.50547999999989
10.75	1.50547999999989
10.75	1.50547999999989
10.875	1.50547999999989
10.875	1.50547999999989
11	1.50547999999988
11	1.50547999999988
11.125	1.50547999999988
11.125	1.50547999999988
11.25	1.50547999999988
11.25	1.50547999999988
11.375	1.50547999999988
11.375	1.50547999999988
11.5	1.50547999999988
11.5	1.50547999999988
11.625	1.50547999999988
11.625	1.50547999999988
11.75	1.50547999999988
11.75	1.50547999999988
11.875	1.50547999999988
11.875	1.50547999999988
12	1.50547999999988
12	1.50547999999988
12.125	1.50547999999988
12.125	1.50547999999988
12.25	1.50547999999988
12.25	1.50547999999988
12.375	1.50547999999988
12.375	1.50547999999988
12.5	1.50547999999988
12.5	1.50547999999988
12.625	1.50547999999987
12.625	1.50547999999987
12.75	1.50547999999987
12.75	1.50547999999987
12.875	1.50547999999986
12.875	1.50547999999986
13	1.50547999999986
13	1.50547999999986
13.125	1.50547999999986
13.125	1.50547999999986
13.25	1.50547999999986
13.25	1.50547999999986
13.375	1.50547999999986
13.375	1.50547999999986
13.5	1.50547999999986
13.5	1.50547999999986
13.625	1.50547999999986
13.625	1.50547999999986
13.75	1.50547999999986
13.75	1.50547999999986
13.875	1.50547999999986
13.875	1.50547999999986
14	1.50547999999985
14	1.50547999999985
14.125	1.50547999999985
14.125	1.50547999999985
14.25	1.50547999999985
14.25	1.50547999999985
14.375	1.50547999999985
14.375	1.50547999999985
14.5	1.50547999999984
14.5	1.50547999999984
14.625	1.50547999999984
14.625	1.50547999999984
14.75	1.50547999999984
14.75	1.50547999999984
14.875	1.50547999999984
14.875	1.50547999999984
15	1.50547999999984
15	1.50547999999984
15.125	1.50547999999984
15.125	1.50547999999984
15.25	1.50547999999983
15.25	1.50547999999983
15.375	1.50547999999983
15.375	1.50547999999983
15.5	1.50547999999983
15.5	1.50547999999983
15.625	1.50547999999983
15.625	1.50547999999983
15.75	1.50547999999983
15.75	1.50547999999983
15.875	1.50547999999982
15.875	1.50547999999982
16	1.50547999999982
16	1.50547999999982
16.125	1.50547999999982
16.125	1.50547999999982
16.25	1.50547999999982
16.25	1.50547999999982
16.375	1.50547999999982
16.375	1.50547999999982
16.5	1.50547999999982
16.5	1.50547999999982
16.625	1.50547999999982
16.625	1.50547999999982
16.75	1.50547999999982
16.75	1.50547999999982
16.875	1.50547999999982
16.875	1.50547999999982
17	1.50547999999981
17	1.50547999999981
17.125	1.50547999999981
17.125	1.50547999999981
17.25	1.50547999999981
17.25	1.50547999999981
17.375	1.50547999999981
17.375	1.50547999999981
17.5	1.50547999999981
17.5	1.50547999999981
17.625	1.50547999999981
17.625	1.50547999999981
17.75	1.5054799999998
17.75	1.5054799999998
17.875	1.5054799999998
17.875	1.5054799999998
18	1.5054799999998
18	1.5054799999998
18.125	1.5054799999998
18.125	1.5054799999998
18.25	1.5054799999998
18.25	1.5054799999998
18.375	1.50547999999979
18.375	1.50547999999979
18.5	1.50547999999979
18.5	1.50547999999979
18.625	1.50547999999979
18.625	1.50547999999979
18.75	1.50547999999979
18.75	1.50547999999979
18.875	1.50547999999979
18.875	1.50547999999979
19	1.50547999999979
19	1.50547999999979
19.125	1.50547999999978
19.125	1.50547999999978
19.25	1.50547999999978
19.25	1.50547999999978
19.375	1.50547999999979
19.375	1.50547999999979
19.5	1.50547999999978
19.5	1.50547999999978
19.625	1.50547999999978
19.625	1.50547999999978
19.75	1.50547999999978
19.75	1.50547999999978
19.875	1.50547999999978
19.875	1.50547999999978
20	1.50547999999978
0	-0.2
0.125	-0.2
0.125	-0.2
0.25	-0.2
0.25	-0.2
0.375	-0.2
0.375	-0.2
0.5	-0.2
0.5	-0.2
0.625	-0.2
0.625	-0.2
0.75	-0.2
0.75	-0.2
0.875	-0.2
0.875	-0.2
1	-0.2
1	-0.2
1.125	-0.2
1.125	-0.2
1.25	-0.2
1.25	-0.2
1.375	-0.2
1.375	-0.2
1.5	-0.2
1.5	-0.2
1.625	-0.2
1.625	-0.2
1.75	-0.2
1.75	-0.2
1.875	-0.2
1.875	-0.2
2	-0.2
2	-0.2
2.125	-0.2
2.125	-0.2
2.25	-0.2
2.25	-0.2
2.375	-0.2
2.375	-0.2
2.5	-0.2
2.5	-0.2
2.625	-0.2
2.625	-0.2
2.75	-0.2
2.75	-0.2
2.875	-0.2
2.875	-0.2
3	-0.2
3	-0.2
3.125	-0.2
3.125	-0.2
3.25	-0.2
3.25	-0.2
3.375	-0.2
3.375	-0.2
3.5	-0.2
3.5	-0.2
3.625	-0.2
3.625	-0.2
3.75	-0.2
3.75	-0.2
3.875	-0.2
3.875	-0.2
4	-0.2
4	-0.2
4.125	-0.2
4.125	-0.2
4.25	-0.2
4.25	-0.2
4.375	-0.2
4.375	-0.2
4.5	-0.2
4.5	-0.2
4.625	-0.2
4.625	-0.2
4.75	-0.2
4.75	-0.2
4.875	-0.2
4.875	-0.2
5	-0.2
5	-0.2
5.125	-0.2
5.125	-0.2
5.25	-0.2
5.25	-0.2
5.375	-0.2
5.375	-0.2
5.5	-0.2
5.5	-0.2
5.625	-0.2
5.625	-0.2
5.75	-0.2
5.75	-0.2
5.875	-0.2
5.875	-0.2
6	-0.2
6	-0.2
6.125	-0.2
6.125	-0.2
6.25	-0.2
6.25	-0.2
6.375	-0.2
6.375	-0.2
6.5	-0.2
6.5	-0.2
6.625	-0.2
6.625	-0.2
6.75	-0.2
6.75	-0.2
6.875	-0.2
6.875	-0.2
7	-0.2
7	-0.2
7.125	-0.2
7.125	-0.2
7.25	-0.2
7.25	-0.2
7.375	-0.2
7.375	-0.2
7.5	-0.2
7.5	-0.2
7.625	-0.2
7.625	-0.2
7.75	-0.2
7.75	-0.2
7.875	-0.2
7.875	-0.2
8	-0.2
8	-0.2
8.125	-0.17578125
8.125	-0.17578125
8.25	-0.153125
8.25	-0.153125
8.375	-0.13203125
8.375	-0.13203125
8.5	-0.1125
8.5	-0.1125
8.625	-0.09453125
8.625	-0.09453125
8.75	-0.078125
8.75	-0.078125
8.875	-0.06328125
8.875	-0.06328125
9	-0.05
9	-0.05
9.125	-0.03828125
9.125	-0.03828125
9.25	-0.028125
9.25	-0.028125
9.375	-0.01953125
9.375	-0.01953125
9.5	-0.0125
9.5	-0.0125
9.625	-0.00703125
9.625	-0.00703125
9.75	-0.003125
9.75	-0.003125
9.875	-0.00078125
9.875	-0.00078125
10	0
10	0
10.125	-0.00078125
10.125	-0.00078125
10.25	-0.003125
10.25	-0.003125
10.375	-0.00703125
10.375	-0.00703125
10.5	-0.0125
10.5	-0.0125
10.625	-0.01953125
10.625	-0.01953125
10.75	-0.028125
10.75	-0.028125
10.875	-0.03828125
10.875	-0.03828125
11	-0.05
11	-0.05
11.125	-0.06328125
11.125	-0.06328125
11.25	-0.078125
11.25	-0.078125
11.375	-0.09453125
11.375	-0.09453125
11.5	-0.1125
11.5	-0.1125
11.625	-0.13203125
11.625	-0.13203125
11.75	-0.153125
11.75	-0.153125
11.875	-0.17578125
11.875	-0.17578125
12	-0.2
12	-0.2
12.125	-0.2
12.125	-0.2
12.25	-0.2
12.25	-0.2
12.375	-0.2
12.375	-0.2
12.5	-0.2
12.5	-0.2
12.625	-0.2
12.625	-0.2
12.75	-0.2
12.75	-0.2
12.875	-0.2
12.875	-0.2
13	-0.2
13	-0.2
13.125	-0.2
13.125	-0.2
13.25	-0.2
13.25	-0.2
13.375	-0.2
13.375	-0.2
13.5	-0.2
13.5	-0.2
13.625	-0.2
13.625	-0.2
13.75	-0.2
13.75	-0.2
13.875	-0.2
13.875	-0.2
14	-0.2
14	-0.2
14.125	-0.2
14.125	-0.2
14.25	-0.2
14.25	-0.2
14.375	-0.2
14.375	-0.2
14.5	-0.2
14.5	-0.2
14.625	-0.2
14.625	-0.2
14.75	-0.2
14.75	-0.2
14.875	-0.2
14.875	-0.2
15	-0.2
15	-0.2
15.125	-0.2
15.125	-0.2
15.25	-0.2
15.25	-0.2
15.375	-0.2
15.375	-0.2
15.5	-0.2
15.5	-0.2
15.625	-0.2
15.625	-0.2
15.75	-0.2
15.75	-0.2
15.875	-0.2
15.875	-0.2
16	-0.2
16	-0.2
16.125	-0.2
16.125	-0.2
16.25	-0.2
16.25	-0.2
16.375	-0.2
16.375	-0.2
16.5	-0.2
16.5	-0.2
16.625	-0.2
16.625	-0.2
16.75	-0.2
16.75	-0.2
16.875	-0.2
16.875	-0.2
17	-0.2
17	-0.2
17.125	-0.2
17.125	-0.2
17.25	-0.2
17.25	-0.2
17.375	-0.2
17.375	-0.2
17.5	-0.2
17.5	-0.2
17.625	-0.2
17.625	-0.2
17.75	-0.2
17.75	-0.2
17.875	-0.2
17.875	-0.2
18	-0.2
18	-0.2
18.125	-0.2
18.125	-0.2
18.25	-0.2
18.25	-0.2
18.375	-0.2
18.375	-0.2
18.5	-0.2
18.5	-0.2
18.625	-0.2
18.625	-0.2
18.75	-0.2
18.75	-0.2
18.875	-0.2
18.875	-0.2
19	-0.2
19	-0.2
19.125	-0.2
19.125	-0.2
19.25	-0.2
19.25	-0.2
19.375	-0.2
19.375	-0.2
19.5	-0.2
19.5	-0.2
19.625	-0.2
19.625	-0.2
19.75	-0.2
19.75	-0.2
19.875	-0.2
19.875	-0.2
20	-0.2
0	0
0.125	0
0.125	0
0.25	0
0.25	0
0.375	0
0.375	0
0.5	0
0.5	0
0.625	0
0.625	0
0.75	0
0.75	0
0.875	0
0.875	0
1	0
1	0
1.125	0
1.125	0
1.25	0
1.25	0
1.375	0
1.375	0
1.5	0
1.5	0
1.625	0
1.625	0
1.75	0
1.75	0
1.875	0
1.875	0
2	0
2	0
2.125	0
2.125	0
2.25	0
2.25	0
2.375	0
2.375	0
2.5	0
2.5	0
2.625	0
2.625	0
2.75	0
2.75	0
2.875	0
2.875	0
3	0
3	0
3.125	0
3.125	0
3.25	0
3.25	0
3.375	0
3.375	0
3.5	0
3.5	0
3.625	0
3.625	0
3.75	0
3.75	0
3.875	0
3.875	0
4	0
4	0
4.125	0
4.125	0
4.25	0
4.25	0
4.375	0
4.375	0
4.5	0
4.5	0
4.625	0
4.625	0
4.75	0
4.75	0
4.875	0
4.875	0
5	0
5	0
5.125	0
5.125	0
5.25	0
5.25	0
5.375	0
5.375	0
5.5	0
5.5	0
5.625	0
5.625	0
5.75	0
5.75	0
5.875	0
5.875	0
6	0
6	0
6.125	0
6.125	0
6.25	0
6.25	0
6.375	0
6.375	0
6.5	0
6.5	0
6.625	0
6.625	0
6.75	0
6.75	0
6.875	0
6.875	0
7	0
7	0
7.125	0
7.125	0
7.25	0
7.25	0
7.375	0
7.375	0
7.5	0
7.5	0
7.625	0
7.625	0
7.75	0
7.75	0
7.875	0
7.875	0
8	0
8	0.02421875
8.125	0.02421875
8.125	0.02265625
8.25	0.02265625
8.25	0.02109375
8.375	0.02109375
8.375	0.01953125
8.5	0.01953125
8.5	0.01796875
8.625	0.01796875
8.625	0.01640625
8.75	0.01640625
8.75	0.01484375
8.875	0.01484375
8.875	0.01328125
9	0.01328125
9	0.01171875
9.125	0.01171875
9.125	0.01015625
9.25	0.01015625
9.25	0.00859375
9.375	0.00859375
9.375	0.00703125
9.5	0.00703125
9.5	0.00546875
9.625	0.00546875
9.625	0.00390625
9.75	0.00390625
9.75	0.00234375
9.875	0.00234375
9.875	0.00078125
10	0.00078125
10	-0.00078125
10.125	-0.00078125
10.125	-0.00234375
10.25	-0.00234375
10.25	-0.00390625
10.375	-0.00390625
10.375	-0.00546875
10.5	-0.00546875
10.5	-0.00703125
10.625	-0.00703125
10.625	-0.00859375
10.75	-0.00859375
10.75	-0.01015625
10.875	-0.01015625
10.875	-0.01171875
11	-0.01171875
11	-0.01328125
11.125	-0.01328125
11.125	-0.01484375
11.25	-0.01484375
11.25	-0.01640625
11.375	-0.01640625
11.375	-0.01796875
11.5	-0.01796875
11.5	-0.01953125
11.625	-0.01953125
11.625	-0.02109375
11.75	-0.02109375
11.75	-0.02265625
11.875	-0.02265625
11.875	-0.02421875
12	-0.02421875
12	0
12.125	0
12.125	0
12.25	0
12.25	0
12.375	0
12.375	0
12.5	0
12.5	0
12.625	0
12.625	0
12.75	0
12.75	0
12.875	0
12.875	0
13	0
13	0
13.125	0
13.125	0
13.25	0
13.25	0
13.375	0
13.375	0
13.5	0
13.5	0
13.625	0
13.625	0
13.75	0
13.75	0
13.875	0
13.875	0
14	0
14	0
14.125	0
14.125	0
14.25	0
14.25	0
14.375	0
14.375	0
14.5	0
14.5	0
14.625	0
14.625	0
14.75	0
14.75	0
14.875	0
14.875	0
15	0
15	0
15.125	0
15.125	0
15.25	0
15.25	0
15.375	0
15.375	0
15.5	0
15.5	0
15.625	0
15.625	0
15.75	0
15.75	0
15.875	0
15.875	0
16	0
16	0
16.125	0
16.125	0
16.25	0
16.25	0
16.375	0
16.375	0
16.5	0
16.5	0
16.625	0
16.625	0
16.75	0
16.75	0
16.875	0
16.875	0
17	0
17	0
17.125	0
17.125	0
17.25	0
17.25	0
17.375	0
17.375	0
17.5	0
17.5	0
17.625	0
17.625	0
17.75	0
17.75	0
17.875	0
17.875	0
18	0
18	0
18.125	0
18.125	0
18.25	0
18.25	0
18.375	0
18.375	0
18.5	0
18.5	0
18.625	0
18.625	0
18.75	0
18.75	0
18.875	0
18.875	0
19	0
19	0
19.125	0
19.125	0
19.25	0
19.25	0
19.375	0
19.375	0
19.5	0
19.5	0
19.625	0
19.625	0
19.75	0
19.75	0
19.875	0
19.875	0
20	0
