3	1
640
0	0.4
0.0625	0.4
0.0625	0.4
0.125	0.4
0.125	0.4
0.1875	0.4
0.1875	0.4
0.25	0.4
0.25	0.4
0.3125	0.4
0.3125	0.4
0.375	0.4
0.375	0.4
0.4375	0.4
0.4375	0.4
0.5	0.4
0.5	0.4
0.5625	0.4
0.5625	0.4
0.625	0.4
0.625	0.4
0.6875	0.4
0.6875	0.4
0.75	0.4
0.75	0.4
0.8125	0.4
0.8125	0.4
0.875	0.4
0.875	0.4
0.9375	0.4
0.9375	0.4
1	0.4
1	0.4
1.0625	0.4
1.0625	0.4
1.125	0.399999999999999
1.125	0.399999999999999
1.1875	0.399999999999999
1.1875	0.399999999999999
1.25	0.399999999999999
1.25	0.399999999999999
1.3125	0.399999999999998
1.3125	0.399999999999998
1.375	0.399999999999998
1.375	0.399999999999998
1.4375	0.399999999999997
1.4375	0.399999999999997
1.5	0.399999999999997
1.5	0.399999999999997
1.5625	0.399999999999996
1.5625	0.399999999999996
1.625	0.399999999999997
1.625	0.399999999999997
1.6875	0.399999999999995
1.6875	0.399999999999996
1.75	0.399999999999995
1.75	0.399999999999995
1.8125	0.399999999999993
1.8125	0.399999999999993
1.875	0.399999999999992
1.875	0.399999999999992
1.9375	0.399999999999991
1.9375	0.399999999999991
2	0.399999999999992
2	0.399999999999992
2.0625	0.399999999999991
2.0625	0.399999999999991
2.125	0.399999999999991
2.125	0.399999999999991
2.1875	0.399999999999989
2.1875	0.399999999999989
2.25	0.399999999999988
2.25	0.399999999999988
2.3125	0.399999999999987
2.3125	0.399999999999987
2.375	0.399999999999985
2.375	0.399999999999985
2.4375	0.399999999999984
2.4375	0.399999999999985
2.5	0.399999999999983
2.5	0.399999999999983
2.5625	0.399999999999984
2.5625	0.399999999999983
2.625	0.399999999999981
2.625	0.399999999999981
2.6875	0.399999999999981
2.6875	0.399999999999981
2.75	0.399999999999979
2.75	0.399999999999979
2.8125	0.39999999999998
2.8125	0.39999999999998
2.875	0.399999999999979
2.875	0.399999999999979
2.9375	0.399999999999979
2.9375	0.399999999999979
3	0.399999999999979
3	0.399999999999979
3.0625	0.39999999999998
3.0625	0.399999999999979
3.125	0.399999999999979
3.125	0.399999999999979
3.1875	0.399999999999978
3.1875	0.399999999999978
3.25	0.399999999999979
3.25	0.399999999999979
3.3125	0.399999999999978
3.3125	0.399999999999978
3.375	0.399999999999978
3.375	0.399999999999978
3.4375	0.399999999999977
3.4375	0.399999999999978
3.5	0.399999999999976
3.5	0.399999999999976
3.5625	0.399999999999975
3.5625	0.399999999999975
3.625	0.399999999999975
3.625	0.399999999999975
3.6875	0.399999999999974
3.6875	0.399999999999974
3.75	0.399999999999974
3.75	0.399999999999974
3.8125	0.399999999999974
3.8125	0.399999999999974
3.875	0.399999999999975
3.875	0.399999999999974
3.9375	0.399999999999974
3.9375	0.399999999999974
4	0.399999999999972
4	0.399999999999972
4.0625	0.399999999999971
4.0625	0.399999999999971
4.125	0.399999999999971
4.125	0.399999999999971
4.1875	0.399999999999969
4.1875	0.399999999999969
4.25	0.399999999999968
4.25	0.399999999999968
4.3125	0.399999999999968
4.3125	0.399999999999968
4.375	0.399999999999968
4.375	0.399999999999968
4.4375	0.399999999999968
4.4375	0.399999999999968
4.5	0.399999999999968
4.5	0.399999999999968
4.5625	0.399999999999964
4.5625	0.399999999999964
4.625	0.399999999999965
4.625	0.399999999999965
4.6875	0.399999999999966
4.6875	0.399999999999966
4.75	0.399999999999966
4.75	0.399999999999966
4.8125	0.399999999999966
4.8125	0.399999999999966
4.875	0.399999999999964
4.875	0.399999999999963
4.9375	0.399999999999961
4.9375	0.399999999999962
5	0.399999999999962
5	0.399999999999962
5.0625	0.39999999999996
5.0625	0.39999999999996
5.125	0.399999999999961
5.125	0.399999999999961
5.1875	0.399999999999959
5.1875	0.399999999999959
5.25	0.39999999999996
5.25	0.39999999999996
5.3125	0.39999999999996
5.3125	0.39999999999996
5.375	0.399999999999961
5.375	0.399999999999961
5.4375	0.39999999999996
5.4375	0.399999999999959
5.5	0.399999999999959
5.5	0.39999999999996
5.5625	0.399999999999959
5.5625	0.399999999999959
5.625	0.399999999999958
5.625	0.399999999999958
5.6875	0.399999999999958
5.6875	0.399999999999958
5.75	0.399999999999956
5.75	0.399999999999956
5.8125	0.399999999999956
5.8125	0.399999999999956
5.875	0.399999999999954
5.875	0.399999999999954
5.9375	0.399999999999954
5.9375	0.399999999999954
6	0.399999999999951
6	0.399999999999951
6.0625	0.399999999999952
6.0625	0.399999999999951
6.125	0.399999999999951
6.125	0.399999999999951
6.1875	0.39999999999995
6.1875	0.39999999999995
6.25	0.39999999999995
6.25	0.39999999999995
6.3125	0.399999999999949
6.3125	0.399999999999949
6.375	0.399999999999948
6.375	0.399999999999948
6.4375	0.399999999999949
6.4375	0.399999999999948
6.5	0.399999999999949
6.5	0.399999999999949
6.5625	0.399999999999949
6.5625	0.399999999999949
6.625	0.399999999999947
6.625	0.399999999999947
6.6875	0.399999999999945
6.6875	0.399999999999945
6.75	0.399999999999944
6.75	0.399999999999944
6.8125	0.399999999999944
6.8125	0.399999999999944
6.875	0.399999999999944
6.875	0.399999999999944
6.9375	0.399999999999944
6.9375	0.399999999999944
7	0.399999999999945
7	0.399999999999944
7.0625	0.399999999999945
7.0625	0.399999999999945
7.125	0.399999999999944
7.125	0.399999999999944
7.1875	0.399999999999944
7.1875	0.399999999999944
7.25	0.399999999999943
7.25	0.399999999999943
7.3125	0.399999999999941
7.3125	0.399999999999942
7.375	0.39999999999994
7.375	0.39999999999994
7.4375	0.399999999999939
7.4375	0.399999999999939
7.5	0.399999999999939
7.5	0.399999999999939
7.5625	0.39999999999994
7.5625	0.39999999999994
7.625	0.399999999999936
7.625	0.399999999999937
7.6875	0.399999999999936
7.6875	0.399999999999936
7.75	0.399999999999936
7.75	0.399999999999936
7.8125	0.399999999999935
7.8125	0.399999999999935
7.875	0.399999999999935
7.875	0.399999999999935
7.9375	0.399999999999935
7.9375	0.399999999999935
8	0.399999999999935
8	0.399959741984196
8.0625	0.40483380337157
8.0625	0.404791932618912
8.125	0.409757659344776
8.125	0.409714075673908
8.1875	0.414773346992639
8.1875	0.414727940742312
8.25	0.419882651073359
8.25	0.419835301852626
8.3125	0.425087356006944
8.3125	0.425037931236019
8.375	0.43038923838916
8.375	0.43033759158897
8.4375	0.435790057649816
8.4375	0.435736026428713
8.5	0.441291544335448
8.5	0.441234948009713
8.5625	0.446895385322016
8.5625	0.446836022091988
8.625	0.452603205019338
8.625	0.452540848604809
8.6875	0.458416541284962
8.6875	0.458350936901344
8.75	0.464336814272572
8.75	0.464267673802907
8.8125	0.470365285724762
8.8125	0.470292281912569
8.875	0.476503005165157
8.875	0.476425764621482
8.9375	0.482750737862555
8.9375	0.482668832653815
9	0.489108867022888
9	0.489021804599081
9.0625	0.495577258898697
9.0625	0.495484470167796
9.125	0.502155073509415
9.125	0.502055899036956
9.1875	0.508840493890726
9.1875	0.508734168664301
9.25	0.515630330440665
9.25	0.515515968740363
9.3125	0.522519428804525
9.3125	0.522396013249198
9.375	0.529499759864126
9.375	0.529366144446571
9.4375	0.53655897900947
9.4375	0.536413929032511
9.5	0.543678068552023
9.5	0.543520390586861
9.5625	0.55082733685019
9.5625	0.550656222162341
9.625	0.557959358607088
9.625	0.557775225748915
9.6875	0.564996020890446
9.6875	0.564802491485286
9.75	0.571803983238066
9.75	0.571612160492891
9.8125	0.578147998413714
9.8125	0.577983587409374
9.875	0.583609481983543
9.875	0.583513397519432
9.9375	0.587495480758303
9.9375	0.587480724959494
10	0.588940231606593
10	0.588925193064164
10.0625	0.587495481095045
10.0625	0.587394860841247
10.125	0.583609496259676
10.125	0.583435695582877
10.1875	0.57814805064226
10.1875	0.577945441574739
10.25	0.571804080966302
10.25	0.571600578184031
10.3125	0.564996157797447
10.3125	0.564803524526118
10.375	0.557959524443417
10.375	0.557781362646276
10.4375	0.550827522200152
10.4375	0.550664033626818
10.5	0.543678266045337
10.5	0.543528406271541
10.5625	0.536559183228717
10.5625	0.536421555825634
10.625	0.529499966936625
10.625	0.529373174858012
10.6875	0.522519636000566
10.6875	0.522402406705401
10.75	0.515630535854882
10.75	0.515521753964656
10.8125	0.508840696207175
10.8125	0.508739399921095
10.875	0.502155271833199
10.875	0.502060636687494
10.9375	0.495577452636309
10.9375	0.495488772350919
11	0.489109055797281
11	0.489025724032737
11.0625	0.48275092145253
11.0625	0.482672415771556
11.125	0.476503183461913
11.125	0.476429051734855
11.1875	0.470365458700496
11.1875	0.470295307781882
11.25	0.464336981957674
11.25	0.464270468328433
11.3125	0.458416703751345
11.3125	0.458353525805535
11.375	0.452603362368174
11.375	0.45254325405243
11.4375	0.446895537674685
11.4375	0.446838263231473
11.5	0.441291691826829
11.5	0.441237041435598
11.5625	0.435790200423317
11.5625	0.435737986572041
11.625	0.430389376593022
11.625	0.430339431044898
11.6875	0.425087489791498
11.6875	0.42503966103797
11.75	0.419882780589011
11.75	0.419836931701625
11.8125	0.414773472388378
11.8125	0.414729479198991
11.875	0.409757780767101
11.875	0.409715530319548
11.9375	0.404833920963711
11.9375	0.404793310190851
12	0.400000113901324
12	0.400000113901324
12.0625	0.400000113901323
12.0625	0.400000113901324
12.125	0.400000113901322
12.125	0.400000113901322
12.1875	0.400000113901322
12.1875	0.400000113901322
12.25	0.400000113901322
12.25	0.400000113901322
12.3125	0.400000113901323
12.3125	0.400000113901323
12.375	0.400000113901322
12.375	0.400000113901322
12.4375	0.40000011390132
12.4375	0.40000011390132
12.5	0.40000011390132
12.5	0.40000011390132
12.5625	0.400000113901319
12.5625	0.400000113901319
12.625	0.400000113901317
12.625	0.400000113901316
12.6875	0.400000113901316
12.6875	0.400000113901316
12.75	0.400000113901315
12.75	0.400000113901316
12.8125	0.400000113901316
12.8125	0.400000113901316
12.875	0.400000113901314
12.875	0.400000113901314
12.9375	0.400000113901314
12.9375	0.400000113901314
13	0.400000113901314
13	0.400000113901314
13.0625	0.400000113901314
13.0625	0.400000113901314
13.125	0.400000113901315
13.125	0.400000113901315
13.1875	0.400000113901316
13.1875	0.400000113901316
13.25	0.400000113901315
13.25	0.400000113901315
13.3125	0.400000113901314
13.3125	0.400000113901314
13.375	0.400000113901315
13.375	0.400000113901315
13.4375	0.400000113901313
13.4375	0.400000113901314
13.5	0.400000113901313
13.5	0.400000113901313
13.5625	0.400000113901312
13.5625	0.400000113901312
13.625	0.400000113901312
13.625	0.400000113901312
13.6875	0.400000113901312
13.6875	0.400000113901312
13.75	0.400000113901311
13.75	0.400000113901311
13.8125	0.400000113901311
13.8125	0.400000113901311
13.875	0.400000113901312
13.875	0.400000113901312
13.9375	0.400000113901312
13.9375	0.400000113901311
14	0.400000113901311
14	0.400000113901312
14.0625	0.400000113901313
14.0625	0.400000113901313
14.125	0.400000113901311
14.125	0.400000113901311
14.1875	0.40000011390131
14.1875	0.40000011390131
14.25	0.400000113901309
14.25	0.400000113901309
14.3125	0.400000113901307
14.3125	0.400000113901307
14.375	0.400000113901308
14.375	0.400000113901308
14.4375	0.400000113901306
14.4375	0.400000113901306
14.5	0.400000113901306
14.5	0.400000113901306
14.5625	0.400000113901304
14.5625	0.400000113901304
14.625	0.400000113901305
14.625	0.400000113901306
14.6875	0.400000113901305
14.6875	0.400000113901304
14.75	0.400000113901304
14.75	0.400000113901304
14.8125	0.400000113901305
14.8125	0.400000113901305
14.875	0.400000113901302
14.875	0.400000113901302
14.9375	0.400000113901303
14.9375	0.400000113901302
15	0.400000113901303
15	0.400000113901304
15.0625	0.400000113901303
15.0625	0.400000113901302
15.125	0.4000001139013
15.125	0.4000001139013
15.1875	0.4000001139013
15.1875	0.4000001139013
15.25	0.400000113901301
15.25	0.400000113901301
15.3125	0.4000001139013
15.3125	0.4000001139013
15.375	0.4000001139013
15.375	0.4000001139013
15.4375	0.400000113901301
15.4375	0.400000113901301
15.5	0.400000113901303
15.5	0.400000113901303
15.5625	0.400000113901303
15.5625	0.400000113901304
15.625	0.400000113901302
15.625	0.400000113901302
15.6875	0.400000113901301
15.6875	0.400000113901302
15.75	0.4000001139013
15.75	0.400000113901301
15.8125	0.400000113901299
15.8125	0.400000113901299
15.875	0.400000113901298
15.875	0.400000113901298
15.9375	0.400000113901296
15.9375	0.400000113901296
16	0.400000113901296
16	0.400000113901296
16.0625	0.400000113901293
16.0625	0.400000113901293
16.125	0.400000113901293
16.125	0.400000113901293
16.1875	0.400000113901291
16.1875	0.400000113901291
16.25	0.40000011390129
16.25	0.400000113901291
16.3125	0.40000011390129
16.3125	0.40000011390129
16.375	0.400000113901288
16.375	0.400000113901288
16.4375	0.400000113901285
16.4375	0.400000113901285
16.5	0.400000113901285
16.5	0.400000113901285
16.5625	0.400000113901283
16.5625	0.400000113901283
16.625	0.40000011390128
16.625	0.400000113901279
16.6875	0.400000113901279
16.6875	0.40000011390128
16.75	0.400000113901281
16.75	0.40000011390128
16.8125	0.400000113901279
16.8125	0.400000113901279
16.875	0.40000011390128
16.875	0.40000011390128
16.9375	0.40000011390128
16.9375	0.40000011390128
17	0.40000011390128
17	0.40000011390128
17.0625	0.400000113901279
17.0625	0.400000113901279
17.125	0.400000113901279
17.125	0.40000011390128
17.1875	0.40000011390128
17.1875	0.40000011390128
17.25	0.400000113901279
17.25	0.400000113901279
17.3125	0.400000113901279
17.3125	0.40000011390128
17.375	0.400000113901279
17.375	0.400000113901279
17.4375	0.400000113901278
17.4375	0.400000113901278
17.5	0.400000113901275
17.5	0.400000113901275
17.5625	0.400000113901275
17.5625	0.400000113901275
17.625	0.400000113901274
17.625	0.400000113901275
17.6875	0.400000113901274
17.6875	0.400000113901274
17.75	0.400000113901272
17.75	0.400000113901272
17.8125	0.400000113901271
17.8125	0.400000113901271
17.875	0.40000011390127
17.875	0.40000011390127
17.9375	0.40000011390127
17.9375	0.40000011390127
18	0.400000113901268
18	0.400000113901268
18.0625	0.400000113901267
18.0625	0.400000113901267
18.125	0.400000113901265
18.125	0.400000113901265
18.1875	0.400000113901265
18.1875	0.400000113901265
18.25	0.400000113901264
18.25	0.400000113901264
18.3125	0.400000113901263
18.3125	0.400000113901262
18.375	0.40000011390126
18.375	0.40000011390126
18.4375	0.400000113901261
18.4375	0.400000113901261
18.5	0.400000113901259
18.5	0.400000113901259
18.5625	0.40000011390126
18.5625	0.40000011390126
18.625	0.400000113901259
18.625	0.40000011390126
18.6875	0.40000011390126
18.6875	0.400000113901259
18.75	0.40000011390126
18.75	0.40000011390126
18.8125	0.40000011390126
18.8125	0.40000011390126
18.875	0.40000011390126
18.875	0.40000011390126
18.9375	0.400000113901261
18.9375	0.400000113901261
19	0.40000011390126
19	0.40000011390126
19.0625	0.400000113901261
19.0625	0.400000113901261
19.125	0.40000011390126
19.125	0.40000011390126
19.1875	0.40000011390126
19.1875	0.40000011390126
19.25	0.40000011390126
19.25	0.40000011390126
19.3125	0.400000113901261
19.3125	0.400000113901261
19.375	0.400000113901259
19.375	0.400000113901259
19.4375	0.400000113901258
19.4375	0.400000113901259
19.5	0.400000113901258
19.5	0.400000113901258
19.5625	0.400000113901256
19.5625	0.400000113901255
19.625	0.400000113901254
19.625	0.400000113901254
19.6875	0.400000113901255
19.6875	0.400000113901255
19.75	0.400000113901255
19.75	0.400000113901255
19.8125	0.400000113901254
19.8125	0.400000113901254
19.875	0.400000113901252
19.875	0.400000113901252
19.9375	0.400000113901252
19.9375	0.400000113901252
20	0.400000113901252
0	1.50548
0.0625	1.50548
0.0625	1.50548
0.125	1.50548
0.125	1.50548
0.1875	1.50548
0.1875	1.50548
0.25	1.50548
0.25	1.50548
0.3125	1.50548
0.3125	1.50548
0.375	1.50548
0.375	1.50548
0.4375	1.50548
0.4375	1.50548
0.5	1.50548
0.5	1.50548
0.5625	1.50548
0.5625	1.50548
0.625	1.50548
0.625	1.50548
0.6875	1.50548
0.6875	1.50548
0.75	1.50548
0.75	1.50548
0.8125	1.50548
0.8125	1.50548
0.875	1.50548
0.875	1.50548
0.9375	1.50548
0.9375	1.50548
1	1.50547999999999
1	1.50547999999999
1.0625	1.50547999999999
1.0625	1.50547999999999
1.125	1.50547999999999
1.125	1.50547999999999
1.1875	1.50547999999999
1.1875	1.50547999999999
1.25	1.50547999999999
1.25	1.50547999999999
1.3125	1.50547999999999
1.3125	1.50547999999999
1.375	1.50547999999999
1.375	1.50547999999999
1.4375	1.50547999999999
1.4375	1.50547999999999
1.5	1.50547999999998
1.5	1.50547999999998
1.5625	1.50547999999998
1.5625	1.50547999999998
1.625	1.50547999999998
1.625	1.50547999999998
1.6875	1.50547999999998
1.6875	1.50547999999998
1.75	1.50547999999998
1.75	1.50547999999998
1.8125	1.50547999999998
1.8125	1.50547999999998
1.875	1.50547999999997
1.875	1.50547999999997
1.9375	1.50547999999997
1.9375	1.50547999999997
2	1.50547999999997
2	1.50547999999997
2.0625	1.50547999999997
2.0625	1.50547999999997
2.125	1.50547999999997
2.125	1.50547999999997
2.1875	1.50547999999997
2.1875	1.50547999999997
2.25	1.50547999999996
2.25	1.50547999999996
2.3125	1.50547999999996
2.3125	1.50547999999996
2.375	1.50547999999996
2.375	1.50547999999996
2.4375	1.50547999999996
2.4375	1.50547999999996
2.5	1.50547999999995
2.5	1.50547999999995
2.5625	1.50547999999995
2.5625	1.50547999999995
2.625	1.50547999999995
2.625	1.50547999999995
2.6875	1.50547999999995
2.6875	1.50547999999995
2.75	1.50547999999995
2.75	1.50547999999995
2.8125	1.50547999999995
2.8125	1.50547999999995
2.875	1.50547999999994
2.875	1.50547999999994
2.9375	1.50547999999994
2.9375	1.50547999999994
3	1.50547999999994
3	1.50547999999994
3.0625	1.50547999999994
3.0625	1.50547999999994
3.125	1.50547999999994
3.125	1.50547999999994
3.1875	1.50547999999994
3.1875	1.50547999999994
3.25	1.50547999999994
3.25	1.50547999999994
3.3125	1.50547999999994
3.3125	1.50547999999994
3.375	1.50547999999994
3.375	1.50547999999994
3.4375	1.50547999999994
3.4375	1.50547999999994
3.5	1.50547999999993
3.5	1.50547999999993
3.5625	1.50547999999993
3.5625	1.50547999999993
3.625	1.50547999999993
3.625	1.50547999999993
3.6875	1.50547999999993
3.6875	1.50547999999993
3.75	1.50547999999993
3.75	1.50547999999993
3.8125	1.50547999999993
3.8125	1.50547999999993
3.875	1.50547999999993
3.875	1.50547999999993
3.9375	1.50547999999993
3.9375	1.50547999999993
4	1.50547999999993
4	1.50547999999993
4.0625	1.50547999999993
4.0625	1.50547999999993
4.125	1.50547999999993
4.125	1.50547999999993
4.1875	1.50547999999992
4.1875	1.50547999999992
4.25	1.50547999999992
4.25	1.50547999999992
4.3125	1.50547999999992
4.3125	1.50547999999992
4.375	1.50547999999992
4.375	1.50547999999992
4.4375	1.50547999999992
4.4375	1.50547999999992
4.5	1.50547999999992
4.5	1.50547999999992
4.5625	1.50547999999991
4.5625	1.50547999999991
4.625	1.50547999999991
4.625	1.50547999999991
4.6875	1.50547999999992
4.6875	1.50547999999992
4.75	1.50547999999991
4.75	1.50547999999992
4.8125	1.50547999999991
4.8125	1.50547999999991
4.875	1.50547999999991
4.875	1.50547999999991
4.9375	1.5054799999999
4.9375	1.5054799999999
5	1.5054799999999
5	1.5054799999999
5.0625	1.5054799999999
5.0625	1.5054799999999
5.125	1.5054799999999
5.125	1.5054799999999
5.1875	1.5054799999999
5.1875	1.5054799999999
5.25	1.5054799999999
5.25	1.5054799999999
5.3125	1.5054799999999
5.3125	1.5054799999999
5.375	1.5054799999999
5.375	1.5054799999999
5.4375	1.50547999999989
5.4375	1.50547999999989
5.5	1.50547999999989
5.5	1.50547999999989
5.5625	1.50547999999989
5.5625	1.50547999999989
5.625	1.50547999999989
5.625	1.50547999999989
5.6875	1.50547999999989
5.6875	1.50547999999989
5.75	1.50547999999989
5.75	1.50547999999989
5.8125	1.50547999999988
5.8125	1.50547999999988
5.875	1.50547999999988
5.875	1.50547999999988
5.9375	1.50547999999988
5.9375	1.50547999999988
6	1.50547999999988
6	1.50547999999988
6.0625	1.50547999999988
6.0625	1.50547999999988
6.125	1.50547999999987
6.125	1.50547999999987
6.1875	1.50547999999987
6.1875	1.50547999999987
6.25	1.50547999999987
6.25	1.50547999999987
6.3125	1.50547999999987
6.3125	1.50547999999987
6.375	1.50547999999986
6.375	1.50547999999986
6.4375	1.50547999999986
6.4375	1.50547999999986
6.5	1.50547999999987
6.5	1.50547999999987
6.5625	1.50547999999987
6.5625	1.50547999999987
6.625	1.50547999999986
6.625	1.50547999999986
6.6875	1.50547999999986
6.6875	1.50547999999986
6.75	1.50547999999985
6.75	1.50547999999985
6.8125	1.50547999999985
6.8125	1.50547999999985
6.875	1.50547999999985
6.875	1.50547999999985
6.9375	1.50547999999985
6.9375	1.50547999999985
7	1.50547999999985
7	1.50547999999985
7.0625	1.50547999999985
7.0625	1.50547999999985
7.125	1.50547999999985
7.125	1.50547999999985
7.1875	1.50547999999985
7.1875	1.50547999999985
7.25	1.50547999999985
7.25	1.50547999999985
7.3125	1.50547999999985
7.3125	1.50547999999985
7.375	1.50547999999985
7.375	1.50547999999985
7.4375	1.50547999999984
7.4375	1.50547999999984
7.5	1.50547999999984
7.5	1.50547999999984
7.5625	1.50547999999985
7.5625	1.50547999999985
7.625	1.50547999999984
7.625	1.50547999999984
7.6875	1.50547999999984
7.6875	1.50547999999984
7.75	1.50547999999984
7.75	1.50547999999984
7.8125	1.50547999999984
7.8125	1.50547999999984
7.875	1.50547999999984
7.875	1.50547999999984
7.9375	1.50547999999984
7.9375	1.50547999999984
8	1.50547999999984
8	1.50547999999984
8.0625	1.50547999999984
8.0625	1.50547999999984
8.125	1.50547999999984
8.125	1.50547999999984
8.1875	1.50547999999984
8.1875	1.50547999999984
8.25	1.50547999999983
8.25	1.50547999999983
8.3125	1.50547999999983
8.3125	1.50547999999983
8.375	1.50547999999982
8.375	1.50547999999982
8.4375	1.50547999999982
8.4375	1.50547999999982
8.5	1.50547999999982
8.5	1.50547999999982
8.5625	1.50547999999982
8.5625	1.50547999999982
8.625	1.50547999999983
8.625	1.50547999999983
8.6875	1.50547999999982
8.6875	1.50547999999982
8.75	1.50547999999982
8.75	1.50547999999982
8.8125	1.50547999999982
8.8125	1.50547999999982
8.875	1.50547999999982
8.875	1.50547999999982
8.9375	1.50547999999982
8.9375	1.50547999999982
9	1.50547999999981
9	1.50547999999981
9.0625	1.50547999999981
9.0625	1.50547999999981
9.125	1.5054799999998
9.125	1.5054799999998
9.1875	1.5054799999998
9.1875	1.5054799999998
9.25	1.5054799999998
9.25	1.5054799999998
9.3125	1.50547999999979
9.3125	1.5054799999998
9.375	1.50547999999979
9.375	1.50547999999979
9.4375	1.50547999999979
9.4375	1.50547999999979
9.5	1.50547999999979
9.5	1.50547999999979
9.5625	1.50547999999979
9.5625	1.50547999999979
9.625	1.50547999999978
9.625	1.50547999999978
9.6875	1.50547999999978
9.6875	1.50547999999978
9.75	1.50547999999978
9.75	1.50547999999978
9.8125	1.50547999999978
9.8125	1.50547999999978
9.875	1.50547999999979
9.875	1.50547999999979
9.9375	1.50547999999978
9.9375	1.50547999999978
10	1.50547999999977
10	1.50547999999977
10.0625	1.50547999999977
10.0625	1.50547999999977
10.125	1.50547999999977
10.125	1.50547999999977
10.1875	1.50547999999977
10.1875	1.50547999999977
10.25	1.50547999999977
10.25	1.50547999999977
10.3125	1.50547999999977
10.3125	1.50547999999977
10.375	1.50547999999977
10.375	1.50547999999977
10.4375	1.50547999999977
10.4375	1.50547999999977
10.5	1.50547999999976
10.5	1.50547999999976
10.5625	1.50547999999976
10.5625	1.50547999999976
10.625	1.50547999999976
10.625	1.50547999999976
10.6875	1.50547999999976
10.6875	1.50547999999976
10.75	1.50547999999976
10.75	1.50547999999976
10.8125	1.50547999999976
10.8125	1.50547999999976
10.875	1.50547999999976
10.875	1.50547999999976
10.9375	1.50547999999975
10.9375	1.50547999999975
11	1.50547999999975
11	1.50547999999975
11.0625	1.50547999999975
11.0625	1.50547999999975
11.125	1.50547999999975
11.125	1.50547999999975
11.1875	1.50547999999975
11.1875	1.50547999999975
11.25	1.50547999999975
11.25	1.50547999999975
11.3125	1.50547999999974
11.3125	1.50547999999975
11.375	1.50547999999974
11.375	1.50547999999974
11.4375	1.50547999999974
11.4375	1.50547999999974
11.5	1.50547999999974
11.5	1.50547999999974
11.5625	1.50547999999974
11.5625	1.50547999999974
11.625	1.50547999999974
11.625	1.50547999999974
11.6875	1.50547999999974
11.6875	1.50547999999974
11.75	1.50547999999974
11.75	1.50547999999974
11.8125	1.50547999999974
11.8125	1.50547999999974
11.875	1.50547999999974
11.875	1.50547999999974
11.9375	1.50547999999974
11.9375	1.50547999999974
12	1.50547999999974
12	1.50547999999974
12.0625	1.50547999999973
12.0625	1.50547999999973
12.125	1.50547999999973
12.125	1.50547999999973
12.1875	1.50547999999973
12.1875	1.50547999999973
12.25	1.50547999999973
12.25	1.50547999999973
12.3125	1.50547999999973
12.3125	1.50547999999973
12.375	1.50547999999973
12.375	1.50547999999973
12.4375	1.50547999999973
12.4375	1.50547999999973
12.5	1.50547999999973
12.5	1.50547999999973
12.5625	1.50547999999973
12.5625	1.50547999999973
12.625	1.50547999999972
12.625	1.50547999999972
12.6875	1.50547999999972
12.6875	1.50547999999972
12.75	1.50547999999972
12.75	1.50547999999972
12.8125	1.50547999999972
12.8125	1.50547999999972
12.875	1.50547999999971
12.875	1.50547999999971
12.9375	1.50547999999971
12.9375	1.50547999999972
13	1.50547999999972
13	1.50547999999971
13.0625	1.50547999999971
13.0625	1.50547999999971
13.125	1.50547999999972
13.125	1.50547999999972
13.1875	1.50547999999972
13.1875	1.50547999999972
13.25	1.50547999999971
13.25	1.50547999999971
13.3125	1.50547999999971
13.3125	1.50547999999971
13.375	1.50547999999971
13.375	1.50547999999971
13.4375	1.50547999999971
13.4375	1.50547999999971
13.5	1.50547999999971
13.5	1.50547999999971
13.5625	1.50547999999971
13.5625	1.50547999999971
13.625	1.50547999999971
13.625	1.50547999999971
13.6875	1.50547999999971
13.6875	1.50547999999971
13.75	1.5054799999997
13.75	1.5054799999997
13.8125	1.5054799999997
13.8125	1.5054799999997
13.875	1.50547999999971
13.875	1.50547999999971
13.9375	1.50547999999971
13.9375	1.50547999999971
14	1.50547999999971
14	1.50547999999971
14.0625	1.50547999999971
14.0625	1.50547999999971
14.125	1.50547999999971
14.125	1.5054799999997
14.1875	1.5054799999997
14.1875	1.5054799999997
14.25	1.5054799999997
14.25	1.5054799999997
14.3125	1.50547999999969
14.3125	1.5054799999997
14.375	1.50547999999969
14.375	1.50547999999969
14.4375	1.50547999999969
14.4375	1.50547999999969
14.5	1.50547999999969
14.5	1.50547999999969
14.5625	1.50547999999968
14.5625	1.50547999999968
14.625	1.50547999999969
14.625	1.50547999999969
14.6875	1.50547999999968
14.6875	1.50547999999968
14.75	1.50547999999968
14.75	1.50547999999968
14.8125	1.50547999999968
14.8125	1.50547999999968
14.875	1.50547999999968
14.875	1.50547999999968
14.9375	1.50547999999968
14.9375	1.50547999999968
15	1.50547999999968
15	1.50547999999968
15.0625	1.50547999999968
15.0625	1.50547999999968
15.125	1.50547999999967
15.125	1.50547999999967
15.1875	1.50547999999967
15.1875	1.50547999999967
15.25	1.50547999999967
15.25	1.50547999999967
15.3125	1.50547999999967
15.3125	1.50547999999967
15.375	1.50547999999967
15.375	1.50547999999967
15.4375	1.50547999999967
15.4375	1.50547999999967
15.5	1.50547999999967
15.5	1.50547999999967
15.5625	1.50547999999968
15.5625	1.50547999999968
15.625	1.50547999999967
15.625	1.50547999999967
15.6875	1.50547999999967
15.6875	1.50547999999967
15.75	1.50547999999967
15.75	1.50547999999967
15.8125	1.50547999999967
15.8125	1.50547999999967
15.875	1.50547999999967
15.875	1.50547999999967
15.9375	1.50547999999966
15.9375	1.50547999999966
16	1.50547999999966
16	1.50547999999966
16.0625	1.50547999999966
16.0625	1.50547999999966
16.125	1.50547999999966
16.125	1.50547999999966
16.1875	1.50547999999965
16.1875	1.50547999999965
16.25	1.50547999999965
16.25	1.50547999999965
16.3125	1.50547999999965
16.3125	1.50547999999965
16.375	1.50547999999964
16.375	1.50547999999964
16.4375	1.50547999999964
16.4375	1.50547999999964
16.5	1.50547999999964
16.5	1.50547999999964
16.5625	1.50547999999963
16.5625	1.50547999999963
16.625	1.50547999999963
16.625	1.50547999999963
16.6875	1.50547999999963
16.6875	1.50547999999963
16.75	1.50547999999963
16.75	1.50547999999963
16.8125	1.50547999999963
16.8125	1.50547999999963
16.875	1.50547999999963
16.875	1.50547999999962
16.9375	1.50547999999962
16.9375	1.50547999999962
17	1.50547999999963
17	1.50547999999963
17.0625	1.50547999999962
17.0625	1.50547999999962
17.125	1.50547999999962
17.125	1.50547999999962
17.1875	1.50547999999962
17.1875	1.50547999999962
17.25	1.50547999999962
17.25	1.50547999999962
17.3125	1.50547999999962
17.3125	1.50547999999963
17.375	1.50547999999962
17.375	1.50547999999962
17.4375	1.50547999999962
17.4375	1.50547999999962
17.5	1.50547999999961
17.5	1.50547999999961
17.5625	1.50547999999962
17.5625	1.50547999999962
17.625	1.50547999999961
17.625	1.50547999999961
17.6875	1.50547999999961
17.6875	1.50547999999961
17.75	1.50547999999961
17.75	1.50547999999961
17.8125	1.50547999999961
17.8125	1.50547999999961
17.875	1.50547999999961
17.875	1.5054799999996
17.9375	1.50547999999961
17.9375	1.50547999999961
18	1.5054799999996
18	1.5054799999996
18.0625	1.5054799999996
18.0625	1.5054799999996
18.125	1.5054799999996
18.125	1.5054799999996
18.1875	1.5054799999996
18.1875	1.5054799999996
18.25	1.5054799999996
18.25	1.5054799999996
18.3125	1.50547999999959
18.3125	1.50547999999959
18.375	1.50547999999959
18.375	1.50547999999959
18.4375	1.50547999999959
18.4375	1.50547999999959
18.5	1.50547999999958
18.5	1.50547999999958
18.5625	1.50547999999958
18.5625	1.50547999999958
18.625	1.50547999999958
18.625	1.50547999999958
18.6875	1.50547999999958
18.6875	1.50547999999958
18.75	1.50547999999958
18.75	1.50547999999958
18.8125	1.50547999999958
18.8125	1.50547999999958
18.875	1.50547999999958
18.875	1.50547999999958
18.9375	1.50547999999958
18.9375	1.50547999999958
19	1.50547999999958
19	1.50547999999958
19.0625	1.50547999999958
19.0625	1.50547999999958
19.125	1.50547999999958
19.125	1.50547999999958
19.1875	1.50547999999958
19.1875	1.50547999999958
19.25	1.50547999999958
19.25	1.50547999999958
19.3125	1.50547999999958
19.3125	1.50547999999958
19.375	1.50547999999958
19.375	1.50547999999958
19.4375	1.50547999999958
19.4375	1.50547999999958
19.5	1.50547999999957
19.5	1.50547999999958
19.5625	1.50547999999957
19.5625	1.50547999999957
19.625	1.50547999999957
19.625	1.50547999999957
19.6875	1.50547999999957
19.6875	1.50547999999957
19.75	1.50547999999957
19.75	1.50547999999957
19.8125	1.50547999999956
19.8125	1.50547999999956
19.875	1.50547999999956
19.875	1.50547999999956
19.9375	1.50547999999956
19.9375	1.50547999999956
20	1.50547999999956
0	-0.2
0.0625	-0.2
0.0625	-0.2
0.125	-0.2
0.125	-0.2
0.1875	-0.2
0.1875	-0.2
0.25	-0.2
0.25	-0.2
0.3125	-0.2
0.3125	-0.2
0.375	-0.2
0.375	-0.2
0.4375	-0.2
0.4375	-0.2
0.5	-0.2
0.5	-0.2
0.5625	-0.2
0.5625	-0.2
0.625	-0.2
0.625	-0.2
0.6875	-0.2
0.6875	-0.2
0.75	-0.2
0.75	-0.2
0.8125	-0.2
0.8125	-0.2
0.875	-0.2
0.875	-0.2
0.9375	-0.2
0.9375	-0.2
1	-0.2
1	-0.2
1.0625	-0.2
1.0625	-0.2
1.125	-0.2
1.125	-0.2
1.1875	-0.2
1.1875	-0.2
1.25	-0.2
1.25	-0.2
1.3125	-0.2
1.3125	-0.2
1.375	-0.2
1.375	-0.2
1.4375	-0.2
1.4375	-0.2
1.5	-0.2
1.5	-0.2
1.5625	-0.2
1.5625	-0.2
1.625	-0.2
1.625	-0.2
1.6875	-0.2
1.6875	-0.2
1.75	-0.2
1.75	-0.2
1.8125	-0.2
1.8125	-0.2
1.875	-0.2
1.875	-0.2
1.9375	-0.2
1.9375	-0.2
2	-0.2
2	-0.2
2.0625	-0.2
2.0625	-0.2
2.125	-0.2
2.125	-0.2
2.1875	-0.2
2.1875	-0.2
2.25	-0.2
2.25	-0.2
2.3125	-0.2
2.3125	-0.2
2.375	-0.2
2.375	-0.2
2.4375	-0.2
2.4375	-0.2
2.5	-0.2
2.5	-0.2
2.5625	-0.2
2.5625	-0.2
2.625	-0.2
2.625	-0.2
2.6875	-0.2
2.6875	-0.2
2.75	-0.2
2.75	-0.2
2.8125	-0.2
2.8125	-0.2
2.875	-0.2
2.875	-0.2
2.9375	-0.2
2.9375	-0.2
3	-0.2
3	-0.2
3.0625	-0.2
3.0625	-0.2
3.125	-0.2
3.125	-0.2
3.1875	-0.2
3.1875	-0.2
3.25	-0.2
3.25	-0.2
3.3125	-0.2
3.3125	-0.2
3.375	-0.2
3.375	-0.2
3.4375	-0.2
3.4375	-0.2
3.5	-0.2
3.5	-0.2
3.5625	-0.2
3.5625	-0.2
3.625	-0.2
3.625	-0.2
3.6875	-0.2
3.6875	-0.2
3.75	-0.2
3.75	-0.2
3.8125	-0.2
3.8125	-0.2
3.875	-0.2
3.875	-0.2
3.9375	-0.2
3.9375	-0.2
4	-0.2
4	-0.2
4.0625	-0.2
4.0625	-0.2
4.125	-0.2
4.125	-0.2
4.1875	-0.2
4.1875	-0.2
4.25	-0.2
4.25	-0.2
4.3125	-0.2
4.3125	-0.2
4.375	-0.2
4.375	-0.2
4.4375	-0.2
4.4375	-0.2
4.5	-0.2
4.5	-0.2
4.5625	-0.2
4.5625	-0.2
4.625	-0.2
4.625	-0.2
4.6875	-0.2
4.6875	-0.2
4.75	-0.2
4.75	-0.2
4.8125	-0.2
4.8125	-0.2
4.875	-0.2
4.875	-0.2
4.9375	-0.2
4.9375	-0.2
5	-0.2
5	-0.2
5.0625	-0.2
5.0625	-0.2
5.125	-0.2
5.125	-0.2
5.1875	-0.2
5.1875	-0.2
5.25	-0.2
5.25	-0.2
5.3125	-0.2
5.3125	-0.2
5.375	-0.2
5.375	-0.2
5.4375	-0.2
5.4375	-0.2
5.5	-0.2
5.5	-0.2
5.5625	-0.2
5.5625	-0.2
5.625	-0.2
5.625	-0.2
5.6875	-0.2
5.6875	-0.2
5.75	-0.2
5.75	-0.2
5.8125	-0.2
5.8125	-0.2
5.875	-0.2
5.875	-0.2
5.9375	-0.2
5.9375	-0.2
6	-0.2
6	-0.2
6.0625	-0.2
6.0625	-0.2
6.125	-0.2
6.125	-0.2
6.1875	-0.2
6.1875	-0.2
6.25	-0.2
6.25	-0.2
6.3125	-0.2
6.3125	-0.2
6.375	-0.2
6.375	-0.2
6.4375	-0.2
6.4375	-0.2
6.5	-0.2
6.5	-0.2
6.5625	-0.2
6.5625	-0.2
6.625	-0.2
6.625	-0.2
6.6875	-0.2
6.6875	-0.2
6.75	-0.2
6.75	-0.2
6.8125	-0.2
6.8125	-0.2
6.875	-0.2
6.875	-0.2
6.9375	-0.2
6.9375	-0.2
7	-0.2
7	-0.2
7.0625	-0.2
7.0625	-0.2
7.125	-0.2
7.125	-0.2
7.1875	-0.2
7.1875	-0.2
7.25	-0.2
7.25	-0.2
7.3125	-0.2
7.3125	-0.2
7.375	-0.2
7.375	-0.2
7.4375	-0.2
7.4375	-0.2
7.5	-0.2
7.5	-0.2
7.5625	-0.2
7.5625	-0.2
7.625	-0.2
7.625	-0.2
7.6875	-0.2
7.6875	-0.2
7.75	-0.2
7.75	-0.2
7.8125	-0.2
7.8125	-0.2
7.875	-0.2
7.875	-0.2
7.9375	-0.2
7.9375	-0.2
8	-0.2
8	-0.2
8.0625	-0.1876953125
8.0625	-0.1876953125
8.125	-0.17578125
8.125	-0.17578125
8.1875	-0.1642578125
8.1875	-0.1642578125
8.25	-0.153125
8.25	-0.153125
8.3125	-0.1423828125
8.3125	-0.1423828125
8.375	-0.13203125
8.375	-0.13203125
8.4375	-0.1220703125
8.4375	-0.1220703125
8.5	-0.1125
8.5	-0.1125
8.5625	-0.1033203125
8.5625	-0.1033203125
8.625	-0.09453125
8.625	-0.09453125
8.6875	-0.0861328125
8.6875	-0.0861328125
8.75	-0.078125
8.75	-0.078125
8.8125	-0.0705078125
8.8125	-0.0705078125
8.875	-0.06328125
8.875	-0.06328125
8.9375	-0.0564453125
8.9375	-0.0564453125
9	-0.05
9	-0.05
9.0625	-0.0439453125
9.0625	-0.0439453125
9.125	-0.03828125
9.125	-0.03828125
9.1875	-0.0330078125
9.1875	-0.0330078125
9.25	-0.028125
9.25	-0.028125
9.3125	-0.0236328125
9.3125	-0.0236328125
9.375	-0.01953125
9.375	-0.01953125
9.4375	-0.0158203125
9.4375	-0.0158203125
9.5	-0.0125
9.5	-0.0125
9.5625	-0.0095703125
9.5625	-0.0095703125
9.625	-0.00703125
9.625	-0.00703125
9.6875	-0.0048828125
9.6875	-0.0048828125
9.75	-0.003125
9.75	-0.003125
9.8125	-0.0017578125
9.8125	-0.0017578125
9.875	-0.00078125
9.875	-0.00078125
9.9375	-0.0001953125
9.9375	-0.0001953125
10	0
10	0
10.0625	-0.0001953125
10.0625	-0.0001953125
10.125	-0.00078125
10.125	-0.00078125
10.1875	-0.0017578125
10.1875	-0.0017578125
10.25	-0.003125
10.25	-0.003125
10.3125	-0.0048828125
10.3125	-0.0048828125
10.375	-0.00703125
10.375	-0.00703125
10.4375	-0.0095703125
10.4375	-0.0095703125
10.5	-0.0125
10.5	-0.0125
10.5625	-0.0158203125
10.5625	-0.0158203125
10.625	-0.01953125
10.625	-0.01953125
10.6875	-0.0236328125
10.6875	-0.0236328125
10.75	-0.028125
10.75	-0.028125
10.8125	-0.0330078125
10.8125	-0.0330078125
10.875	-0.03828125
10.875	-0.03828125
10.9375	-0.0439453125
10.9375	-0.0439453125
11	-0.05
11	-0.05
11.0625	-0.0564453125
11.0625	-0.0564453125
11.125	-0.06328125
11.125	-0.06328125
11.1875	-0.0705078125
11.1875	-0.0705078125
11.25	-0.078125
11.25	-0.078125
11.3125	-0.0861328125
11.3125	-0.0861328125
11.375	-0.09453125
11.375	-0.09453125
11.4375	-0.1033203125
11.4375	-0.1033203125
11.5	-0.1125
11.5	-0.1125
11.5625	-0.1220703125
11.5625	-0.1220703125
11.625	-0.13203125
11.625	-0.13203125
11.6875	-0.1423828125
11.6875	-0.1423828125
11.75	-0.153125
11.75	-0.153125
11.8125	-0.1642578125
11.8125	-0.1642578125
11.875	-0.17578125
11.875	-0.17578125
11.9375	-0.1876953125
11.9375	-0.1876953125
12	-0.2
12	-0.2
12.0625	-0.2
12.0625	-0.2
12.125	-0.2
12.125	-0.2
12.1875	-0.2
12.1875	-0.2
12.25	-0.2
12.25	-0.2
12.3125	-0.2
12.3125	-0.2
12.375	-0.2
12.375	-0.2
12.4375	-0.2
12.4375	-0.2
12.5	-0.2
12.5	-0.2
12.5625	-0.2
12.5625	-0.2
12.625	-0.2
12.625	-0.2
12.6875	-0.2
12.6875	-0.2
12.75	-0.2
12.75	-0.2
12.8125	-0.2
12.8125	-0.2
12.875	-0.2
12.875	-0.2
12.9375	-0.2
12.9375	-0.2
13	-0.2
13	-0.2
13.0625	-0.2
13.0625	-0.2
13.125	-0.2
13.125	-0.2
13.1875	-0.2
13.1875	-0.2
13.25	-0.2
13.25	-0.2
13.3125	-0.2
13.3125	-0.2
13.375	-0.2
13.375	-0.2
13.4375	-0.2
13.4375	-0.2
13.5	-0.2
13.5	-0.2
13.5625	-0.2
13.5625	-0.2
13.625	-0.2
13.625	-0.2
13.6875	-0.2
13.6875	-0.2
13.75	-0.2
13.75	-0.2
13.8125	-0.2
13.8125	-0.2
13.875	-0.2
13.875	-0.2
13.9375	-0.2
13.9375	-0.2
14	-0.2
14	-0.2
14.0625	-0.2
14.0625	-0.2
14.125	-0.2
14.125	-0.2
14.1875	-0.2
14.1875	-0.2
14.25	-0.2
14.25	-0.2
14.3125	-0.2
14.3125	-0.2
14.375	-0.2
14.375	-0.2
14.4375	-0.2
14.4375	-0.2
14.5	-0.2
14.5	-0.2
14.5625	-0.2
14.5625	-0.2
14.625	-0.2
14.625	-0.2
14.6875	-0.2
14.6875	-0.2
14.75	-0.2
14.75	-0.2
14.8125	-0.2
14.8125	-0.2
14.875	-0.2
14.875	-0.2
14.9375	-0.2
14.9375	-0.2
15	-0.2
15	-0.2
15.0625	-0.2
15.0625	-0.2
15.125	-0.2
15.125	-0.2
15.1875	-0.2
15.1875	-0.2
15.25	-0.2
15.25	-0.2
15.3125	-0.2
15.3125	-0.2
15.375	-0.2
15.375	-0.2
15.4375	-0.2
15.4375	-0.2
15.5	-0.2
15.5	-0.2
15.5625	-0.2
15.5625	-0.2
15.625	-0.2
15.625	-0.2
15.6875	-0.2
15.6875	-0.2
15.75	-0.2
15.75	-0.2
15.8125	-0.2
15.8125	-0.2
15.875	-0.2
15.875	-0.2
15.9375	-0.2
15.9375	-0.2
16	-0.2
16	-0.2
16.0625	-0.2
16.0625	-0.2
16.125	-0.2
16.125	-0.2
16.1875	-0.2
16.1875	-0.2
16.25	-0.2
16.25	-0.2
16.3125	-0.2
16.3125	-0.2
16.375	-0.2
16.375	-0.2
16.4375	-0.2
16.4375	-0.2
16.5	-0.2
16.5	-0.2
16.5625	-0.2
16.5625	-0.2
16.625	-0.2
16.625	-0.2
16.6875	-0.2
16.6875	-0.2
16.75	-0.2
16.75	-0.2
16.8125	-0.2
16.8125	-0.2
16.875	-0.2
16.875	-0.2
16.9375	-0.2
16.9375	-0.2
17	-0.2
17	-0.2
17.0625	-0.2
17.0625	-0.2
17.125	-0.2
17.125	-0.2
17.1875	-0.2
17.1875	-0.2
17.25	-0.2
17.25	-0.2
17.3125	-0.2
17.3125	-0.2
17.375	-0.2
17.375	-0.2
17.4375	-0.2
17.4375	-0.2
17.5	-0.2
17.5	-0.2
17.5625	-0.2
17.5625	-0.2
17.625	-0.2
17.625	-0.2
17.6875	-0.2
17.6875	-0.2
17.75	-0.2
17.75	-0.2
17.8125	-0.2
17.8125	-0.2
17.875	-0.2
17.875	-0.2
17.9375	-0.2
17.9375	-0.2
18	-0.2
18	-0.2
18.0625	-0.2
18.0625	-0.2
18.125	-0.2
18.125	-0.2
18.1875	-0.2
18.1875	-0.2
18.25	-0.2
18.25	-0.2
18.3125	-0.2
18.3125	-0.2
18.375	-0.2
18.375	-0.2
18.4375	-0.2
18.4375	-0.2
18.5	-0.2
18.5	-0.2
18.5625	-0.2
18.5625	-0.2
18.625	-0.2
18.625	-0.2
18.6875	-0.2
18.6875	-0.2
18.75	-0.2
18.75	-0.2
18.8125	-0.2
18.8125	-0.2
18.875	-0.2
18.875	-0.2
18.9375	-0.2
18.9375	-0.2
19	-0.2
19	-0.2
19.0625	-0.2
19.0625	-0.2
19.125	-0.2
19.125	-0.2
19.1875	-0.2
19.1875	-0.2
19.25	-0.2
19.25	-0.2
19.3125	-0.2
19.3125	-0.2
19.375	-0.2
19.375	-0.2
19.4375	-0.2
19.4375	-0.2
19.5	-0.2
19.5	-0.2
19.5625	-0.2
19.5625	-0.2
19.625	-0.2
19.625	-0.2
19.6875	-0.2
19.6875	-0.2
19.75	-0.2
19.75	-0.2
19.8125	-0.2
19.8125	-0.2
19.875	-0.2
19.875	-0.2
19.9375	-0.2
19.9375	-0.2
20	-0.2
0	0
0.0625	0
0.0625	0
0.125	0
0.125	0
0.1875	0
0.1875	0
0.25	0
0.25	0
0.3125	0
0.3125	0
0.375	0
0.375	0
0.4375	0
0.4375	0
0.5	0
0.5	0
0.5625	0
0.5625	0
0.625	0
0.625	0
0.6875	0
0.6875	0
0.75	0
0.75	0
0.8125	0
0.8125	0
0.875	0
0.875	0
0.9375	0
0.9375	0
1	0
1	0
1.0625	0
1.0625	0
1.125	0
1.125	0
1.1875	0
1.1875	0
1.25	0
1.25	0
1.3125	0
1.3125	0
1.375	0
1.375	0
1.4375	0
1.4375	0
1.5	0
1.5	0
1.5625	0
1.5625	0
1.625	0
1.625	0
1.6875	0
1.6875	0
1.75	0
1.75	0
1.8125	0
1.8125	0
1.875	0
1.875	0
1.9375	0
1.9375	0
2	0
2	0
2.0625	0
2.0625	0
2.125	0
2.125	0
2.1875	0
2.1875	0
2.25	0
2.25	0
2.3125	0
2.3125	0
2.375	0
2.375	0
2.4375	0
2.4375	0
2.5	0
2.5	0
2.5625	0
2.5625	0
2.625	0
2.625	0
2.6875	0
2.6875	0
2.75	0
2.75	0
2.8125	0
2.8125	0
2.875	0
2.875	0
2.9375	0
2.9375	0
3	0
3	0
3.0625	0
3.0625	0
3.125	0
3.125	0
3.1875	0
3.1875	0
3.25	0
3.25	0
3.3125	0
3.3125	0
3.375	0
3.375	0
3.4375	0
3.4375	0
3.5	0
3.5	0
3.5625	0
3.5625	0
3.625	0
3.625	0
3.6875	0
3.6875	0
3.75	0
3.75	0
3.8125	0
3.8125	0
3.875	0
3.875	0
3.9375	0
3.9375	0
4	0
4	0
4.0625	0
4.0625	0
4.125	0
4.125	0
4.1875	0
4.1875	0
4.25	0
4.25	0
4.3125	0
4.3125	0
4.375	0
4.375	0
4.4375	0
4.4375	0
4.5	0
4.5	0
4.5625	0
4.5625	0
4.625	0
4.625	0
4.6875	0
4.6875	0
4.75	0
4.75	0
4.8125	0
4.8125	0
4.875	0
4.875	0
4.9375	0
4.9375	0
5	0
5	0
5.0625	0
5.0625	0
5.125	0
5.125	0
5.1875	0
5.1875	0
5.25	0
5.25	0
5.3125	0
5.3125	0
5.375	0
5.375	0
5.4375	0
5.4375	0
5.5	0
5.5	0
5.5625	0
5.5625	0
5.625	0
5.625	0
5.6875	0
5.6875	0
5.75	0
5.75	0
5.8125	0
5.8125	0
5.875	0
5.875	0
5.9375	0
5.9375	0
6	0
6	0
6.0625	0
6.0625	0
6.125	0
6.125	0
6.1875	0
6.1875	0
6.25	0
6.25	0
6.3125	0
6.3125	0
6.375	0
6.375	0
6.4375	0
6.4375	0
6.5	0
6.5	0
6.5625	0
6.5625	0
6.625	0
6.625	0
6.6875	0
6.6875	0
6.75	0
6.75	0
6.8125	0
6.8125	0
6.875	0
6.875	0
6.9375	0
6.9375	0
7	0
7	0
7.0625	0
7.0625	0
7.125	0
7.125	0
7.1875	0
7.1875	0
7.25	0
7.25	0
7.3125	0
7.3125	0
7.375	0
7.375	0
7.4375	0
7.4375	0
7.5	0
7.5	0
7.5625	0
7.5625	0
7.625	0
7.625	0
7.6875	0
7.6875	0
7.75	0
7.75	0
7.8125	0
7.8125	0
7.875	0
7.875	0
7.9375	0
7.9375	0
8	0
8	0.0123046875
8.0625	0.0123046875
8.0625	0.0119140625
8.125	0.0119140625
8.125	0.0115234375
8.1875	0.0115234375
8.1875	0.0111328125
8.25	0.0111328125
8.25	0.0107421875
8.3125	0.0107421875
8.3125	0.0103515625
8.375	0.0103515625
8.375	0.00996093750000002
8.4375	0.00996093750000002
8.4375	0.0095703125
8.5	0.0095703125
8.5	0.00917968749999999
8.5625	0.00917968749999999
8.5625	0.0087890625
8.625	0.0087890625
8.625	0.00839843750000001
8.6875	0.00839843750000001
8.6875	0.0080078125
8.75	0.0080078125
8.75	0.0076171875
8.8125	0.0076171875
8.8125	0.00722656250000001
8.875	0.00722656250000001
8.875	0.00683593749999999
8.9375	0.00683593749999999
8.9375	0.0064453125
9	0.0064453125
9	0.0060546875
9.0625	0.0060546875
9.0625	0.0056640625
9.125	0.0056640625
9.125	0.0052734375
9.1875	0.0052734375
9.1875	0.0048828125
9.25	0.0048828125
9.25	0.0044921875
9.3125	0.0044921875
9.3125	0.0041015625
9.375	0.0041015625
9.375	0.0037109375
9.4375	0.0037109375
9.4375	0.0033203125
9.5	0.0033203125
9.5	0.0029296875
9.5625	0.0029296875
9.5625	0.0025390625
9.625	0.0025390625
9.625	0.0021484375
9.6875	0.0021484375
9.6875	0.0017578125
9.75	0.0017578125
9.75	0.0013671875
9.8125	0.0013671875
9.8125	0.0009765625
9.875	0.0009765625
9.875	0.0005859375
9.9375	0.0005859375
9.9375	0.0001953125
10	0.0001953125
10	-0.0001953125
10.0625	-0.0001953125
10.0625	-0.0005859375
10.125	-0.0005859375
10.125	-0.0009765625
10.1875	-0.0009765625
10.1875	-0.0013671875
10.25	-0.0013671875
10.25	-0.0017578125
10.3125	-0.0017578125
10.3125	-0.0021484375
10.375	-0.0021484375
10.375	-0.0025390625
10.4375	-0.0025390625
10.4375	-0.0029296875
10.5	-0.0029296875
10.5	-0.0033203125
10.5625	-0.0033203125
10.5625	-0.0037109375
10.625	-0.0037109375
10.625	-0.0041015625
10.6875	-0.0041015625
10.6875	-0.0044921875
10.75	-0.0044921875
10.75	-0.0048828125
10.8125	-0.0048828125
10.8125	-0.0052734375
10.875	-0.0052734375
10.875	-0.0056640625
10.9375	-0.0056640625
10.9375	-0.0060546875
11	-0.0060546875
11	-0.0064453125
11.0625	-0.0064453125
11.0625	-0.00683593749999999
11.125	-0.00683593749999999
11.125	-0.00722656250000001
11.1875	-0.00722656250000001
11.1875	-0.0076171875
11.25	-0.0076171875
11.25	-0.0080078125
11.3125	-0.0080078125
11.3125	-0.00839843750000001
11.375	-0.00839843750000001
11.375	-0.0087890625
11.4375	-0.0087890625
11.4375	-0.00917968749999999
11.5	-0.00917968749999999
11.5	-0.0095703125
11.5625	-0.0095703125
11.5625	-0.00996093750000002
11.625	-0.00996093750000002
11.625	-0.0103515625
11.6875	-0.0103515625
11.6875	-0.0107421875
11.75	-0.0107421875
11.75	-0.0111328125
11.8125	-0.0111328125
11.8125	-0.0115234375
11.875	-0.0115234375
11.875	-0.0119140625
11.9375	-0.0119140625
11.9375	-0.0123046875
12	-0.0123046875
12	0
12.0625	0
12.0625	0
12.125	0
12.125	0
12.1875	0
12.1875	0
12.25	0
12.25	0
12.3125	0
12.3125	0
12.375	0
12.375	0
12.4375	0
12.4375	0
12.5	0
12.5	0
12.5625	0
12.5625	0
12.625	0
12.625	0
12.6875	0
12.6875	0
12.75	0
12.75	0
12.8125	0
12.8125	0
12.875	0
12.875	0
12.9375	0
12.9375	0
13	0
13	0
13.0625	0
13.0625	0
13.125	0
13.125	0
13.1875	0
13.1875	0
13.25	0
13.25	0
13.3125	0
13.3125	0
13.375	0
13.375	0
13.4375	0
13.4375	0
13.5	0
13.5	0
13.5625	0
13.5625	0
13.625	0
13.625	0
13.6875	0
13.6875	0
13.75	0
13.75	0
13.8125	0
13.8125	0
13.875	0
13.875	0
13.9375	0
13.9375	0
14	0
14	0
14.0625	0
14.0625	0
14.125	0
14.125	0
14.1875	0
14.1875	0
14.25	0
14.25	0
14.3125	0
14.3125	0
14.375	0
14.375	0
14.4375	0
14.4375	0
14.5	0
14.5	0
14.5625	0
14.5625	0
14.625	0
14.625	0
14.6875	0
14.6875	0
14.75	0
14.75	0
14.8125	0
14.8125	0
14.875	0
14.875	0
14.9375	0
14.9375	0
15	0
15	0
15.0625	0
15.0625	0
15.125	0
15.125	0
15.1875	0
15.1875	0
15.25	0
15.25	0
15.3125	0
15.3125	0
15.375	0
15.375	0
15.4375	0
15.4375	0
15.5	0
15.5	0
15.5625	0
15.5625	0
15.625	0
15.625	0
15.6875	0
15.6875	0
15.75	0
15.75	0
15.8125	0
15.8125	0
15.875	0
15.875	0
15.9375	0
15.9375	0
16	0
16	0
16.0625	0
16.0625	0
16.125	0
16.125	0
16.1875	0
16.1875	0
16.25	0
16.25	0
16.3125	0
16.3125	0
16.375	0
16.375	0
16.4375	0
16.4375	0
16.5	0
16.5	0
16.5625	0
16.5625	0
16.625	0
16.625	0
16.6875	0
16.6875	0
16.75	0
16.75	0
16.8125	0
16.8125	0
16.875	0
16.875	0
16.9375	0
16.9375	0
17	0
17	0
17.0625	0
17.0625	0
17.125	0
17.125	0
17.1875	0
17.1875	0
17.25	0
17.25	0
17.3125	0
17.3125	0
17.375	0
17.375	0
17.4375	0
17.4375	0
17.5	0
17.5	0
17.5625	0
17.5625	0
17.625	0
17.625	0
17.6875	0
17.6875	0
17.75	0
17.75	0
17.8125	0
17.8125	0
17.875	0
17.875	0
17.9375	0
17.9375	0
18	0
18	0
18.0625	0
18.0625	0
18.125	0
18.125	0
18.1875	0
18.1875	0
18.25	0
18.25	0
18.3125	0
18.3125	0
18.375	0
18.375	0
18.4375	0
18.4375	0
18.5	0
18.5	0
18.5625	0
18.5625	0
18.625	0
18.625	0
18.6875	0
18.6875	0
18.75	0
18.75	0
18.8125	0
18.8125	0
18.875	0
18.875	0
18.9375	0
18.9375	0
19	0
19	0
19.0625	0
19.0625	0
19.125	0
19.125	0
19.1875	0
19.1875	0
19.25	0
19.25	0
19.3125	0
19.3125	0
19.375	0
19.375	0
19.4375	0
19.4375	0
19.5	0
19.5	0
19.5625	0
19.5625	0
19.625	0
19.625	0
19.6875	0
19.6875	0
19.75	0
19.75	0
19.8125	0
19.8125	0
19.875	0
19.875	0
19.9375	0
19.9375	0
20	0
