3	1
20
0	0.4
2	0.4
2	0.4
4	0.4
4	0.4
6	0.4
6	0.4
8	0.4
8	0.337342588210322
10	0.62814073456236
10	0.522789635580321
12	0.403783025649601
12	0.403783025649601
14	0.4037830256496
14	0.4037830256496
16	0.403783025649598
16	0.403783025649598
18	0.403783025649597
18	0.403783025649598
20	0.403783025649596
0	1.50548
2	1.50548
2	1.50548
4	1.50548
4	1.50548
6	1.50548
6	1.50548
8	1.50548
8	1.51457292077811
10	1.49638707922189
10	1.50548
12	1.50547999999999
12	1.50547999999999
14	1.50547999999999
14	1.50547999999999
16	1.50547999999999
16	1.50547999999999
18	1.50547999999998
18	1.50547999999998
20	1.50547999999998
0	-0.2
2	-0.2
2	-0.2
4	-0.2
4	-0.2
6	-0.2
6	-0.2
8	-0.2
8	-0.2
10	0
10	0
12	-0.2
12	-0.2
14	-0.2
14	-0.2
16	-0.2
16	-0.2
18	-0.2
18	-0.2
20	-0.2
0	0
2	0
2	0
4	0
4	0
6	0
6	0
8	0
8	0.2
10	0.2
10	-0.2
12	-0.2
12	0
14	0
14	0
16	0
16	0
18	0
18	0
20	0
