3	1
160
0	0.4
0.25	0.4
0.25	0.4
0.5	0.4
0.5	0.4
0.75	0.4
0.75	0.4
1	0.4
1	0.4
1.25	0.4
1.25	0.4
1.5	0.4
1.5	0.4
1.75	0.4
1.75	0.4
2	0.4
2	0.4
2.25	0.4
2.25	0.4
2.5	0.4
2.5	0.4
2.75	0.4
2.75	0.4
3	0.4
3	0.4
3.25	0.4
3.25	0.4
3.5	0.4
3.5	0.4
3.75	0.4
3.75	0.399999999999999
4	0.4
4	0.4
4.25	0.4
4.25	0.4
4.5	0.4
4.5	0.4
4.75	0.4
4.75	0.4
5	0.399999999999999
5	0.399999999999999
5.25	0.399999999999999
5.25	0.399999999999999
5.5	0.399999999999999
5.5	0.399999999999999
5.75	0.399999999999998
5.75	0.399999999999999
6	0.399999999999998
6	0.399999999999997
6.25	0.399999999999997
6.25	0.399999999999997
6.5	0.399999999999996
6.5	0.399999999999996
6.75	0.399999999999997
6.75	0.399999999999997
7	0.399999999999996
7	0.399999999999996
7.25	0.399999999999997
7.25	0.399999999999997
7.5	0.399999999999997
7.5	0.399999999999997
7.75	0.399999999999996
7.75	0.399999999999996
8	0.399999999999992
8	0.399326516423572
8.25	0.419883002449856
8.25	0.419088512603114
8.5	0.441292488708161
8.5	0.440339182952009
8.75	0.464338787914264
8.75	0.463168453309882
9	0.48911272049903
9	0.487630529764116
9.25	0.515637915027683
9.25	0.513685868071962
9.5	0.543694106568539
9.5	0.541108663348761
9.75	0.571842816069088
9.75	0.570344920422992
10	0.589013219862958
10	0.587242396664346
10.25	0.571845946215385
10.25	0.568801167532718
10.5	0.543704661185626
10.5	0.54152241956455
10.75	0.515649619756527
10.75	0.514041940214095
11	0.489123754490813
11	0.487877275413921
11.25	0.464348726846818
11.25	0.463345417068701
11.5	0.441301309000018
11.5	0.44047203533191
11.75	0.419890796292451
11.75	0.419192049395647
12	0.40000688620107
12	0.40000688620107
12.25	0.40000688620107
12.25	0.40000688620107
12.5	0.400006886201068
12.5	0.400006886201068
12.75	0.400006886201068
12.75	0.400006886201068
13	0.400006886201067
13	0.400006886201067
13.25	0.400006886201067
13.25	0.400006886201067
13.5	0.400006886201067
13.5	0.400006886201067
13.75	0.400006886201067
13.75	0.400006886201066
14	0.400006886201067
14	0.400006886201067
14.25	0.400006886201067
14.25	0.400006886201067
14.5	0.400006886201065
14.5	0.400006886201065
14.75	0.400006886201066
14.75	0.400006886201066
15	0.400006886201067
15	0.400006886201067
15.25	0.400006886201065
15.25	0.400006886201065
15.5	0.400006886201066
15.5	0.400006886201066
15.75	0.400006886201063
15.75	0.400006886201063
16	0.400006886201065
16	0.400006886201065
16.25	0.400006886201064
16.25	0.400006886201064
16.5	0.400006886201062
16.5	0.400006886201062
16.75	0.400006886201062
16.75	0.400006886201062
17	0.400006886201062
17	0.400006886201062
17.25	0.400006886201062
17.25	0.400006886201062
17.5	0.400006886201063
17.5	0.400006886201062
17.75	0.400006886201063
17.75	0.400006886201062
18	0.400006886201063
18	0.400006886201063
18.25	0.400006886201064
18.25	0.400006886201063
18.5	0.400006886201063
18.5	0.400006886201063
18.75	0.400006886201062
18.75	0.400006886201062
19	0.40000688620106
19	0.40000688620106
19.25	0.400006886201059
19.25	0.400006886201059
19.5	0.400006886201058
19.5	0.400006886201058
19.75	0.400006886201057
19.75	0.400006886201057
20	0.400006886201056
0	1.50548
0.25	1.50548
0.25	1.50548
0.5	1.50548
0.5	1.50548
0.75	1.50548
0.75	1.50548
1	1.50548
1	1.50548
1.25	1.50548
1.25	1.50548
1.5	1.50548
1.5	1.50548
1.75	1.50548
1.75	1.50548
2	1.50548
2	1.50548
2.25	1.50548
2.25	1.50548
2.5	1.50548
2.5	1.50548
2.75	1.50548
2.75	1.50548
3	1.50548
3	1.50548
3.25	1.50548
3.25	1.50548
3.5	1.50548
3.5	1.50548
3.75	1.50548
3.75	1.50548
4	1.50548
4	1.50548
4.25	1.50548
4.25	1.50548
4.5	1.50547999999999
4.5	1.50547999999999
4.75	1.50547999999999
4.75	1.50547999999999
5	1.50547999999999
5	1.50547999999999
5.25	1.50547999999999
5.25	1.50547999999999
5.5	1.50547999999999
5.5	1.50547999999999
5.75	1.50547999999999
5.75	1.50547999999999
6	1.50547999999999
6	1.50547999999999
6.25	1.50547999999999
6.25	1.50547999999999
6.5	1.50547999999999
6.5	1.50547999999999
6.75	1.50547999999999
6.75	1.50547999999999
7	1.50547999999999
7	1.50547999999999
7.25	1.50547999999999
7.25	1.50547999999999
7.5	1.50547999999999
7.5	1.50547999999999
7.75	1.50547999999998
7.75	1.50547999999998
8	1.50547999999998
8	1.50547999999998
8.25	1.50547999999998
8.25	1.50547999999998
8.5	1.50547999999998
8.5	1.50547999999998
8.75	1.50547999999998
8.75	1.50547999999998
9	1.50547999999997
9	1.50547999999997
9.25	1.50547999999997
9.25	1.50547999999997
9.5	1.50547999999997
9.5	1.50547999999997
9.75	1.50547999999997
9.75	1.50547999999997
10	1.50547999999997
10	1.50547999999997
10.25	1.50547999999997
10.25	1.50547999999997
10.5	1.50547999999997
10.5	1.50547999999997
10.75	1.50547999999997
10.75	1.50547999999997
11	1.50547999999997
11	1.50547999999997
11.25	1.50547999999997
11.25	1.50547999999997
11.5	1.50547999999997
11.5	1.50547999999997
11.75	1.50547999999996
11.75	1.50547999999996
12	1.50547999999996
12	1.50547999999996
12.25	1.50547999999996
12.25	1.50547999999996
12.5	1.50547999999996
12.5	1.50547999999996
12.75	1.50547999999996
12.75	1.50547999999996
13	1.50547999999996
13	1.50547999999996
13.25	1.50547999999996
13.25	1.50547999999996
13.5	1.50547999999995
13.5	1.50547999999995
13.75	1.50547999999995
13.75	1.50547999999995
14	1.50547999999995
14	1.50547999999995
14.25	1.50547999999995
14.25	1.50547999999995
14.5	1.50547999999995
14.5	1.50547999999995
14.75	1.50547999999995
14.75	1.50547999999995
15	1.50547999999995
15	1.50547999999995
15.25	1.50547999999995
15.25	1.50547999999995
15.5	1.50547999999995
15.5	1.50547999999995
15.75	1.50547999999995
15.75	1.50547999999995
16	1.50547999999995
16	1.50547999999995
16.25	1.50547999999994
16.25	1.50547999999995
16.5	1.50547999999994
16.5	1.50547999999994
16.75	1.50547999999994
16.75	1.50547999999994
17	1.50547999999994
17	1.50547999999994
17.25	1.50547999999994
17.25	1.50547999999994
17.5	1.50547999999994
17.5	1.50547999999994
17.75	1.50547999999994
17.75	1.50547999999994
18	1.50547999999994
18	1.50547999999994
18.25	1.50547999999994
18.25	1.50547999999994
18.5	1.50547999999994
18.5	1.50547999999994
18.75	1.50547999999994
18.75	1.50547999999994
19	1.50547999999993
19	1.50547999999993
19.25	1.50547999999993
19.25	1.50547999999993
19.5	1.50547999999993
19.5	1.50547999999993
19.75	1.50547999999993
19.75	1.50547999999993
20	1.50547999999993
0	-0.2
0.25	-0.2
0.25	-0.2
0.5	-0.2
0.5	-0.2
0.75	-0.2
0.75	-0.2
1	-0.2
1	-0.2
1.25	-0.2
1.25	-0.2
1.5	-0.2
1.5	-0.2
1.75	-0.2
1.75	-0.2
2	-0.2
2	-0.2
2.25	-0.2
2.25	-0.2
2.5	-0.2
2.5	-0.2
2.75	-0.2
2.75	-0.2
3	-0.2
3	-0.2
3.25	-0.2
3.25	-0.2
3.5	-0.2
3.5	-0.2
3.75	-0.2
3.75	-0.2
4	-0.2
4	-0.2
4.25	-0.2
4.25	-0.2
4.5	-0.2
4.5	-0.2
4.75	-0.2
4.75	-0.2
5	-0.2
5	-0.2
5.25	-0.2
5.25	-0.2
5.5	-0.2
5.5	-0.2
5.75	-0.2
5.75	-0.2
6	-0.2
6	-0.2
6.25	-0.2
6.25	-0.2
6.5	-0.2
6.5	-0.2
6.75	-0.2
6.75	-0.2
7	-0.2
7	-0.2
7.25	-0.2
7.25	-0.2
7.5	-0.2
7.5	-0.2
7.75	-0.2
7.75	-0.2
8	-0.2
8	-0.2
8.25	-0.153125
8.25	-0.153125
8.5	-0.1125
8.5	-0.1125
8.75	-0.078125
8.75	-0.078125
9	-0.05
9	-0.05
9.25	-0.028125
9.25	-0.028125
9.5	-0.0125
9.5	-0.0125
9.75	-0.003125
9.75	-0.003125
10	0
10	0
10.25	-0.003125
10.25	-0.003125
10.5	-0.0125
10.5	-0.0125
10.75	-0.028125
10.75	-0.028125
11	-0.05
11	-0.05
11.25	-0.078125
11.25	-0.078125
11.5	-0.1125
11.5	-0.1125
11.75	-0.153125
11.75	-0.153125
12	-0.2
12	-0.2
12.25	-0.2
12.25	-0.2
12.5	-0.2
12.5	-0.2
12.75	-0.2
12.75	-0.2
13	-0.2
13	-0.2
13.25	-0.2
13.25	-0.2
13.5	-0.2
13.5	-0.2
13.75	-0.2
13.75	-0.2
14	-0.2
14	-0.2
14.25	-0.2
14.25	-0.2
14.5	-0.2
14.5	-0.2
14.75	-0.2
14.75	-0.2
15	-0.2
15	-0.2
15.25	-0.2
15.25	-0.2
15.5	-0.2
15.5	-0.2
15.75	-0.2
15.75	-0.2
16	-0.2
16	-0.2
16.25	-0.2
16.25	-0.2
16.5	-0.2
16.5	-0.2
16.75	-0.2
16.75	-0.2
17	-0.2
17	-0.2
17.25	-0.2
17.25	-0.2
17.5	-0.2
17.5	-0.2
17.75	-0.2
17.75	-0.2
18	-0.2
18	-0.2
18.25	-0.2
18.25	-0.2
18.5	-0.2
18.5	-0.2
18.75	-0.2
18.75	-0.2
19	-0.2
19	-0.2
19.25	-0.2
19.25	-0.2
19.5	-0.2
19.5	-0.2
19.75	-0.2
19.75	-0.2
20	-0.2
0	0
0.25	0
0.25	0
0.5	0
0.5	0
0.75	0
0.75	0
1	0
1	0
1.25	0
1.25	0
1.5	0
1.5	0
1.75	0
1.75	0
2	0
2	0
2.25	0
2.25	0
2.5	0
2.5	0
2.75	0
2.75	0
3	0
3	0
3.25	0
3.25	0
3.5	0
3.5	0
3.75	0
3.75	0
4	0
4	0
4.25	0
4.25	0
4.5	0
4.5	0
4.75	0
4.75	0
5	0
5	0
5.25	0
5.25	0
5.5	0
5.5	0
5.75	0
5.75	0
6	0
6	0
6.25	0
6.25	0
6.5	0
6.5	0
6.75	0
6.75	0
7	0
7	0
7.25	0
7.25	0
7.5	0
7.5	0
7.75	0
7.75	0
8	0
8	0.046875
8.25	0.046875
8.25	0.040625
8.5	0.040625
8.5	0.034375
8.75	0.034375
8.75	0.028125
9	0.028125
9	0.021875
9.25	0.021875
9.25	0.015625
9.5	0.015625
9.5	0.009375
9.75	0.009375
9.75	0.003125
10	0.003125
10	-0.003125
10.25	-0.003125
10.25	-0.009375
10.5	-0.009375
10.5	-0.015625
10.75	-0.015625
10.75	-0.021875
11	-0.021875
11	-0.028125
11.25	-0.028125
11.25	-0.034375
11.5	-0.034375
11.5	-0.040625
11.75	-0.040625
11.75	-0.046875
12	-0.046875
12	0
12.25	0
12.25	0
12.5	0
12.5	0
12.75	0
12.75	0
13	0
13	0
13.25	0
13.25	0
13.5	0
13.5	0
13.75	0
13.75	0
14	0
14	0
14.25	0
14.25	0
14.5	0
14.5	0
14.75	0
14.75	0
15	0
15	0
15.25	0
15.25	0
15.5	0
15.5	0
15.75	0
15.75	0
16	0
16	0
16.25	0
16.25	0
16.5	0
16.5	0
16.75	0
16.75	0
17	0
17	0
17.25	0
17.25	0
17.5	0
17.5	0
17.75	0
17.75	0
18	0
18	0
18.25	0
18.25	0
18.5	0
18.5	0
18.75	0
18.75	0
19	0
19	0
19.25	0
19.25	0
19.5	0
19.5	0
19.75	0
19.75	0
20	0
