3	1
40
0	10
5	10
5	10
10	10
10	10
15	10
15	10
20	10
20	10
25	10
25	10
30	10
30	10
35	10
35	10
40	10
40	9.98681659862211
45	9.26740394601819
45	9.24875980099137
50	8.95076932334002
50	8.95076932334002
55	9.24875980099137
55	9.26740394601819
60	9.98681659862211
60	10
65	10
65	10
70	10
70	10
75	10
75	10
80	10
80	10
85	10
85	10
90	10
90	10
95	10
95	10
100	10
0	0
5	0
5	0
10	0
10	0
15	0
15	0
20	0
20	0
25	0
25	0
30	0
30	0
35	0
35	0
40	0
40	0
45	0
45	0
50	0
50	0
55	0
55	0
60	0
60	0
65	0
65	0
70	0
70	0
75	0
75	0
80	0
80	0
85	0
85	0
90	0
90	0
95	0
95	0
100	0
0	0
5	0
5	0
10	0
10	0
15	0
15	0
20	0
20	0
25	0
25	0
30	0
30	0
35	0
35	0
40	0
40	0.0131834013778879
45	0.732596053981812
45	0.75124019900863
50	1.04923067665998
50	1.04923067665998
55	0.75124019900863
55	0.732596053981813
60	0.0131834013778874
60	0
65	0
65	0
70	0
70	0
75	0
75	0
80	0
80	0
85	0
85	0
90	0
90	0
95	0
95	0
100	0
0	1
5	1
5	1
10	1
10	1
15	1
15	1
20	1
20	1
25	1
25	1
30	1
30	1
35	1
35	1
40	1
40	1
45	1
45	1
50	1
50	1
55	1
55	1
60	1
60	1
65	1
65	1
70	1
70	1
75	1
75	1
80	1
80	1
85	1
85	1
90	1
90	1
95	1
95	1
100	1
