3	1
160
0	10
1.25	10
1.25	10
2.5	10
2.5	10
3.75	10
3.75	10
5	10
5	10
6.25	10
6.25	10
7.5	10
7.5	10
8.75	10
8.75	10
10	10
10	10
11.25	10
11.25	10
12.5	10
12.5	10
13.75	10
13.75	10
15	10
15	10
16.25	10
16.25	10
17.5	10
17.5	10
18.75	10
18.75	10
20	10
20	10
21.25	10
21.25	10
22.5	10
22.5	10
23.75	10
23.75	10
25	10
25	10
26.25	10
26.25	10
27.5	10
27.5	10
28.75	10
28.75	10
30	10
30	10
31.25	10
31.25	10
32.5	10
32.5	10
33.75	10
33.75	10
35	10
35	10
36.25	10
36.25	10
37.5	10
37.5	10
38.75	10
38.75	10
40	10
40	9.9997899952988
41.25	9.80449054547037
41.25	9.80407860643088
42.5	9.61628440493416
42.5	9.61589636684383
43.75	9.44282423952614
43.75	9.44247501447117
45	9.29077602612537
45	9.29047903462877
46.25	9.16598289230321
46.25	9.16574954758165
47.5	9.07324056820765
47.5	9.07307983756792
48.75	9.0161130893432
48.75	9.01603114957364
50	8.99679583268516
50	8.99679583268516
51.25	9.01603114957364
51.25	9.0161130893432
52.5	9.07307983756792
52.5	9.07324056820765
53.75	9.16574954758165
53.75	9.16598289230321
55	9.29047903462877
55	9.29077602612537
56.25	9.44247501447117
56.25	9.44282423952614
57.5	9.61589636684383
57.5	9.61628440493416
58.75	9.80407860643088
58.75	9.80449054547037
60	9.9997899952988
60	10
61.25	10
61.25	10
62.5	10
62.5	10
63.75	10
63.75	10
65	10
65	10
66.25	10
66.25	10
67.5	10
67.5	10
68.75	10
68.75	10
70	10
70	10
71.25	10
71.25	10
72.5	10
72.5	10
73.75	10
73.75	10
75	10
75	10
76.25	10
76.25	10
77.5	10
77.5	10
78.75	10
78.75	10
80	10
80	10
81.25	10
81.25	10
82.5	10
82.5	10
83.75	10
83.75	10
85	10
85	10
86.25	10
86.25	10
87.5	10
87.5	10
88.75	10
88.75	10
90	10
90	10
91.25	10
91.25	10
92.5	10
92.5	10
93.75	10
93.75	10
95	10
95	10
96.25	10
96.25	10
97.5	10
97.5	10
98.75	10
98.75	10
100	10
0	0
1.25	0
1.25	0
2.5	0
2.5	0
3.75	0
3.75	0
5	0
5	0
6.25	0
6.25	0
7.5	0
7.5	0
8.75	0
8.75	0
10	0
10	0
11.25	0
11.25	0
12.5	0
12.5	0
13.75	0
13.75	0
15	0
15	0
16.25	0
16.25	0
17.5	0
17.5	0
18.75	0
18.75	0
20	0
20	0
21.25	0
21.25	0
22.5	0
22.5	0
23.75	0
23.75	0
25	0
25	0
26.25	0
26.25	0
27.5	0
27.5	0
28.75	0
28.75	0
30	0
30	0
31.25	0
31.25	0
32.5	0
32.5	0
33.75	0
33.75	0
35	0
35	0
36.25	0
36.25	0
37.5	0
37.5	0
38.75	0
38.75	0
40	0
40	0
41.25	0
41.25	0
42.5	0
42.5	0
43.75	0
43.75	0
45	0
45	0
46.25	0
46.25	0
47.5	0
47.5	0
48.75	0
48.75	0
50	0
50	0
51.25	0
51.25	0
52.5	0
52.5	0
53.75	0
53.75	0
55	0
55	0
56.25	0
56.25	0
57.5	0
57.5	0
58.75	0
58.75	0
60	0
60	0
61.25	0
61.25	0
62.5	0
62.5	0
63.75	0
63.75	0
65	0
65	0
66.25	0
66.25	0
67.5	0
67.5	0
68.75	0
68.75	0
70	0
70	0
71.25	0
71.25	0
72.5	0
72.5	0
73.75	0
73.75	0
75	0
75	0
76.25	0
76.25	0
77.5	0
77.5	0
78.75	0
78.75	0
80	0
80	0
81.25	0
81.25	0
82.5	0
82.5	0
83.75	0
83.75	0
85	0
85	0
86.25	0
86.25	0
87.5	0
87.5	0
88.75	0
88.75	0
90	0
90	0
91.25	0
91.25	0
92.5	0
92.5	0
93.75	0
93.75	0
95	0
95	0
96.25	0
96.25	0
97.5	0
97.5	0
98.75	0
98.75	0
100	0
0	0
1.25	0
1.25	0
2.5	0
2.5	0
3.75	0
3.75	0
5	0
5	0
6.25	0
6.25	0
7.5	0
7.5	0
8.75	0
8.75	0
10	0
10	0
11.25	0
11.25	0
12.5	0
12.5	0
13.75	0
13.75	0
15	0
15	0
16.25	0
16.25	0
17.5	0
17.5	0
18.75	0
18.75	0
20	0
20	0
21.25	0
21.25	0
22.5	0
22.5	0
23.75	0
23.75	0
25	0
25	0
26.25	0
26.25	0
27.5	0
27.5	0
28.75	0
28.75	0
30	0
30	0
31.25	0
31.25	0
32.5	0
32.5	0
33.75	0
33.75	0
35	0
35	0
36.25	0
36.25	0
37.5	0
37.5	0
38.75	0
38.75	0
40	0
40	0.000210004701197419
41.25	0.195509454529625
41.25	0.195921393569124
42.5	0.38371559506584
42.5	0.384103633156174
43.75	0.557175760473859
43.75	0.557524985528831
45	0.709223973874634
45	0.709520965371229
46.25	0.834017107696793
46.25	0.834250452418352
47.5	0.926759431792348
47.5	0.926920162432081
48.75	0.983886910656799
48.75	0.983968850426362
50	1.00320416731485
50	1.00320416731485
51.25	0.983968850426362
51.25	0.983886910656799
52.5	0.926920162432081
52.5	0.926759431792348
53.75	0.834250452418352
53.75	0.834017107696794
55	0.709520965371229
55	0.709223973874634
56.25	0.557524985528831
56.25	0.55717576047386
57.5	0.384103633156174
57.5	0.38371559506584
58.75	0.195921393569124
58.75	0.195509454529626
60	0.000210004701196809
60	0
61.25	0
61.25	0
62.5	0
62.5	0
63.75	0
63.75	0
65	0
65	0
66.25	0
66.25	0
67.5	0
67.5	0
68.75	0
68.75	0
70	0
70	0
71.25	0
71.25	0
72.5	0
72.5	0
73.75	0
73.75	0
75	0
75	0
76.25	0
76.25	0
77.5	0
77.5	0
78.75	0
78.75	0
80	0
80	0
81.25	0
81.25	0
82.5	0
82.5	0
83.75	0
83.75	0
85	0
85	0
86.25	0
86.25	0
87.5	0
87.5	0
88.75	0
88.75	0
90	0
90	0
91.25	0
91.25	0
92.5	0
92.5	0
93.75	0
93.75	0
95	0
95	0
96.25	0
96.25	0
97.5	0
97.5	0
98.75	0
98.75	0
100	0
0	1
1.25	1
1.25	1
2.5	1
2.5	1
3.75	1
3.75	1
5	1
5	1
6.25	1
6.25	1
7.5	1
7.5	1
8.75	1
8.75	1
10	1
10	1
11.25	1
11.25	1
12.5	1
12.5	1
13.75	1
13.75	1
15	1
15	1
16.25	1
16.25	1
17.5	1
17.5	1
18.75	1
18.75	1
20	1
20	1
21.25	1
21.25	1
22.5	1
22.5	1
23.75	1
23.75	1
25	1
25	1
26.25	1
26.25	1
27.5	1
27.5	1
28.75	1
28.75	1
30	1
30	1
31.25	1
31.25	1
32.5	1
32.5	1
33.75	1
33.75	1
35	1
35	1
36.25	1
36.25	1
37.5	1
37.5	1
38.75	1
38.75	1
40	1
40	1
41.25	1
41.25	1
42.5	1
42.5	1
43.75	1
43.75	1
45	1
45	1
46.25	1
46.25	1
47.5	1
47.5	1
48.75	1
48.75	1
50	1
50	1
51.25	1
51.25	1
52.5	1
52.5	1
53.75	1
53.75	1
55	1
55	1
56.25	1
56.25	1
57.5	1
57.5	1
58.75	1
58.75	1
60	1
60	1
61.25	1
61.25	1
62.5	1
62.5	1
63.75	1
63.75	1
65	1
65	1
66.25	1
66.25	1
67.5	1
67.5	1
68.75	1
68.75	1
70	1
70	1
71.25	1
71.25	1
72.5	1
72.5	1
73.75	1
73.75	1
75	1
75	1
76.25	1
76.25	1
77.5	1
77.5	1
78.75	1
78.75	1
80	1
80	1
81.25	1
81.25	1
82.5	1
82.5	1
83.75	1
83.75	1
85	1
85	1
86.25	1
86.25	1
87.5	1
87.5	1
88.75	1
88.75	1
90	1
90	1
91.25	1
91.25	1
92.5	1
92.5	1
93.75	1
93.75	1
95	1
95	1
96.25	1
96.25	1
97.5	1
97.5	1
98.75	1
98.75	1
100	1
