3	1
320
0	10
0.625	10
0.625	10
1.25	10
1.25	10
1.875	10
1.875	10
2.5	10
2.5	10
3.125	10
3.125	10
3.75	10
3.75	10
4.375	10
4.375	10
5	10
5	10
5.625	10
5.625	10
6.25	10
6.25	10
6.875	10
6.875	10
7.5	10
7.5	10
8.125	10
8.125	10
8.75	10
8.75	10
9.375	10
9.375	10
10	10
10	10
10.625	10
10.625	10
11.25	10
11.25	10
11.875	10
11.875	10
12.5	10
12.5	10
13.125	10
13.125	10
13.75	10
13.75	10
14.375	10
14.375	10
15	10
15	10
15.625	10
15.625	10
16.25	10
16.25	10
16.875	10
16.875	10
17.5	10
17.5	10
18.125	10
18.125	10
18.75	10
18.75	10
19.375	10
19.375	10
20	10
20	10
20.625	10
20.625	10
21.25	10
21.25	10
21.875	10
21.875	10
22.5	10
22.5	10
23.125	10
23.125	10
23.75	10
23.75	10
24.375	10
24.375	10
25	10
25	10
25.625	10
25.625	10
26.25	10
26.25	10
26.875	10
26.875	10
27.5	10
27.5	10
28.125	10
28.125	10
28.75	10
28.75	10
29.375	10
29.375	10
30	10
30	10
30.625	10
30.625	10
31.25	10
31.25	10
31.875	10
31.875	10
32.5	10
32.5	10
33.125	10
33.125	10
33.75	10
33.75	10
34.375	10
34.375	10
35	10
35	10
35.625	10
35.625	10
36.25	10
36.25	10
36.875	10
36.875	10
37.5	10
37.5	10
38.125	10
38.125	10
38.75	10
38.75	10
39.375	10
39.375	10
40	10
40	9.99997372409691
40.625	9.9019303352985
40.625	9.90187803654362
41.25	9.80477885917531
41.25	9.80472731713735
41.875	9.709507469357
41.875	9.70945718041394
42.5	9.61703368140815
42.5	9.61698512987001
43.125	9.52824806845802
43.125	9.52820172190267
43.75	9.44400568449448
43.75	9.44396198926456
44.375	9.36511782972667
44.375	9.36507720663114
45	9.29234423732048
45	9.29230707758197
45.625	9.2263857567529
45.625	9.22635241823998
46.25	9.16787760424834
46.25	9.16784840802913
46.875	9.11738324529925
46.875	9.1173584725493
47.5	9.07538896818532
47.5	9.07536885747975
48.125	9.04229920075157
48.125	9.04228394576747
48.75	9.01843261554709
48.75	9.0184223631983
49.375	9.00401906083421
49.375	9.00401390985645
50	8.99919734702406
50	8.99919734702406
50.625	9.00401390985645
50.625	9.00401906083421
51.25	9.0184223631983
51.25	9.01843261554709
51.875	9.04228394576747
51.875	9.04229920075157
52.5	9.07536885747975
52.5	9.07538896818532
53.125	9.1173584725493
53.125	9.11738324529925
53.75	9.16784840802914
53.75	9.16787760424834
54.375	9.22635241823998
54.375	9.2263857567529
55	9.29230707758197
55	9.29234423732048
55.625	9.36507720663114
55.625	9.36511782972667
56.25	9.44396198926457
56.25	9.44400568449448
56.875	9.52820172190266
56.875	9.52824806845802
57.5	9.61698512987001
57.5	9.61703368140815
58.125	9.70945718041394
58.125	9.709507469357
58.75	9.80472731713735
58.75	9.80477885917531
59.375	9.90187803654362
59.375	9.9019303352985
60	9.99997372409691
60	10
60.625	10
60.625	10
61.25	10
61.25	10
61.875	10
61.875	10
62.5	10
62.5	10
63.125	10
63.125	10
63.75	10
63.75	10
64.375	10
64.375	10
65	10
65	10
65.625	10
65.625	10
66.25	10
66.25	10
66.875	10
66.875	10
67.5	10
67.5	10
68.125	10
68.125	10
68.75	10
68.75	10
69.375	10
69.375	10
70	10
70	10
70.625	10
70.625	10
71.25	10
71.25	10
71.875	10
71.875	10
72.5	10
72.5	10
73.125	10
73.125	10
73.75	10
73.75	10
74.375	10
74.375	10
75	10
75	10
75.625	10
75.625	10
76.25	10
76.25	10
76.875	10
76.875	10
77.5	10
77.5	10
78.125	10
78.125	10
78.75	10
78.75	10
79.375	10
79.375	10
80	10
80	10
80.625	10
80.625	10
81.25	10
81.25	10
81.875	10
81.875	10
82.5	10
82.5	10
83.125	10
83.125	10
83.75	10
83.75	10
84.375	10
84.375	10
85	10
85	10
85.625	10
85.625	10
86.25	10
86.25	10
86.875	10
86.875	10
87.5	10
87.5	10
88.125	10
88.125	10
88.75	10
88.75	10
89.375	10
89.375	10
90	10
90	10
90.625	10
90.625	10
91.25	10
91.25	10
91.875	10
91.875	10
92.5	10
92.5	10
93.125	10
93.125	10
93.75	10
93.75	10
94.375	10
94.375	10
95	10
95	10
95.625	10
95.625	10
96.25	10
96.25	10
96.875	10
96.875	10
97.5	10
97.5	10
98.125	10
98.125	10
98.75	10
98.75	10
99.375	10
99.375	10
100	10
0	0
0.625	0
0.625	0
1.25	0
1.25	0
1.875	0
1.875	0
2.5	0
2.5	0
3.125	0
3.125	0
3.75	0
3.75	0
4.375	0
4.375	0
5	0
5	0
5.625	0
5.625	0
6.25	0
6.25	0
6.875	0
6.875	0
7.5	0
7.5	0
8.125	0
8.125	0
8.75	0
8.75	0
9.375	0
9.375	0
10	0
10	0
10.625	0
10.625	0
11.25	0
11.25	0
11.875	0
11.875	0
12.5	0
12.5	0
13.125	0
13.125	0
13.75	0
13.75	0
14.375	0
14.375	0
15	0
15	0
15.625	0
15.625	0
16.25	0
16.25	0
16.875	0
16.875	0
17.5	0
17.5	0
18.125	0
18.125	0
18.75	0
18.75	0
19.375	0
19.375	0
20	0
20	0
20.625	0
20.625	0
21.25	0
21.25	0
21.875	0
21.875	0
22.5	0
22.5	0
23.125	0
23.125	0
23.75	0
23.75	0
24.375	0
24.375	0
25	0
25	0
25.625	0
25.625	0
26.25	0
26.25	0
26.875	0
26.875	0
27.5	0
27.5	0
28.125	0
28.125	0
28.75	0
28.75	0
29.375	0
29.375	0
30	0
30	0
30.625	0
30.625	0
31.25	0
31.25	0
31.875	0
31.875	0
32.5	0
32.5	0
33.125	0
33.125	0
33.75	0
33.75	0
34.375	0
34.375	0
35	0
35	0
35.625	0
35.625	0
36.25	0
36.25	0
36.875	0
36.875	0
37.5	0
37.5	0
38.125	0
38.125	0
38.75	0
38.75	0
39.375	0
39.375	0
40	0
40	0
40.625	0
40.625	0
41.25	0
41.25	0
41.875	0
41.875	0
42.5	0
42.5	0
43.125	0
43.125	0
43.75	0
43.75	0
44.375	0
44.375	0
45	0
45	0
45.625	0
45.625	0
46.25	0
46.25	0
46.875	0
46.875	0
47.5	0
47.5	0
48.125	0
48.125	0
48.75	0
48.75	0
49.375	0
49.375	0
50	0
50	0
50.625	0
50.625	0
51.25	0
51.25	0
51.875	0
51.875	0
52.5	0
52.5	0
53.125	0
53.125	0
53.75	0
53.75	0
54.375	0
54.375	0
55	0
55	0
55.625	0
55.625	0
56.25	0
56.25	0
56.875	0
56.875	0
57.5	0
57.5	0
58.125	0
58.125	0
58.75	0
58.75	0
59.375	0
59.375	0
60	0
60	0
60.625	0
60.625	0
61.25	0
61.25	0
61.875	0
61.875	0
62.5	0
62.5	0
63.125	0
63.125	0
63.75	0
63.75	0
64.375	0
64.375	0
65	0
65	0
65.625	0
65.625	0
66.25	0
66.25	0
66.875	0
66.875	0
67.5	0
67.5	0
68.125	0
68.125	0
68.75	0
68.75	0
69.375	0
69.375	0
70	0
70	0
70.625	0
70.625	0
71.25	0
71.25	0
71.875	0
71.875	0
72.5	0
72.5	0
73.125	0
73.125	0
73.75	0
73.75	0
74.375	0
74.375	0
75	0
75	0
75.625	0
75.625	0
76.25	0
76.25	0
76.875	0
76.875	0
77.5	0
77.5	0
78.125	0
78.125	0
78.75	0
78.75	0
79.375	0
79.375	0
80	0
80	0
80.625	0
80.625	0
81.25	0
81.25	0
81.875	0
81.875	0
82.5	0
82.5	0
83.125	0
83.125	0
83.75	0
83.75	0
84.375	0
84.375	0
85	0
85	0
85.625	0
85.625	0
86.25	0
86.25	0
86.875	0
86.875	0
87.5	0
87.5	0
88.125	0
88.125	0
88.75	0
88.75	0
89.375	0
89.375	0
90	0
90	0
90.625	0
90.625	0
91.25	0
91.25	0
91.875	0
91.875	0
92.5	0
92.5	0
93.125	0
93.125	0
93.75	0
93.75	0
94.375	0
94.375	0
95	0
95	0
95.625	0
95.625	0
96.25	0
96.25	0
96.875	0
96.875	0
97.5	0
97.5	0
98.125	0
98.125	0
98.75	0
98.75	0
99.375	0
99.375	0
100	0
0	0
0.625	0
0.625	0
1.25	0
1.25	0
1.875	0
1.875	0
2.5	0
2.5	0
3.125	0
3.125	0
3.75	0
3.75	0
4.375	0
4.375	0
5	0
5	0
5.625	0
5.625	0
6.25	0
6.25	0
6.875	0
6.875	0
7.5	0
7.5	0
8.125	0
8.125	0
8.75	0
8.75	0
9.375	0
9.375	0
10	0
10	0
10.625	0
10.625	0
11.25	0
11.25	0
11.875	0
11.875	0
12.5	0
12.5	0
13.125	0
13.125	0
13.75	0
13.75	0
14.375	0
14.375	0
15	0
15	0
15.625	0
15.625	0
16.25	0
16.25	0
16.875	0
16.875	0
17.5	0
17.5	0
18.125	0
18.125	0
18.75	0
18.75	0
19.375	0
19.375	0
20	0
20	0
20.625	0
20.625	0
21.25	0
21.25	0
21.875	0
21.875	0
22.5	0
22.5	0
23.125	0
23.125	0
23.75	0
23.75	0
24.375	0
24.375	0
25	0
25	0
25.625	0
25.625	0
26.25	0
26.25	0
26.875	0
26.875	0
27.5	0
27.5	0
28.125	0
28.125	0
28.75	0
28.75	0
29.375	0
29.375	0
30	0
30	0
30.625	0
30.625	0
31.25	0
31.25	0
31.875	0
31.875	0
32.5	0
32.5	0
33.125	0
33.125	0
33.75	0
33.75	0
34.375	0
34.375	0
35	0
35	0
35.625	0
35.625	0
36.25	0
36.25	0
36.875	0
36.875	0
37.5	0
37.5	0
38.125	0
38.125	0
38.75	0
38.75	0
39.375	0
39.375	0
40	0
40	2.62759030915174e-05
40.625	0.0980696647015021
40.625	0.0981219634563758
41.25	0.195221140824689
41.25	0.195272682862653
41.875	0.290492530643003
41.875	0.290542819586057
42.5	0.382966318591854
42.5	0.383014870129985
43.125	0.471751931541982
43.125	0.471798278097335
43.75	0.555994315505521
43.75	0.556038010735435
44.375	0.634882170273333
44.375	0.634922793368856
45	0.707655762679515
45	0.707692922418031
45.625	0.773614243247103
45.625	0.773647581760017
46.25	0.832122395751658
46.25	0.832151591970865
46.875	0.882616754700753
46.875	0.882641527450702
47.5	0.924611031814681
47.5	0.924631142520249
48.125	0.957700799248431
48.125	0.957716054232528
48.75	0.981567384452907
48.75	0.981577636801698
49.375	0.995980939165788
49.375	0.995986090143549
50	1.00080265297594
50	1.00080265297594
50.625	0.995986090143549
50.625	0.995980939165788
51.25	0.981577636801698
51.25	0.981567384452907
51.875	0.957716054232528
51.875	0.957700799248431
52.5	0.924631142520249
52.5	0.924611031814681
53.125	0.882641527450702
53.125	0.882616754700753
53.75	0.832151591970866
53.75	0.832122395751659
54.375	0.773647581760017
54.375	0.773614243247102
55	0.707692922418032
55	0.707655762679515
55.625	0.634922793368856
55.625	0.634882170273333
56.25	0.556038010735435
56.25	0.555994315505521
56.875	0.471798278097335
56.875	0.471751931541982
57.5	0.383014870129985
57.5	0.382966318591856
58.125	0.290542819586057
58.125	0.290492530643003
58.75	0.195272682862653
58.75	0.195221140824689
59.375	0.0981219634563756
59.375	0.0980696647015027
60	2.62759030921281e-05
60	0
60.625	0
60.625	0
61.25	0
61.25	0
61.875	0
61.875	0
62.5	0
62.5	0
63.125	0
63.125	0
63.75	0
63.75	0
64.375	0
64.375	0
65	0
65	0
65.625	0
65.625	0
66.25	0
66.25	0
66.875	0
66.875	0
67.5	0
67.5	0
68.125	0
68.125	0
68.75	0
68.75	0
69.375	0
69.375	0
70	0
70	0
70.625	0
70.625	0
71.25	0
71.25	0
71.875	0
71.875	0
72.5	0
72.5	0
73.125	0
73.125	0
73.75	0
73.75	0
74.375	0
74.375	0
75	0
75	0
75.625	0
75.625	0
76.25	0
76.25	0
76.875	0
76.875	0
77.5	0
77.5	0
78.125	0
78.125	0
78.75	0
78.75	0
79.375	0
79.375	0
80	0
80	0
80.625	0
80.625	0
81.25	0
81.25	0
81.875	0
81.875	0
82.5	0
82.5	0
83.125	0
83.125	0
83.75	0
83.75	0
84.375	0
84.375	0
85	0
85	0
85.625	0
85.625	0
86.25	0
86.25	0
86.875	0
86.875	0
87.5	0
87.5	0
88.125	0
88.125	0
88.75	0
88.75	0
89.375	0
89.375	0
90	0
90	0
90.625	0
90.625	0
91.25	0
91.25	0
91.875	0
91.875	0
92.5	0
92.5	0
93.125	0
93.125	0
93.75	0
93.75	0
94.375	0
94.375	0
95	0
95	0
95.625	0
95.625	0
96.25	0
96.25	0
96.875	0
96.875	0
97.5	0
97.5	0
98.125	0
98.125	0
98.75	0
98.75	0
99.375	0
99.375	0
100	0
0	1
0.625	1
0.625	1
1.25	1
1.25	1
1.875	1
1.875	1
2.5	1
2.5	1
3.125	1
3.125	1
3.75	1
3.75	1
4.375	1
4.375	1
5	1
5	1
5.625	1
5.625	1
6.25	1
6.25	1
6.875	1
6.875	1
7.5	1
7.5	1
8.125	1
8.125	1
8.75	1
8.75	1
9.375	1
9.375	1
10	1
10	1
10.625	1
10.625	1
11.25	1
11.25	1
11.875	1
11.875	1
12.5	1
12.5	1
13.125	1
13.125	1
13.75	1
13.75	1
14.375	1
14.375	1
15	1
15	1
15.625	1
15.625	1
16.25	1
16.25	1
16.875	1
16.875	1
17.5	1
17.5	1
18.125	1
18.125	1
18.75	1
18.75	1
19.375	1
19.375	1
20	1
20	1
20.625	1
20.625	1
21.25	1
21.25	1
21.875	1
21.875	1
22.5	1
22.5	1
23.125	1
23.125	1
23.75	1
23.75	1
24.375	1
24.375	1
25	1
25	1
25.625	1
25.625	1
26.25	1
26.25	1
26.875	1
26.875	1
27.5	1
27.5	1
28.125	1
28.125	1
28.75	1
28.75	1
29.375	1
29.375	1
30	1
30	1
30.625	1
30.625	1
31.25	1
31.25	1
31.875	1
31.875	1
32.5	1
32.5	1
33.125	1
33.125	1
33.75	1
33.75	1
34.375	1
34.375	1
35	1
35	1
35.625	1
35.625	1
36.25	1
36.25	1
36.875	1
36.875	1
37.5	1
37.5	1
38.125	1
38.125	1
38.75	1
38.75	1
39.375	1
39.375	1
40	1
40	1
40.625	1
40.625	1
41.25	1
41.25	1
41.875	1
41.875	1
42.5	1
42.5	1
43.125	1
43.125	1
43.75	1
43.75	1
44.375	1
44.375	1
45	1
45	1
45.625	1
45.625	1
46.25	1
46.25	1
46.875	1
46.875	1
47.5	1
47.5	1
48.125	1
48.125	1
48.75	1
48.75	1
49.375	1
49.375	1
50	1
50	1
50.625	1
50.625	1
51.25	1
51.25	1
51.875	1
51.875	1
52.5	1
52.5	1
53.125	1
53.125	1
53.75	1
53.75	1
54.375	1
54.375	1
55	1
55	1
55.625	1
55.625	1
56.25	1
56.25	1
56.875	1
56.875	1
57.5	1
57.5	1
58.125	1
58.125	1
58.75	1
58.75	1
59.375	1
59.375	1
60	1
60	1
60.625	1
60.625	1
61.25	1
61.25	1
61.875	1
61.875	1
62.5	1
62.5	1
63.125	1
63.125	1
63.75	1
63.75	1
64.375	1
64.375	1
65	1
65	1
65.625	1
65.625	1
66.25	1
66.25	1
66.875	1
66.875	1
67.5	1
67.5	1
68.125	1
68.125	1
68.75	1
68.75	1
69.375	1
69.375	1
70	1
70	1
70.625	1
70.625	1
71.25	1
71.25	1
71.875	1
71.875	1
72.5	1
72.5	1
73.125	1
73.125	1
73.75	1
73.75	1
74.375	1
74.375	1
75	1
75	1
75.625	1
75.625	1
76.25	1
76.25	1
76.875	1
76.875	1
77.5	1
77.5	1
78.125	1
78.125	1
78.75	1
78.75	1
79.375	1
79.375	1
80	1
80	1
80.625	1
80.625	1
81.25	1
81.25	1
81.875	1
81.875	1
82.5	1
82.5	1
83.125	1
83.125	1
83.75	1
83.75	1
84.375	1
84.375	1
85	1
85	1
85.625	1
85.625	1
86.25	1
86.25	1
86.875	1
86.875	1
87.5	1
87.5	1
88.125	1
88.125	1
88.75	1
88.75	1
89.375	1
89.375	1
90	1
90	1
90.625	1
90.625	1
91.25	1
91.25	1
91.875	1
91.875	1
92.5	1
92.5	1
93.125	1
93.125	1
93.75	1
93.75	1
94.375	1
94.375	1
95	1
95	1
95.625	1
95.625	1
96.25	1
96.25	1
96.875	1
96.875	1
97.5	1
97.5	1
98.125	1
98.125	1
98.75	1
98.75	1
99.375	1
99.375	1
100	1
