3	1
20
0	10
10	10
10	10
20	10
20	10
30	10
30	10
40	10
40	9.90087576837724
50	8.82782941590158
50	8.82782941590158
60	9.90087576837724
60	10
70	10
70	10
80	10
80	10
90	10
90	10
100	10
0	0
10	0
10	0
20	0
20	0
30	0
30	0
40	0
40	0
50	0
50	0
60	0
60	0
70	0
70	0
80	0
80	0
90	0
90	0
100	0
0	0
10	0
10	0
20	0
20	0
30	0
30	0
40	0
40	0.0991242316227591
50	1.17217058409842
50	1.17217058409842
60	0.0991242316227599
60	0
70	0
70	0
80	0
80	0
90	0
90	0
100	0
0	1
10	1
10	1
20	1
20	1
30	1
30	1
40	1
40	1
50	1
50	1
60	1
60	1
70	1
70	1
80	1
80	1
90	1
90	1
100	1
