3	1
20
0	10
10	10
10	10
20	10
20	10
30	10
30	10
40	10
40	9.90087576837724
50	8.82782941590157
50	8.82782941590157
60	9.90087576837724
60	10
70	10
70	10
80	10
80	9.99999999999999
90	10
90	10
100	10
0	1.13817044914139e-14
10	-9.03465439923975e-16
10	3.35738814951012e-15
20	-1.62895499105862e-14
20	-6.21997819262365e-15
30	4.61381855895897e-14
30	4.61484033828276e-14
40	5.10055275998892e-14
40	4.20656641240389e-14
50	1.40684205468739e-14
50	1.65375490262595e-14
60	-6.72409756519663e-14
60	-5.84225388327491e-14
70	-4.33877962910565e-14
70	-4.581646571711e-14
80	-4.21278034610272e-14
80	-5.02547663134183e-14
90	-2.72685892177868e-14
90	-3.00999238280536e-14
100	2.6443333692996e-15
0	0
10	0
10	0
20	0
20	0
30	0
30	0
40	0
40	0.0991242316227591
50	1.17217058409842
50	1.17217058409842
60	0.0991242316227599
60	0
70	0
70	0
80	0
80	0
90	0
90	0
100	0
0	1.77635683940025e-17
10	1.77635683940025e-17
10	0
20	0
20	0
30	0
30	3.5527136788005e-17
40	3.5527136788005e-17
40	0.00211705466336166
50	0.00211705466336166
50	0.00105852733168085
60	0.00105852733168085
60	0
70	0
70	3.5527136788005e-17
80	3.5527136788005e-17
80	0
90	0
90	0
100	0
