3	1
80
0	9.99999999999999
2.5	9.99999999999999
2.5	9.99999999999999
5	9.99999999999999
5	9.99999999999999
7.5	9.99999999999999
7.5	9.99999999999999
10	9.99999999999999
10	9.99999999999999
12.5	9.99999999999999
12.5	9.99999999999999
15	9.99999999999999
15	9.99999999999999
17.5	9.99999999999999
17.5	9.99999999999999
20	9.99999999999999
20	9.99999999999999
22.5	9.99999999999999
22.5	9.99999999999999
25	9.99999999999999
25	9.99999999999999
27.5	9.99999999999999
27.5	9.99999999999999
30	9.99999999999999
30	9.99999999999999
32.5	9.99999999999999
32.5	9.99999999999999
35	9.99999999999999
35	9.99999999999999
37.5	9.99999999999999
37.5	9.99999999999999
40	9.99999999999999
40	9.99832642921533
42.5	9.61399735795612
42.5	9.61090500236781
45	9.28508654825611
45	9.28271976175486
47.5	9.06501483087753
47.5	9.06373393525317
50	8.98728612983617
50	8.98728612983618
52.5	9.06373393525317
52.5	9.06501483087753
55	9.28271976175485
55	9.28508654825611
57.5	9.61090500236781
57.5	9.61399735795612
60	9.99832642921533
60	9.99999999999999
62.5	9.99999999999999
62.5	9.99999999999999
65	9.99999999999999
65	9.99999999999999
67.5	9.99999999999999
67.5	9.99999999999999
70	9.99999999999999
70	9.99999999999999
72.5	9.99999999999999
72.5	9.99999999999999
75	9.99999999999999
75	9.99999999999999
77.5	9.99999999999999
77.5	9.99999999999999
80	9.99999999999999
80	9.99999999999999
82.5	9.99999999999999
82.5	9.99999999999999
85	9.99999999999999
85	9.99999999999999
87.5	9.99999999999999
87.5	9.99999999999999
90	9.99999999999999
90	9.99999999999999
92.5	9.99999999999999
92.5	9.99999999999999
95	9.99999999999999
95	9.99999999999999
97.5	9.99999999999999
97.5	9.99999999999999
100	9.99999999999999
0	-5.31729057186987e-14
2.5	-4.48791521137723e-14
2.5	-3.92355913614234e-14
5	-6.11156027267246e-14
5	-5.38425581014032e-14
7.5	-4.42651917592697e-14
7.5	-3.59973654600194e-14
10	-4.20981814045369e-14
10	-3.70051107867863e-14
12.5	-1.83166561726726e-14
12.5	-1.80174541871239e-14
15	-4.73091695841116e-14
15	-3.98806644827378e-14
17.5	9.76777700184623e-15
17.5	1.51756059885509e-14
20	6.24834275283764e-14
20	6.23895185638037e-14
22.5	1.1952858732538e-13
22.5	1.17729434637235e-13
25	7.5943418871085e-14
25	7.64738411832857e-14
27.5	1.00845992194544e-13
27.5	9.922947197441e-14
30	6.68990675717197e-14
30	7.21527841266578e-14
32.5	1.23104232148704e-13
32.5	1.204721884101e-13
35	1.40647630073972e-13
35	1.38383444001956e-13
37.5	1.72877021342529e-13
37.5	1.77199882853741e-13
40	1.17955104401769e-13
40	1.19069006944699e-13
42.5	1.82678090678118e-13
42.5	1.96121587122113e-13
45	1.01278953862115e-13
45	1.08421108020725e-13
47.5	-3.14391080388964e-14
47.5	-2.68906132649258e-14
50	-4.65453136802433e-14
50	-3.75251386580204e-14
52.5	-4.86889446845817e-14
52.5	-4.33974532664258e-14
55	-1.96633753495676e-14
55	-1.10460424841068e-14
57.5	-8.96823172062938e-14
57.5	-8.2010695420783e-14
60	-4.94608593370933e-14
60	-4.62573478376949e-14
62.5	-1.06060817790968e-13
62.5	-9.85416704777324e-14
65	-1.21685900779985e-13
65	-1.15958127963191e-13
67.5	-1.23210430743972e-13
67.5	-1.22132111027741e-13
70	-1.25417006079362e-13
70	-1.18158843815303e-13
72.5	-8.25850280500736e-14
72.5	-7.24687871818936e-14
75	-9.12634403912754e-14
75	-8.79798933839401e-14
77.5	-9.02388939948211e-14
77.5	-9.22129009592733e-14
80	-8.13907094804428e-14
80	-6.95731656635448e-14
82.5	-3.61573373750636e-14
82.5	-3.078772532473e-14
85	-2.82904002176372e-14
85	-2.33773693373292e-14
87.5	-5.35860844912176e-14
87.5	-4.33390657663799e-14
90	-3.30104277076646e-14
90	-2.48669491176552e-14
92.5	-4.89398981433653e-14
92.5	-4.09913416520615e-14
95	-6.11667833159335e-14
95	-4.8660089958072e-14
97.5	-7.32563571264226e-14
97.5	-6.6188605522077e-14
100	-5.66565602858747e-14
0	0
2.5	0
2.5	0
5	0
5	0
7.5	0
7.5	0
10	0
10	0
12.5	0
12.5	0
15	0
15	0
17.5	0
17.5	0
20	0
20	0
22.5	0
22.5	0
25	0
25	0
27.5	0
27.5	0
30	0
30	0
32.5	0
32.5	0
35	0
35	0
37.5	0
37.5	0
40	0
40	0.00167357078465807
42.5	0.386002642043867
42.5	0.389094997632177
45	0.714913451743877
45	0.717280238245133
47.5	0.934985169122461
47.5	0.936266064746819
50	1.01271387016381
50	1.01271387016381
52.5	0.936266064746819
52.5	0.934985169122461
55	0.717280238245133
55	0.714913451743878
57.5	0.389094997632177
57.5	0.386002642043867
60	0.00167357078465774
60	0
62.5	0
62.5	0
65	0
65	0
67.5	0
67.5	0
70	0
70	0
72.5	0
72.5	0
75	0
75	0
77.5	0
77.5	0
80	0
80	0
82.5	0
82.5	0
85	0
85	0
87.5	0
87.5	0
90	0
90	0
92.5	0
92.5	0
95	0
95	0
97.5	0
97.5	0
100	0
0	0
2.5	0
2.5	0
5	0
5	0
7.5	0
7.5	0
10	0
10	1.4210854715202e-16
12.5	1.4210854715202e-16
12.5	1.4210854715202e-16
15	1.4210854715202e-16
15	0
17.5	0
17.5	0
20	0
20	0
22.5	0
22.5	0
25	0
25	0
27.5	0
27.5	0
30	0
30	0
32.5	0
32.5	1.4210854715202e-16
35	1.4210854715202e-16
35	0
37.5	0
37.5	1.4210854715202e-16
40	1.4210854715202e-16
40	0.000136532176631134
42.5	0.000136532176631134
42.5	0.000261842249878225
45	0.000261842249878225
45	4.73471368975835e-05
47.5	4.73471368975835e-05
47.5	0
50	0
50	0.0001135355781326
52.5	0.0001135355781326
52.5	0.000206393785722707
55	0.000206393785722707
55	0.000261842249878225
57.5	0.000261842249878225
57.5	0.000136532176630845
60	0.000136532176630845
60	0
62.5	0
62.5	0
65	0
65	1.4210854715202e-16
67.5	1.4210854715202e-16
67.5	0
70	0
70	0
72.5	0
72.5	1.4210854715202e-16
75	1.4210854715202e-16
75	1.4210854715202e-16
77.5	1.4210854715202e-16
77.5	0
80	0
80	1.4210854715202e-16
82.5	1.4210854715202e-16
82.5	0
85	0
85	0
87.5	0
87.5	0
90	0
90	0
92.5	0
92.5	1.4210854715202e-16
95	1.4210854715202e-16
95	2.8421709430404e-16
97.5	2.8421709430404e-16
97.5	1.4210854715202e-16
100	1.4210854715202e-16
