3	1
40
0	9.99999999999999
5	9.99999999999999
5	9.99999999999999
10	9.99999999999999
10	9.99999999999999
15	9.99999999999999
15	9.99999999999999
20	9.99999999999999
20	9.99999999999999
25	9.99999999999999
25	9.99999999999999
30	9.99999999999999
30	9.99999999999999
35	9.99999999999999
35	9.99999999999999
40	9.99999999999999
40	9.9868165986221
45	9.26740394601818
45	9.24875980099136
50	8.95076932334002
50	8.95076932334002
55	9.24875980099136
55	9.26740394601818
60	9.98681659862211
60	9.99999999999999
65	9.99999999999999
65	9.99999999999999
70	9.99999999999999
70	9.99999999999999
75	9.99999999999999
75	9.99999999999999
80	9.99999999999999
80	9.99999999999999
85	9.99999999999999
85	9.99999999999999
90	9.99999999999999
90	9.99999999999999
95	9.99999999999999
95	9.99999999999999
100	9.99999999999999
0	1.35347918390961e-14
5	-1.54913237117181e-14
5	-1.56791416408635e-14
10	-2.77920500264606e-14
10	-1.70825906483194e-14
15	1.5773050605436e-14
15	2.26503915500685e-14
20	3.84347724319875e-14
20	3.39896529981883e-14
25	1.01401667790278e-13
25	1.04949466599501e-13
30	9.82346903004811e-14
30	9.48773021509708e-14
35	8.51781808301637e-14
35	8.75837947684024e-14
40	-3.85094570808194e-14
40	-4.02386397412901e-14
45	5.2934591526488e-15
45	4.66530625877943e-15
50	1.1748335372807e-14
50	2.57563793621776e-14
55	5.71478536227006e-14
55	5.75790939639391e-14
60	1.15446269985168e-14
60	6.92784751169902e-15
65	-8.28511985603862e-14
65	-7.62147748425334e-14
70	-7.38042545304534e-14
70	-6.70486685644945e-14
75	-5.56294211588523e-14
75	-5.48451179670345e-14
80	-4.7901040049788e-14
80	-3.86896126658174e-14
85	-2.98842598848062e-14
85	-2.467913118851e-14
90	-1.93127858908856e-15
90	-9.79225290523499e-16
95	2.89147314944108e-14
95	3.34061313883541e-14
100	7.8721226185613e-15
0	0
5	0
5	0
10	0
10	0
15	0
15	0
20	0
20	0
25	0
25	0
30	0
30	0
35	0
35	0
40	0
40	0.0131834013778879
45	0.732596053981812
45	0.75124019900863
50	1.04923067665998
50	1.04923067665998
55	0.75124019900863
55	0.732596053981813
60	0.0131834013778874
60	0
65	0
65	0
70	0
70	0
75	0
75	0
80	0
80	0
85	0
85	0
90	0
90	0
95	0
95	0
100	0
0	0
5	0
5	3.55271367880051e-17
10	3.55271367880051e-17
10	0
15	0
15	0
20	0
20	0
25	0
25	0
30	0
30	0
35	0
35	0.000263668027557778
40	0.000263668027557778
40	0
45	0
45	0.000819544061802853
50	0.000819544061802853
50	0
55	0
55	0.000774651769822194
60	0.000774651769822194
60	0.000263668027557742
65	0.000263668027557742
65	0
70	0
70	7.10542735760101e-17
75	7.10542735760101e-17
75	7.10542735760101e-17
80	7.10542735760101e-17
80	0
85	0
85	0
90	0
90	0
95	0
95	7.10542735760101e-17
100	7.10542735760101e-17
