3	1
160
0	9.99999999999996
1.25	9.99999999999996
1.25	9.99999999999996
2.5	9.99999999999995
2.5	9.99999999999995
3.75	9.99999999999996
3.75	9.99999999999996
5	9.99999999999996
5	9.99999999999996
6.25	9.99999999999996
6.25	9.99999999999996
7.5	9.99999999999996
7.5	9.99999999999996
8.75	9.99999999999996
8.75	9.99999999999996
10	9.99999999999996
10	9.99999999999996
11.25	9.99999999999996
11.25	9.99999999999996
12.5	9.99999999999996
12.5	9.99999999999996
13.75	9.99999999999996
13.75	9.99999999999996
15	9.99999999999996
15	9.99999999999996
16.25	9.99999999999996
16.25	9.99999999999996
17.5	9.99999999999996
17.5	9.99999999999996
18.75	9.99999999999996
18.75	9.99999999999996
20	9.99999999999996
20	9.99999999999996
21.25	9.99999999999996
21.25	9.99999999999996
22.5	9.99999999999996
22.5	9.99999999999996
23.75	9.99999999999996
23.75	9.99999999999996
25	9.99999999999996
25	9.99999999999996
26.25	9.99999999999996
26.25	9.99999999999996
27.5	9.99999999999996
27.5	9.99999999999996
28.75	9.99999999999997
28.75	9.99999999999996
30	9.99999999999997
30	9.99999999999997
31.25	9.99999999999997
31.25	9.99999999999997
32.5	9.99999999999997
32.5	9.99999999999997
33.75	9.99999999999997
33.75	9.99999999999997
35	9.99999999999996
35	9.99999999999996
36.25	9.99999999999996
36.25	9.99999999999996
37.5	9.99999999999996
37.5	9.99999999999996
38.75	9.99999999999996
38.75	9.99999999999996
40	9.99999999999996
40	9.99978999529877
41.25	9.80449054547034
41.25	9.80407860643084
42.5	9.61628440493412
42.5	9.61589636684379
43.75	9.44282423952611
43.75	9.44247501447114
45	9.29077602612533
45	9.29047903462874
46.25	9.16598289230317
46.25	9.16574954758161
47.5	9.07324056820761
47.5	9.07307983756788
48.75	9.01611308934316
48.75	9.01603114957359
50	8.99679583268511
50	8.99679583268511
51.25	9.01603114957359
51.25	9.01611308934315
52.5	9.07307983756787
52.5	9.07324056820761
53.75	9.16574954758161
53.75	9.16598289230316
55	9.29047903462873
55	9.29077602612533
56.25	9.44247501447113
56.25	9.4428242395261
57.5	9.61589636684378
57.5	9.61628440493411
58.75	9.80407860643083
58.75	9.80449054547033
60	9.99978999529876
60	9.99999999999996
61.25	9.99999999999996
61.25	9.99999999999996
62.5	9.99999999999996
62.5	9.99999999999996
63.75	9.99999999999996
63.75	9.99999999999996
65	9.99999999999996
65	9.99999999999996
66.25	9.99999999999996
66.25	9.99999999999996
67.5	9.99999999999996
67.5	9.99999999999996
68.75	9.99999999999996
68.75	9.99999999999996
70	9.99999999999996
70	9.99999999999996
71.25	9.99999999999996
71.25	9.99999999999996
72.5	9.99999999999997
72.5	9.99999999999997
73.75	9.99999999999996
73.75	9.99999999999996
75	9.99999999999996
75	9.99999999999996
76.25	9.99999999999996
76.25	9.99999999999996
77.5	9.99999999999996
77.5	9.99999999999996
78.75	9.99999999999996
78.75	9.99999999999996
80	9.99999999999996
80	9.99999999999996
81.25	9.99999999999996
81.25	9.99999999999996
82.5	9.99999999999996
82.5	9.99999999999996
83.75	9.99999999999996
83.75	9.99999999999996
85	9.99999999999996
85	9.99999999999996
86.25	9.99999999999996
86.25	9.99999999999996
87.5	9.99999999999996
87.5	9.99999999999996
88.75	9.99999999999996
88.75	9.99999999999996
90	9.99999999999996
90	9.99999999999996
91.25	9.99999999999995
91.25	9.99999999999995
92.5	9.99999999999995
92.5	9.99999999999995
93.75	9.99999999999995
93.75	9.99999999999995
95	9.99999999999995
95	9.99999999999995
96.25	9.99999999999996
96.25	9.99999999999996
97.5	9.99999999999996
97.5	9.99999999999996
98.75	9.99999999999996
98.75	9.99999999999996
100	9.99999999999996
0	7.88933843733608e-14
1.25	1.29168853223265e-13
1.25	1.21052546625218e-13
2.5	8.74164395965036e-14
2.5	7.98182656799592e-14
3.75	1.11752292379821e-13
3.75	1.06922125519678e-13
5	1.42304285938903e-13
5	1.47670631236532e-13
6.25	1.90042190678931e-13
6.25	1.87863564715637e-13
7.5	2.47426014084146e-13
7.5	2.45806901133444e-13
8.75	2.05919806503285e-13
8.75	1.95815181243672e-13
10	2.11099681916045e-13
10	2.09339420186408e-13
11.25	2.72880996250632e-13
11.25	2.6332177902247e-13
12.5	2.49223922085999e-13
12.5	2.48563292581285e-13
13.75	2.9782054182417e-13
13.75	3.0304055288173e-13
15	3.5263195429383e-13
15	3.47379585783173e-13
16.25	3.23971103679036e-13
16.25	3.17959685260096e-13
17.5	3.41717875916851e-13
17.5	3.35421463851487e-13
18.75	3.91642184811874e-13
18.75	3.88951856314502e-13
20	4.55369089432661e-13
20	4.52133456261825e-13
21.25	4.31344054243454e-13
21.25	4.25583923973564e-13
22.5	3.49980516754965e-13
22.5	3.44940545434849e-13
23.75	2.95704038036502e-13
23.75	2.89844139318766e-13
25	3.25301385566454e-13
25	3.1912154301863e-13
26.25	3.23147338864556e-13
26.25	3.16718800898251e-13
27.5	2.43418367352188e-13
27.5	2.42582883571164e-13
28.75	3.04103990236695e-13
28.75	3.1436397261437e-13
30	2.46990745422805e-13
30	2.56206787603759e-13
31.25	2.67043187421706e-13
31.25	2.64548455045183e-13
32.5	2.64304945087836e-13
32.5	2.6174414976084e-13
33.75	2.08041495752082e-13
33.75	2.15191540712437e-13
35	2.54702999484306e-13
35	2.62513570591392e-13
36.25	3.06719129547617e-13
36.25	3.12874392834045e-13
37.5	3.44474267364692e-13
37.5	3.4974602967561e-13
38.75	3.75423883312893e-13
38.75	3.80226534404823e-13
40	2.63881349173326e-13
40	2.65828827488913e-13
41.25	2.29941160856662e-13
41.25	2.25329639512938e-13
42.5	2.2545016125271e-13
42.5	2.25879900875251e-13
43.75	9.96729319303803e-14
43.75	1.1324815773433e-13
45	3.91069997984359e-14
45	4.4592820677728e-14
46.25	1.08529245703449e-13
46.25	1.07921335481887e-13
47.5	1.03867540592548e-13
47.5	1.12057773615312e-13
48.75	1.18132930789341e-13
48.75	1.21123211140833e-13
50	-4.72831785725958e-16
50	-5.04016572510217e-15
51.25	8.45038473267188e-15
51.25	7.33761029671071e-15
52.5	-3.96196097438092e-14
52.5	-4.80802954310986e-14
53.75	-1.13838335246857e-14
53.75	-7.03396225523515e-15
55	-1.10264233593176e-13
55	-1.07223222031811e-13
56.25	-3.07136159543024e-13
56.25	-2.98044471096682e-13
57.5	-2.48799344482138e-13
57.5	-2.50923062859938e-13
58.75	-2.59540366469432e-13
58.75	-2.64100686504474e-13
60	-2.84367300832625e-13
60	-2.9002417905621e-13
61.25	-2.91462007583178e-13
61.25	-3.01609257860172e-13
62.5	-2.75066259077321e-13
62.5	-2.80686485254567e-13
63.75	-1.98513287932742e-13
63.75	-1.8535068322514e-13
65	-1.13358441677683e-13
65	-1.13521680345432e-13
66.25	-1.79457079010029e-13
66.25	-1.90112091046257e-13
67.5	-1.45875419323226e-13
67.5	-1.5220159611112e-13
68.75	-1.40497355059052e-13
68.75	-1.459893961102e-13
70	-1.89876359280612e-13
70	-1.95522512763529e-13
71.25	-2.97782998909936e-13
71.25	-2.97183350252545e-13
72.5	-3.92796264378708e-13
72.5	-3.79851138964795e-13
73.75	-3.80094648922143e-13
73.75	-3.79573923510074e-13
75	-4.60187537326258e-13
75	-4.7002656273971e-13
76.25	-4.23784771285418e-13
76.25	-4.32768919117585e-13
77.5	-4.1498709333812e-13
77.5	-4.11308516672231e-13
78.75	-3.8237439137756e-13
78.75	-3.7834994357591e-13
80	-3.83170984200074e-13
80	-3.88836531483254e-13
81.25	-4.45456326235023e-13
81.25	-4.43657173546879e-13
82.5	-3.77068820211283e-13
82.5	-3.82825113064316e-13
83.75	-3.56276928820331e-13
83.75	-3.69066593758195e-13
85	-3.15967529181671e-13
85	-3.21958205756073e-13
86.25	-2.73703619736805e-13
86.25	-2.76879620104594e-13
87.5	-2.30443477215747e-13
87.5	-2.32446004216442e-13
88.75	-1.76733045015288e-13
88.75	-1.81244512731632e-13
90	-1.21604281446107e-13
90	-1.22487679063631e-13
91.25	-1.55867209124176e-13
91.25	-1.65588420333797e-13
92.5	-1.83559205370713e-13
92.5	-1.85968377638519e-13
93.75	-1.33234784713988e-13
93.75	-1.41186504600009e-13
95	-7.71784437496563e-14
95	-7.65748543174213e-14
96.25	-4.44647286549597e-14
96.25	-4.14246916049702e-14
97.5	2.698106689073e-15
97.5	-5.60601783811863e-15
98.75	8.87535650632932e-15
98.75	1.31239204650652e-14
100	7.20412967122633e-14
0	0
1.25	0
1.25	0
2.5	0
2.5	0
3.75	0
3.75	0
5	0
5	0
6.25	0
6.25	0
7.5	0
7.5	0
8.75	0
8.75	0
10	0
10	0
11.25	0
11.25	0
12.5	0
12.5	0
13.75	0
13.75	0
15	0
15	0
16.25	0
16.25	0
17.5	0
17.5	0
18.75	0
18.75	0
20	0
20	0
21.25	0
21.25	0
22.5	0
22.5	0
23.75	0
23.75	0
25	0
25	0
26.25	0
26.25	0
27.5	0
27.5	0
28.75	0
28.75	0
30	0
30	0
31.25	0
31.25	0
32.5	0
32.5	0
33.75	0
33.75	0
35	0
35	0
36.25	0
36.25	0
37.5	0
37.5	0
38.75	0
38.75	0
40	0
40	0.000210004701197419
41.25	0.195509454529625
41.25	0.195921393569124
42.5	0.38371559506584
42.5	0.384103633156174
43.75	0.557175760473859
43.75	0.557524985528831
45	0.709223973874634
45	0.709520965371229
46.25	0.834017107696793
46.25	0.834250452418352
47.5	0.926759431792348
47.5	0.926920162432081
48.75	0.983886910656799
48.75	0.983968850426362
50	1.00320416731485
50	1.00320416731485
51.25	0.983968850426362
51.25	0.983886910656799
52.5	0.926920162432081
52.5	0.926759431792348
53.75	0.834250452418352
53.75	0.834017107696794
55	0.709520965371229
55	0.709223973874634
56.25	0.557524985528831
56.25	0.55717576047386
57.5	0.384103633156174
57.5	0.38371559506584
58.75	0.195921393569124
58.75	0.195509454529626
60	0.000210004701196809
60	0
61.25	0
61.25	0
62.5	0
62.5	0
63.75	0
63.75	0
65	0
65	0
66.25	0
66.25	0
67.5	0
67.5	0
68.75	0
68.75	0
70	0
70	0
71.25	0
71.25	0
72.5	0
72.5	0
73.75	0
73.75	0
75	0
75	0
76.25	0
76.25	0
77.5	0
77.5	0
78.75	0
78.75	0
80	0
80	0
81.25	0
81.25	0
82.5	0
82.5	0
83.75	0
83.75	0
85	0
85	0
86.25	0
86.25	0
87.5	0
87.5	0
88.75	0
88.75	0
90	0
90	0
91.25	0
91.25	0
92.5	0
92.5	0
93.75	0
93.75	0
95	0
95	0
96.25	0
96.25	0
97.5	0
97.5	0
98.75	0
98.75	0
100	0
0	5.68434188608083e-16
1.25	5.68434188608083e-16
1.25	0
2.5	0
2.5	2.84217094304041e-16
3.75	2.84217094304041e-16
3.75	2.84217094304041e-16
5	2.84217094304041e-16
5	0
6.25	0
6.25	0
7.5	0
7.5	2.84217094304041e-16
8.75	2.84217094304041e-16
8.75	0
10	0
10	2.84217094304041e-16
11.25	2.84217094304041e-16
11.25	2.84217094304041e-16
12.5	2.84217094304041e-16
12.5	0
13.75	0
13.75	0
15	0
15	0
16.25	0
16.25	0
17.5	0
17.5	0
18.75	0
18.75	0
20	0
20	0
21.25	0
21.25	0
22.5	0
22.5	0
23.75	0
23.75	0
25	0
25	0
26.25	0
26.25	2.84217094304041e-16
27.5	2.84217094304041e-16
27.5	0
28.75	0
28.75	2.84217094304041e-16
30	2.84217094304041e-16
30	0
31.25	0
31.25	0
32.5	0
32.5	0
33.75	0
33.75	0
35	0
35	0
36.25	0
36.25	2.84217094304041e-16
37.5	2.84217094304041e-16
37.5	2.84217094304041e-16
38.75	2.84217094304041e-16
38.75	0
40	0
40	3.39328178292757e-05
41.25	3.39328178292757e-05
41.25	6.78774606648129e-05
42.5	6.78774606648129e-05
42.5	6.51524262679277e-05
43.75	6.51524262679277e-05
43.75	5.96543639696282e-05
45	5.96543639696282e-05
45	5.14926854815558e-05
46.25	5.14926854815558e-05
46.25	4.09399371480627e-05
47.5	4.09399371480627e-05
47.5	2.84334436159409e-05
48.75	2.84334436159409e-05
48.75	7.27834844780641e-06
50	7.27834844780641e-06
50	0
51.25	0
51.25	6.96909988099324e-06
52.5	6.96909988099324e-06
52.5	4.09399371480627e-05
53.75	4.09399371480627e-05
53.75	5.14926854815558e-05
55	5.14926854815558e-05
55	5.96543639693248e-05
56.25	5.96543639693248e-05
56.25	6.5152426268226e-05
57.5	6.5152426268226e-05
57.5	6.78774606645202e-05
58.75	6.78774606645202e-05
58.75	3.39328178289887e-05
60	3.39328178289887e-05
60	2.84217094304041e-16
61.25	2.84217094304041e-16
61.25	0
62.5	0
62.5	0
63.75	0
63.75	0
65	0
65	0
66.25	0
66.25	0
67.5	0
67.5	0
68.75	0
68.75	0
70	0
70	2.84217094304041e-16
71.25	2.84217094304041e-16
71.25	0
72.5	0
72.5	0
73.75	0
73.75	0
75	0
75	0
76.25	0
76.25	2.84217094304041e-16
77.5	2.84217094304041e-16
77.5	0
78.75	0
78.75	0
80	0
80	5.68434188608083e-16
81.25	5.68434188608083e-16
81.25	2.84217094304041e-16
82.5	2.84217094304041e-16
82.5	0
83.75	0
83.75	0
85	0
85	5.68434188608082e-16
86.25	5.68434188608082e-16
86.25	2.84217094304041e-16
87.5	2.84217094304041e-16
87.5	2.84217094304041e-16
88.75	2.84217094304041e-16
88.75	2.84217094304041e-16
90	2.84217094304041e-16
90	0
91.25	0
91.25	2.84217094304041e-16
92.5	2.84217094304041e-16
92.5	2.84217094304041e-16
93.75	2.84217094304041e-16
93.75	0
95	0
95	5.68434188608083e-16
96.25	5.68434188608083e-16
96.25	0
97.5	0
97.5	0
98.75	0
98.75	2.84217094304041e-16
100	2.84217094304041e-16
