3	1
320
0	9.9999999999999
0.625	9.9999999999999
0.625	9.9999999999999
1.25	9.9999999999999
1.25	9.9999999999999
1.875	9.9999999999999
1.875	9.9999999999999
2.5	9.9999999999999
2.5	9.9999999999999
3.125	9.9999999999999
3.125	9.9999999999999
3.75	9.9999999999999
3.75	9.9999999999999
4.375	9.9999999999999
4.375	9.9999999999999
5	9.9999999999999
5	9.9999999999999
5.625	9.9999999999999
5.625	9.9999999999999
6.25	9.9999999999999
6.25	9.9999999999999
6.875	9.9999999999999
6.875	9.9999999999999
7.5	9.9999999999999
7.5	9.9999999999999
8.125	9.9999999999999
8.125	9.9999999999999
8.75	9.9999999999999
8.75	9.9999999999999
9.375	9.99999999999991
9.375	9.9999999999999
10	9.99999999999991
10	9.99999999999991
10.625	9.99999999999991
10.625	9.99999999999991
11.25	9.99999999999991
11.25	9.99999999999991
11.875	9.99999999999991
11.875	9.99999999999991
12.5	9.99999999999991
12.5	9.99999999999991
13.125	9.99999999999991
13.125	9.99999999999991
13.75	9.99999999999991
13.75	9.99999999999991
14.375	9.99999999999991
14.375	9.99999999999991
15	9.99999999999991
15	9.99999999999991
15.625	9.99999999999991
15.625	9.99999999999991
16.25	9.99999999999991
16.25	9.99999999999992
16.875	9.99999999999992
16.875	9.99999999999992
17.5	9.99999999999992
17.5	9.99999999999991
18.125	9.99999999999991
18.125	9.99999999999992
18.75	9.99999999999992
18.75	9.99999999999992
19.375	9.99999999999993
19.375	9.99999999999993
20	9.99999999999992
20	9.99999999999993
20.625	9.99999999999993
20.625	9.99999999999993
21.25	9.99999999999993
21.25	9.99999999999993
21.875	9.99999999999993
21.875	9.99999999999993
22.5	9.99999999999993
22.5	9.99999999999993
23.125	9.99999999999993
23.125	9.99999999999993
23.75	9.99999999999993
23.75	9.99999999999993
24.375	9.99999999999993
24.375	9.99999999999993
25	9.99999999999993
25	9.99999999999993
25.625	9.99999999999993
25.625	9.99999999999993
26.25	9.99999999999993
26.25	9.99999999999993
26.875	9.99999999999993
26.875	9.99999999999993
27.5	9.99999999999992
27.5	9.99999999999993
28.125	9.99999999999992
28.125	9.99999999999993
28.75	9.99999999999993
28.75	9.99999999999993
29.375	9.99999999999993
29.375	9.99999999999993
30	9.99999999999994
30	9.99999999999994
30.625	9.99999999999994
30.625	9.99999999999994
31.25	9.99999999999994
31.25	9.99999999999994
31.875	9.99999999999994
31.875	9.99999999999994
32.5	9.99999999999994
32.5	9.99999999999994
33.125	9.99999999999994
33.125	9.99999999999994
33.75	9.99999999999994
33.75	9.99999999999994
34.375	9.99999999999994
34.375	9.99999999999994
35	9.99999999999994
35	9.99999999999994
35.625	9.99999999999994
35.625	9.99999999999994
36.25	9.99999999999994
36.25	9.99999999999994
36.875	9.99999999999994
36.875	9.99999999999994
37.5	9.99999999999994
37.5	9.99999999999994
38.125	9.99999999999994
38.125	9.99999999999994
38.75	9.99999999999994
38.75	9.99999999999994
39.375	9.99999999999993
39.375	9.99999999999994
40	9.99999999999993
40	9.99997372409684
40.625	9.90193033529843
40.625	9.90187803654356
41.25	9.80477885917525
41.25	9.80472731713728
41.875	9.70950746935693
41.875	9.70945718041388
42.5	9.61703368140808
42.5	9.61698512986995
43.125	9.52824806845795
43.125	9.5282017219026
43.75	9.44400568449441
43.75	9.4439619892645
44.375	9.3651178297266
44.375	9.36507720663108
45	9.29234423732042
45	9.2923070775819
45.625	9.22638575675282
45.625	9.22635241823991
46.25	9.16787760424828
46.25	9.16784840802907
46.875	9.11738324529918
46.875	9.11735847254923
47.5	9.07538896818525
47.5	9.07536885747968
48.125	9.0422992007515
48.125	9.0422839457674
48.75	9.01843261554702
48.75	9.01842236319823
49.375	9.00401906083413
49.375	9.00401390985637
50	8.99919734702398
50	8.99919734702398
50.625	9.00401390985637
50.625	9.00401906083413
51.25	9.01842236319822
51.25	9.01843261554702
51.875	9.04228394576739
51.875	9.04229920075149
52.5	9.07536885747967
52.5	9.07538896818524
53.125	9.11735847254922
53.125	9.11738324529917
53.75	9.16784840802905
53.75	9.16787760424826
54.375	9.2263524182399
54.375	9.22638575675282
55	9.29230707758189
55	9.2923442373204
55.625	9.36507720663106
55.625	9.36511782972658
56.25	9.44396198926448
56.25	9.4440056844944
56.875	9.52820172190258
56.875	9.52824806845793
57.5	9.61698512986993
57.5	9.61703368140806
58.125	9.70945718041386
58.125	9.70950746935691
58.75	9.80472731713726
58.75	9.80477885917523
59.375	9.90187803654354
59.375	9.90193033529842
60	9.99997372409683
60	9.99999999999992
60.625	9.99999999999992
60.625	9.99999999999992
61.25	9.99999999999992
61.25	9.99999999999992
61.875	9.99999999999992
61.875	9.99999999999992
62.5	9.99999999999992
62.5	9.99999999999992
63.125	9.99999999999992
63.125	9.99999999999992
63.75	9.99999999999993
63.75	9.99999999999993
64.375	9.99999999999993
64.375	9.99999999999993
65	9.99999999999993
65	9.99999999999993
65.625	9.99999999999993
65.625	9.99999999999993
66.25	9.99999999999993
66.25	9.99999999999993
66.875	9.99999999999992
66.875	9.99999999999992
67.5	9.99999999999992
67.5	9.99999999999993
68.125	9.99999999999993
68.125	9.99999999999993
68.75	9.99999999999992
68.75	9.99999999999992
69.375	9.99999999999992
69.375	9.99999999999992
70	9.99999999999993
70	9.99999999999992
70.625	9.99999999999993
70.625	9.99999999999992
71.25	9.99999999999992
71.25	9.99999999999992
71.875	9.99999999999992
71.875	9.99999999999992
72.5	9.99999999999992
72.5	9.99999999999992
73.125	9.99999999999992
73.125	9.99999999999992
73.75	9.99999999999992
73.75	9.99999999999992
74.375	9.99999999999992
74.375	9.99999999999992
75	9.99999999999992
75	9.99999999999991
75.625	9.99999999999991
75.625	9.99999999999992
76.25	9.99999999999991
76.25	9.99999999999991
76.875	9.99999999999991
76.875	9.99999999999991
77.5	9.99999999999991
77.5	9.99999999999991
78.125	9.99999999999991
78.125	9.99999999999991
78.75	9.99999999999991
78.75	9.99999999999991
79.375	9.99999999999991
79.375	9.99999999999991
80	9.99999999999991
80	9.99999999999991
80.625	9.99999999999991
80.625	9.99999999999991
81.25	9.99999999999991
81.25	9.99999999999991
81.875	9.9999999999999
81.875	9.99999999999991
82.5	9.9999999999999
82.5	9.9999999999999
83.125	9.99999999999991
83.125	9.99999999999991
83.75	9.9999999999999
83.75	9.99999999999991
84.375	9.9999999999999
84.375	9.9999999999999
85	9.9999999999999
85	9.9999999999999
85.625	9.9999999999999
85.625	9.9999999999999
86.25	9.9999999999999
86.25	9.9999999999999
86.875	9.9999999999999
86.875	9.99999999999991
87.5	9.9999999999999
87.5	9.9999999999999
88.125	9.99999999999989
88.125	9.9999999999999
88.75	9.9999999999999
88.75	9.9999999999999
89.375	9.9999999999999
89.375	9.9999999999999
90	9.9999999999999
90	9.99999999999989
90.625	9.9999999999999
90.625	9.9999999999999
91.25	9.9999999999999
91.25	9.9999999999999
91.875	9.99999999999989
91.875	9.9999999999999
92.5	9.9999999999999
92.5	9.9999999999999
93.125	9.99999999999991
93.125	9.99999999999991
93.75	9.99999999999991
93.75	9.99999999999991
94.375	9.99999999999991
94.375	9.99999999999991
95	9.99999999999991
95	9.99999999999991
95.625	9.99999999999991
95.625	9.99999999999991
96.25	9.9999999999999
96.25	9.9999999999999
96.875	9.9999999999999
96.875	9.9999999999999
97.5	9.9999999999999
97.5	9.9999999999999
98.125	9.9999999999999
98.125	9.9999999999999
98.75	9.9999999999999
98.75	9.9999999999999
99.375	9.9999999999999
99.375	9.9999999999999
100	9.9999999999999
0	-1.56724782793966e-13
0.625	-1.60082067585618e-13
0.625	-1.55263723049849e-13
1.25	-1.5041385231587e-13
1.25	-1.52139370577575e-13
1.875	-2.16116318661059e-13
1.875	-2.22302487998482e-13
2.5	-1.66408451089247e-13
2.5	-1.71910759704773e-13
3.125	-1.1959138352318e-13
3.125	-1.27876114250031e-13
3.75	-6.77849545619398e-14
3.75	-6.44897919459803e-14
4.375	-2.09856138943276e-15
4.375	-6.37398287455486e-16
5	6.57022596294666e-14
5	5.62051645769797e-14
5.625	6.69301803384896e-14
5.625	6.12256387389271e-14
6.25	1.07700569228329e-13
6.25	1.08322411132393e-13
6.875	1.2420780514848e-13
6.875	1.27347610646283e-13
7.5	1.50196476379873e-13
7.5	1.53895794890331e-13
8.125	1.77180032643052e-13
8.125	1.86972388906326e-13
8.75	2.09479220921109e-13
8.75	2.02935358123634e-13
9.375	2.26685873946544e-13
9.375	2.26934569365027e-13
10	2.69834425695353e-13
10	2.79564659782933e-13
10.625	3.16029754715213e-13
10.625	3.11102412137873e-13
11.25	3.59877826927164e-13
11.25	3.57111064557087e-13
11.875	3.23319600410277e-13
11.875	3.18314579273856e-13
12.5	2.83528333453117e-13
12.5	2.80264180246075e-13
13.125	3.32770026312599e-13
13.125	3.29661333581572e-13
13.75	3.9077818099465e-13
13.75	3.82120613855791e-13
14.375	4.03477100362771e-13
14.375	4.01813910992475e-13
15	4.40610602991419e-13
15	4.47372048440602e-13
15.625	4.88251228656295e-13
15.625	4.93147355109003e-13
16.25	5.61103429888201e-13
16.25	5.67243033433318e-13
16.875	5.67243240149034e-13
16.875	5.66590285478197e-13
17.5	5.89408245160729e-13
17.5	5.94319927996822e-13
18.125	6.48379965392073e-13
18.125	6.48271174066219e-13
18.75	5.80501569171952e-13
18.75	5.81200986277237e-13
19.375	6.41634179684136e-13
19.375	6.58763050792636e-13
20	6.69798987506178e-13
20	6.63503820127188e-13
20.625	6.44540742788988e-13
20.625	6.4104345054685e-13
21.25	6.16671299535591e-13
21.25	6.28577773571678e-13
21.875	6.75208061179238e-13
21.875	6.77663902597287e-13
22.5	6.97279727890609e-13
22.5	6.96704451778848e-13
23.125	6.33100856896663e-13
23.125	6.41727414626604e-13
23.75	5.62145087428007e-13
23.75	5.5738876171007e-13
24.375	3.99653434143069e-13
24.375	4.01052475069354e-13
25	4.51475419487697e-13
25	4.54739572694741e-13
25.625	4.41589828281957e-13
25.625	4.4825793543082e-13
26.25	4.53511651985721e-13
26.25	4.60661593588158e-13
26.875	4.98587748264557e-13
26.875	4.96893652843204e-13
27.5	5.51979377963442e-13
27.5	5.50704891462114e-13
28.125	5.97304273018615e-13
28.125	5.90231906617401e-13
28.75	5.39031763176835e-13
28.75	5.36327122982445e-13
29.375	4.87023204589413e-13
29.375	4.96209378689868e-13
30	5.28944042344916e-13
30	5.4142537906133e-13
30.625	5.70460724205918e-13
30.625	5.66279467884023e-13
31.25	5.95843109916634e-13
31.25	5.97381848219831e-13
31.875	6.59400345722231e-13
31.875	6.53431655678659e-13
32.5	6.13080979066705e-13
32.5	6.11573043456709e-13
33.125	6.39675625745202e-13
33.125	6.39546195932688e-13
33.75	6.46183190314772e-13
33.75	6.42818127331428e-13
34.375	5.96208374852668e-13
34.375	5.99231610832926e-13
35	5.6516033850086e-13
35	5.66155120174788e-13
35.625	5.90775966604529e-13
35.625	5.92019443696938e-13
36.25	6.04702910039532e-13
36.25	6.06443777968906e-13
36.875	5.48497745462547e-13
36.875	5.49181606184444e-13
37.5	5.62549139964652e-13
37.5	5.66186232941557e-13
38.125	6.01936147669449e-13
38.125	5.91428817917503e-13
38.75	5.99324845775384e-13
38.75	5.94755196658095e-13
39.375	6.52110500027166e-13
39.375	6.46736896869151e-13
40	6.24519436902903e-13
40	6.3455627194823e-13
40.625	6.86586979676944e-13
40.625	6.86484149064784e-13
41.25	6.55762862024217e-13
41.25	6.48832391701659e-13
41.875	5.80203402514601e-13
41.875	5.8782290778874e-13
42.5	5.49631489017721e-13
42.5	5.45053761486918e-13
43.125	4.17928627257615e-13
43.125	4.22836297113109e-13
43.75	4.44876861298941e-13
43.75	4.49602042617492e-13
44.375	3.24530502152593e-13
44.375	3.33335201681666e-13
45	3.69421913416544e-13
45	3.65701333890631e-13
45.625	3.80890362722582e-13
45.625	3.75918814528282e-13
46.25	3.74440986571762e-13
46.25	3.76073177141225e-13
46.875	3.23444819601248e-13
46.875	3.22134352174099e-13
47.5	3.24213187840223e-13
47.5	3.25185244048453e-13
48.125	1.93975240741961e-13
48.125	1.90220038852929e-13
48.75	1.92614614173296e-13
48.75	1.85280863371545e-13
49.375	2.36806452733995e-13
49.375	2.38878212121054e-13
50	1.4051305026355e-13
50	1.33273273552717e-13
50.625	1.38992879609227e-13
50.625	1.32624749355354e-13
51.25	1.80259914539498e-13
51.25	1.80538379807673e-13
51.875	2.33638193225487e-13
51.875	2.34289988750358e-13
52.5	2.47009186145499e-13
52.5	2.37164513150661e-13
53.125	2.9658644061265e-13
53.125	2.83968244402978e-13
53.75	2.1322893236474e-13
53.75	2.08164114854863e-13
54.375	1.23763425524571e-13
54.375	1.23650608553044e-13
55	1.80435306187931e-13
55	1.81537538034756e-13
55.625	9.67762734516931e-14
55.625	1.03947086897161e-13
56.25	2.30997159789332e-14
56.25	2.70647264947524e-14
56.875	-1.30367966839334e-13
56.875	-1.30569527971246e-13
57.5	-1.29615131403063e-13
57.5	-1.30544060649747e-13
58.125	-2.78011548281869e-13
58.125	-2.84572583379868e-13
58.75	-2.53094076801958e-13
58.75	-2.58953341188863e-13
59.375	-2.50462206498609e-13
59.375	-2.51505639733664e-13
60	-2.23888009621421e-13
60	-2.19706845845648e-13
60.625	-3.47816099130772e-13
60.625	-3.43059773412835e-13
61.25	-3.96809096571771e-13
61.25	-3.8798040921565e-13
61.875	-4.3367814068283e-13
61.875	-4.30616013744106e-13
62.5	-4.98665633539345e-13
62.5	-5.00328719551787e-13
63.125	-4.37657267378547e-13
63.125	-4.43765861514748e-13
63.75	-3.97228912207513e-13
63.75	-3.89907953745674e-13
64.375	-4.36196207634426e-13
64.375	-4.29792248929584e-13
65	-5.11706379910563e-13
65	-5.0651488888921e-13
65.625	-4.63117435006202e-13
65.625	-4.58283430729185e-13
66.25	-4.17062216794684e-13
66.25	-4.13984533472576e-13
66.875	-4.60801497680785e-13
66.875	-4.7124670525704e-13
67.5	-5.3373148082963e-13
67.5	-5.36902399094204e-13
68.125	-5.46539294881461e-13
68.125	-5.52663342043192e-13
68.75	-5.78247857380086e-13
68.75	-5.87589595314415e-13
69.375	-5.67818206187219e-13
69.375	-5.76196275214395e-13
70	-5.51668560369263e-13
70	-5.57777154505466e-13
70.625	-6.14137882916325e-13
70.625	-6.19671200940766e-13
71.25	-5.40430700745259e-13
71.25	-5.41394266294555e-13
71.875	-4.83510459321744e-13
71.875	-4.81722922242208e-13
72.5	-6.17106568196867e-13
72.5	-6.0813808010598e-13
73.125	-6.00832574669671e-13
73.125	-5.92749973568996e-13
73.75	-6.29090617434176e-13
73.75	-6.21039129100277e-13
74.375	-5.78605344124423e-13
74.375	-5.73476078636622e-13
75	-5.80128629402093e-13
75	-5.75294625125074e-13
75.625	-5.26208496099467e-13
75.625	-5.30171963053939e-13
76.25	-5.15001542526522e-13
76.25	-5.17877096222457e-13
76.875	-6.36473698071707e-13
76.875	-6.35680942666098e-13
77.5	-5.85537806433013e-13
77.5	-5.74315503192397e-13
78.125	-5.15032655293301e-13
78.125	-5.12514588341701e-13
78.75	-4.87769497560579e-13
78.75	-4.94748525661466e-13
79.375	-4.57661795540839e-13
79.375	-4.5674469242599e-13
80	-4.53480539218947e-13
80	-4.5425773824117e-13
80.625	-5.62906523351129e-13
80.625	-5.62502470814489e-13
81.25	-5.34182099158573e-13
81.25	-5.29052626955055e-13
81.875	-4.73842450767717e-13
81.875	-4.74293172454522e-13
82.5	-4.65619945574418e-13
82.5	-4.69739079720619e-13
83.125	-4.28953031089533e-13
83.125	-4.21165587841784e-13
83.75	-3.52650103407788e-13
83.75	-3.50598314526383e-13
84.375	-3.64587483494939e-13
84.375	-3.67323133098242e-13
85	-4.26792450882271e-13
85	-4.22642307327152e-13
85.625	-4.93800309779845e-13
85.625	-4.89696835374887e-13
86.25	-5.27436313450637e-13
86.25	-5.22695544116088e-13
86.875	-4.90085538243858e-13
86.875	-4.98618757673473e-13
87.5	-5.56378113579184e-13
87.5	-5.50145068375881e-13
88.125	-4.81132399820638e-13
88.125	-4.81723128957929e-13
88.75	-5.4625948669621e-13
88.75	-5.58984333369977e-13
89.375	-5.30260115893138e-13
89.375	-5.31363585535063e-13
90	-5.1973194093882e-13
90	-5.34070818460015e-13
90.625	-4.89212511548606e-13
90.625	-4.95758760360929e-13
91.25	-5.0971681656271e-13
91.25	-5.17674966596283e-13
91.875	-4.52578992487489e-13
91.875	-4.54024702563938e-13
92.5	-3.98752094127333e-13
92.5	-3.99809101334811e-13
93.125	-3.49137461497987e-13
93.125	-3.51344607497552e-13
93.75	-3.28744230466728e-13
93.75	-3.28697561316563e-13
94.375	-4.04643002253968e-13
94.375	-4.08466668473669e-13
95	-4.8562447373671e-13
95	-4.84241092551672e-13
95.625	-4.32823159743683e-13
95.625	-4.30647126510893e-13
96.25	-4.42833202016522e-13
96.25	-4.50263055162073e-13
96.875	-4.12461351552775e-13
96.875	-4.17186461146079e-13
97.5	-3.49168367549048e-13
97.5	-3.52494746289642e-13
98.125	-3.001131445745e-13
98.125	-3.04263391487476e-13
98.75	-2.5545686393141e-13
98.75	-2.57244194295231e-13
99.375	-2.01536627270929e-13
99.375	-1.9883198707654e-13
100	-1.53569420912775e-13
0	0
0.625	0
0.625	0
1.25	0
1.25	0
1.875	0
1.875	0
2.5	0
2.5	0
3.125	0
3.125	0
3.75	0
3.75	0
4.375	0
4.375	0
5	0
5	0
5.625	0
5.625	0
6.25	0
6.25	0
6.875	0
6.875	0
7.5	0
7.5	0
8.125	0
8.125	0
8.75	0
8.75	0
9.375	0
9.375	0
10	0
10	0
10.625	0
10.625	0
11.25	0
11.25	0
11.875	0
11.875	0
12.5	0
12.5	0
13.125	0
13.125	0
13.75	0
13.75	0
14.375	0
14.375	0
15	0
15	0
15.625	0
15.625	0
16.25	0
16.25	0
16.875	0
16.875	0
17.5	0
17.5	0
18.125	0
18.125	0
18.75	0
18.75	0
19.375	0
19.375	0
20	0
20	0
20.625	0
20.625	0
21.25	0
21.25	0
21.875	0
21.875	0
22.5	0
22.5	0
23.125	0
23.125	0
23.75	0
23.75	0
24.375	0
24.375	0
25	0
25	0
25.625	0
25.625	0
26.25	0
26.25	0
26.875	0
26.875	0
27.5	0
27.5	0
28.125	0
28.125	0
28.75	0
28.75	0
29.375	0
29.375	0
30	0
30	0
30.625	0
30.625	0
31.25	0
31.25	0
31.875	0
31.875	0
32.5	0
32.5	0
33.125	0
33.125	0
33.75	0
33.75	0
34.375	0
34.375	0
35	0
35	0
35.625	0
35.625	0
36.25	0
36.25	0
36.875	0
36.875	0
37.5	0
37.5	0
38.125	0
38.125	0
38.75	0
38.75	0
39.375	0
39.375	0
40	0
40	2.62759030915244e-05
40.625	0.098069664701502
40.625	0.0981219634563758
41.25	0.195221140824689
41.25	0.195272682862653
41.875	0.290492530643003
41.875	0.290542819586057
42.5	0.382966318591854
42.5	0.383014870129985
43.125	0.471751931541982
43.125	0.471798278097335
43.75	0.555994315505521
43.75	0.556038010735435
44.375	0.634882170273333
44.375	0.634922793368856
45	0.707655762679515
45	0.707692922418031
45.625	0.773614243247103
45.625	0.773647581760017
46.25	0.832122395751658
46.25	0.832151591970865
46.875	0.882616754700753
46.875	0.882641527450702
47.5	0.924611031814681
47.5	0.924631142520249
48.125	0.957700799248431
48.125	0.957716054232528
48.75	0.981567384452907
48.75	0.981577636801698
49.375	0.995980939165788
49.375	0.995986090143549
50	1.00080265297594
50	1.00080265297594
50.625	0.995986090143549
50.625	0.995980939165788
51.25	0.981577636801698
51.25	0.981567384452907
51.875	0.957716054232528
51.875	0.957700799248431
52.5	0.924631142520249
52.5	0.924611031814681
53.125	0.882641527450702
53.125	0.882616754700753
53.75	0.832151591970866
53.75	0.832122395751659
54.375	0.773647581760017
54.375	0.773614243247102
55	0.707692922418032
55	0.707655762679515
55.625	0.634922793368856
55.625	0.634882170273333
56.25	0.556038010735435
56.25	0.555994315505521
56.875	0.471798278097335
56.875	0.471751931541982
57.5	0.383014870129985
57.5	0.382966318591856
58.125	0.290542819586057
58.125	0.290492530643003
58.75	0.195272682862653
58.75	0.195221140824689
59.375	0.0981219634563756
59.375	0.0980696647015026
60	2.6275903092135e-05
60	0
60.625	0
60.625	0
61.25	0
61.25	0
61.875	0
61.875	0
62.5	0
62.5	0
63.125	0
63.125	0
63.75	0
63.75	0
64.375	0
64.375	0
65	0
65	0
65.625	0
65.625	0
66.25	0
66.25	0
66.875	0
66.875	0
67.5	0
67.5	0
68.125	0
68.125	0
68.75	0
68.75	0
69.375	0
69.375	0
70	0
70	0
70.625	0
70.625	0
71.25	0
71.25	0
71.875	0
71.875	0
72.5	0
72.5	0
73.125	0
73.125	0
73.75	0
73.75	0
74.375	0
74.375	0
75	0
75	0
75.625	0
75.625	0
76.25	0
76.25	0
76.875	0
76.875	0
77.5	0
77.5	0
78.125	0
78.125	0
78.75	0
78.75	0
79.375	0
79.375	0
80	0
80	0
80.625	0
80.625	0
81.25	0
81.25	0
81.875	0
81.875	0
82.5	0
82.5	0
83.125	0
83.125	0
83.75	0
83.75	0
84.375	0
84.375	0
85	0
85	0
85.625	0
85.625	0
86.25	0
86.25	0
86.875	0
86.875	0
87.5	0
87.5	0
88.125	0
88.125	0
88.75	0
88.75	0
89.375	0
89.375	0
90	0
90	0
90.625	0
90.625	0
91.25	0
91.25	0
91.875	0
91.875	0
92.5	0
92.5	0
93.125	0
93.125	0
93.75	0
93.75	0
94.375	0
94.375	0
95	0
95	0
95.625	0
95.625	0
96.25	0
96.25	0
96.875	0
96.875	0
97.5	0
97.5	0
98.125	0
98.125	0
98.75	0
98.75	0
99.375	0
99.375	0
100	0
0	0
0.625	0
0.625	5.68434188608086e-16
1.25	5.68434188608086e-16
1.25	5.68434188608086e-16
1.875	5.68434188608086e-16
1.875	5.68434188608086e-16
2.5	5.68434188608086e-16
2.5	0
3.125	0
3.125	5.68434188608086e-16
3.75	5.68434188608086e-16
3.75	5.68434188608086e-16
4.375	5.68434188608086e-16
4.375	0
5	0
5	0
5.625	0
5.625	0
6.25	0
6.25	0
6.875	0
6.875	0
7.5	0
7.5	0
8.125	0
8.125	5.68434188608086e-16
8.75	5.68434188608086e-16
8.75	0
9.375	0
9.375	5.68434188608085e-16
10	5.68434188608085e-16
10	0
10.625	0
10.625	0
11.25	0
11.25	0
11.875	0
11.875	0
12.5	0
12.5	0
13.125	0
13.125	0
13.75	0
13.75	0
14.375	0
14.375	5.68434188608085e-16
15	5.68434188608085e-16
15	5.68434188608085e-16
15.625	5.68434188608085e-16
15.625	0
16.25	0
16.25	5.68434188608085e-16
16.875	5.68434188608085e-16
16.875	0
17.5	0
17.5	5.68434188608085e-16
18.125	5.68434188608085e-16
18.125	5.68434188608085e-16
18.75	5.68434188608085e-16
18.75	5.68434188608084e-16
19.375	5.68434188608084e-16
19.375	5.68434188608084e-16
20	5.68434188608084e-16
20	5.68434188608084e-16
20.625	5.68434188608084e-16
20.625	5.68434188608084e-16
21.25	5.68434188608084e-16
21.25	0
21.875	0
21.875	5.68434188608084e-16
22.5	5.68434188608084e-16
22.5	5.68434188608084e-16
23.125	5.68434188608084e-16
23.125	0
23.75	0
23.75	5.68434188608084e-16
24.375	5.68434188608084e-16
24.375	0
25	0
25	0
25.625	0
25.625	0
26.25	0
26.25	0
26.875	0
26.875	5.68434188608084e-16
27.5	5.68434188608084e-16
27.5	1.13686837721617e-15
28.125	1.13686837721617e-15
28.125	5.68434188608084e-16
28.75	5.68434188608084e-16
28.75	5.68434188608084e-16
29.375	5.68434188608084e-16
29.375	5.68434188608084e-16
30	5.68434188608084e-16
30	0
30.625	0
30.625	0
31.25	0
31.25	5.68434188608084e-16
31.875	5.68434188608084e-16
31.875	5.68434188608084e-16
32.5	5.68434188608084e-16
32.5	0
33.125	0
33.125	0
33.75	0
33.75	0
34.375	0
34.375	0
35	0
35	0
35.625	0
35.625	0
36.25	0
36.25	0
36.875	0
36.875	0
37.5	0
37.5	5.68434188608084e-16
38.125	5.68434188608084e-16
38.125	0
38.75	0
38.75	0
39.375	0
39.375	5.68434188608084e-16
40	5.68434188608084e-16
40	8.44973321539808e-06
40.625	8.44973321539808e-06
40.625	1.69847190703757e-05
41.25	1.69847190703757e-05
41.25	1.69040214273259e-05
41.875	1.69040214273259e-05
41.875	1.66532681933683e-05
42.5	1.66532681933683e-05
42.5	1.62301415091264e-05
43.125	1.62301415091264e-05
43.125	1.56343406906587e-05
43.75	1.56343406906587e-05
43.75	1.48677912020604e-05
44.375	1.48677912020604e-05
44.375	1.39348200994717e-05
45	1.39348200994717e-05
45	1.28422847467883e-05
45.625	1.28422847467883e-05
45.625	1.159964197341e-05
46.25	1.159964197341e-05
46.25	1.02189464417331e-05
46.875	1.02189464417331e-05
46.875	8.71476945303451e-06
47.5	8.71476945303451e-06
47.5	7.10403321417783e-06
48.125	7.10403321417783e-06
48.125	5.40575994817623e-06
48.75	5.40575994817623e-06
48.75	3.64074049206769e-06
49.375	3.64074049206769e-06
49.375	1.83113208058289e-06
50	1.83113208058289e-06
50	6.31480884712542e-16
50.625	6.31480884712542e-16
50.625	1.82917823945076e-06
51.25	1.82917823945076e-06
51.25	3.63302486135438e-06
51.875	3.63302486135438e-06
51.875	5.38876735792328e-06
52.5	5.38876735792328e-06
52.5	7.0747156824813e-06
53.125	7.0747156824813e-06
53.125	8.67069133669761e-06
53.75	8.67069133669761e-06
53.75	1.01583922084045e-05
54.375	1.01583922084045e-05
54.375	1.1521681609436e-05
55	1.1521681609436e-05
55	1.27467950076206e-05
55.625	1.27467950076206e-05
55.625	1.382246307926e-05
56.25	1.382246307926e-05
56.25	4.47193161072212e-07
56.875	4.47193161072212e-07
56.875	1.62301415085326e-05
57.5	1.62301415085326e-05
57.5	1.66532681921918e-05
58.125	1.66532681921918e-05
58.125	1.69040214273259e-05
58.75	1.69040214273259e-05
58.75	1.69847190709526e-05
59.375	1.69847190709526e-05
59.375	8.44973321596933e-06
60	8.44973321596933e-06
60	0
60.625	0
60.625	0
61.25	0
61.25	5.68434188608085e-16
61.875	5.68434188608085e-16
61.875	0
62.5	0
62.5	5.68434188608085e-16
63.125	5.68434188608085e-16
63.125	5.68434188608084e-16
63.75	5.68434188608084e-16
63.75	5.68434188608084e-16
64.375	5.68434188608084e-16
64.375	0
65	0
65	5.68434188608084e-16
65.625	5.68434188608084e-16
65.625	0
66.25	0
66.25	0
66.875	0
66.875	5.68434188608084e-16
67.5	5.68434188608084e-16
67.5	5.68434188608084e-16
68.125	5.68434188608084e-16
68.125	0
68.75	0
68.75	5.68434188608084e-16
69.375	5.68434188608084e-16
69.375	1.13686837721617e-15
70	1.13686837721617e-15
70	5.68434188608084e-16
70.625	5.68434188608084e-16
70.625	0
71.25	0
71.25	0
71.875	0
71.875	5.68434188608085e-16
72.5	5.68434188608085e-16
72.5	0
73.125	0
73.125	0
73.75	0
73.75	5.68434188608085e-16
74.375	5.68434188608085e-16
74.375	5.68434188608085e-16
75	5.68434188608085e-16
75	5.68434188608085e-16
75.625	5.68434188608085e-16
75.625	5.68434188608085e-16
76.25	5.68434188608085e-16
76.25	5.68434188608085e-16
76.875	5.68434188608085e-16
76.875	5.68434188608085e-16
77.5	5.68434188608085e-16
77.5	0
78.125	0
78.125	0
78.75	0
78.75	0
79.375	0
79.375	0
80	0
80	0
80.625	0
80.625	5.68434188608085e-16
81.25	5.68434188608085e-16
81.25	5.68434188608085e-16
81.875	5.68434188608085e-16
81.875	0
82.5	0
82.5	0
83.125	0
83.125	5.68434188608085e-16
83.75	5.68434188608085e-16
83.75	5.68434188608086e-16
84.375	5.68434188608086e-16
84.375	0
85	0
85	0
85.625	0
85.625	0
86.25	0
86.25	5.68434188608086e-16
86.875	5.68434188608086e-16
86.875	5.68434188608086e-16
87.5	5.68434188608086e-16
87.5	1.13686837721617e-15
88.125	1.13686837721617e-15
88.125	0
88.75	0
88.75	0
89.375	0
89.375	0
90	0
90	0
90.625	0
90.625	0
91.25	0
91.25	5.68434188608086e-16
91.875	5.68434188608086e-16
91.875	0
92.5	0
92.5	0
93.125	0
93.125	5.68434188608085e-16
93.75	5.68434188608085e-16
93.75	0
94.375	0
94.375	5.68434188608085e-16
95	5.68434188608085e-16
95	0
95.625	0
95.625	0
96.25	0
96.25	0
96.875	0
96.875	5.68434188608086e-16
97.5	5.68434188608086e-16
97.5	0
98.125	0
98.125	5.68434188608086e-16
98.75	5.68434188608086e-16
98.75	0
99.375	0
99.375	0
100	0
