3	1
1280
0	10
0.15625	10
0.15625	10
0.3125	10
0.3125	10
0.46875	10
0.46875	10
0.625	10
0.625	10
0.78125	10
0.78125	10
0.9375	10
0.9375	10
1.09375	10
1.09375	10
1.25	10
1.25	10
1.40625	10
1.40625	10
1.5625	10
1.5625	10
1.71875	10
1.71875	10
1.875	10
1.875	10
2.03125	10
2.03125	10
2.1875	10
2.1875	10
2.34375	10
2.34375	10
2.5	10
2.5	10
2.65625	10
2.65625	10
2.8125	10
2.8125	10
2.96875	10
2.96875	10
3.125	10
3.125	10
3.28125	10
3.28125	10
3.4375	10
3.4375	10
3.59375	10
3.59375	10
3.75	10
3.75	10
3.90625	10
3.90625	10
4.0625	10
4.0625	10
4.21875	10
4.21875	10
4.375	10
4.375	10
4.53125	10
4.53125	10
4.6875	10
4.6875	10
4.84375	10
4.84375	10
5	10
5	10
5.15625	10
5.15625	10
5.3125	10
5.3125	10
5.46875	10
5.46875	10
5.625	10
5.625	10
5.78125	10
5.78125	10
5.9375	10
5.9375	10
6.09375	10
6.09375	10
6.25	10
6.25	10
6.40625	10
6.40625	10
6.5625	10
6.5625	10
6.71875	10
6.71875	10
6.875	10
6.875	10
7.03125	10
7.03125	10
7.1875	10
7.1875	10
7.34375	10
7.34375	10
7.5	10
7.5	10
7.65625	10
7.65625	10
7.8125	10
7.8125	10
7.96875	10
7.96875	10
8.125	10
8.125	10
8.28125	10
8.28125	10
8.4375	10
8.4375	10
8.59375	10
8.59375	10
8.75	10
8.75	10
8.90625	10
8.90625	10
9.0625	10
9.0625	10
9.21875	10
9.21875	10
9.375	10
9.375	10
9.53125	10
9.53125	10
9.6875	10
9.6875	10
9.84375	10
9.84375	10
10	10
10	10
10.15625	10
10.15625	10
10.3125	10
10.3125	10
10.46875	10
10.46875	10
10.625	10
10.625	10
10.78125	10
10.78125	10
10.9375	10
10.9375	10
11.09375	10
11.09375	10
11.25	10
11.25	10
11.40625	10
11.40625	10
11.5625	10
11.5625	10
11.71875	10
11.71875	10
11.875	10
11.875	10
12.03125	10
12.03125	10
12.1875	10
12.1875	10
12.34375	10
12.34375	10
12.5	10
12.5	10
12.65625	10
12.65625	10
12.8125	10
12.8125	10
12.96875	10
12.96875	10
13.125	10
13.125	10
13.28125	10
13.28125	10
13.4375	10
13.4375	10
13.59375	10
13.59375	10
13.75	10
13.75	10
13.90625	10
13.90625	10
14.0625	10
14.0625	10
14.21875	10
14.21875	10
14.375	10
14.375	10
14.53125	10
14.53125	10
14.6875	10
14.6875	10
14.84375	10
14.84375	10
15	10
15	10
15.15625	10
15.15625	10
15.3125	10
15.3125	10
15.46875	10
15.46875	10
15.625	10
15.625	10
15.78125	10
15.78125	10
15.9375	10
15.9375	10
16.09375	10
16.09375	10
16.25	10
16.25	10
16.40625	10
16.40625	10
16.5625	10
16.5625	10
16.71875	10
16.71875	10
16.875	10
16.875	10
17.03125	10
17.03125	10
17.1875	10
17.1875	10
17.34375	10
17.34375	10
17.5	10
17.5	10
17.65625	10
17.65625	10
17.8125	10
17.8125	10
17.96875	10
17.96875	10
18.125	10
18.125	10
18.28125	10
18.28125	10
18.4375	10
18.4375	10
18.59375	10
18.59375	10
18.75	10
18.75	10
18.90625	10
18.90625	10
19.0625	10
19.0625	10
19.21875	10
19.21875	10
19.375	10
19.375	10
19.53125	10
19.53125	10
19.6875	10
19.6875	10
19.84375	10
19.84375	10
20	10
20	10
20.15625	10
20.15625	10
20.3125	10
20.3125	10
20.46875	10
20.46875	10
20.625	10
20.625	10
20.78125	10
20.78125	10
20.9375	10
20.9375	10
21.09375	10
21.09375	10
21.25	10
21.25	10
21.40625	10
21.40625	10
21.5625	10
21.5625	10
21.71875	10
21.71875	10
21.875	10
21.875	10
22.03125	10
22.03125	10
22.1875	10
22.1875	10
22.34375	10
22.34375	10
22.5	10
22.5	10
22.65625	10
22.65625	10
22.8125	10
22.8125	10
22.96875	10
22.96875	10
23.125	10
23.125	10
23.28125	10
23.28125	10
23.4375	10
23.4375	10
23.59375	10
23.59375	10
23.75	10
23.75	10
23.90625	10
23.90625	10
24.0625	10
24.0625	10
24.21875	10
24.21875	10
24.375	10
24.375	10
24.53125	10
24.53125	10
24.6875	10
24.6875	10
24.84375	10
24.84375	10
25	10
25	10
25.15625	10
25.15625	10
25.3125	10
25.3125	10
25.46875	10
25.46875	10
25.625	10
25.625	10
25.78125	10
25.78125	10
25.9375	10
25.9375	10
26.09375	10
26.09375	10
26.25	10
26.25	10
26.40625	10
26.40625	10
26.5625	10
26.5625	10
26.71875	10
26.71875	10
26.875	10
26.875	10
27.03125	10
27.03125	10
27.1875	10
27.1875	10
27.34375	10
27.34375	10
27.5	10
27.5	10
27.65625	10
27.65625	10
27.8125	10
27.8125	10
27.96875	10
27.96875	10
28.125	10
28.125	10
28.28125	10
28.28125	10
28.4375	10
28.4375	10
28.59375	10
28.59375	10
28.75	10
28.75	10
28.90625	10
28.90625	10
29.0625	10
29.0625	10
29.21875	10
29.21875	10
29.375	10
29.375	10
29.53125	10
29.53125	10
29.6875	10
29.6875	10
29.84375	10
29.84375	10
30	10
30	10
30.15625	10
30.15625	10
30.3125	10
30.3125	10
30.46875	10
30.46875	10
30.625	10
30.625	10
30.78125	10
30.78125	10
30.9375	10
30.9375	10
31.09375	10
31.09375	10
31.25	10
31.25	10
31.40625	10
31.40625	10
31.5625	10
31.5625	10
31.71875	10
31.71875	10
31.875	10
31.875	10
32.03125	10
32.03125	10
32.1875	10
32.1875	10
32.34375	10
32.34375	10
32.5	10
32.5	10
32.65625	10
32.65625	10
32.8125	10
32.8125	10
32.96875	10
32.96875	10
33.125	10
33.125	10
33.28125	10
33.28125	10
33.4375	10
33.4375	10
33.59375	10
33.59375	10
33.75	10
33.75	10
33.90625	10
33.90625	10
34.0625	10
34.0625	10
34.21875	10
34.21875	10
34.375	10
34.375	10
34.53125	10
34.53125	10
34.6875	10
34.6875	10
34.84375	10
34.84375	10
35	10
35	10
35.15625	10
35.15625	10
35.3125	10
35.3125	10
35.46875	10
35.46875	10
35.625	10
35.625	10
35.78125	10
35.78125	10
35.9375	10
35.9375	10
36.09375	10
36.09375	10
36.25	10
36.25	10
36.40625	10
36.40625	10
36.5625	10
36.5625	10
36.71875	10
36.71875	10
36.875	10
36.875	10
37.03125	10
37.03125	10
37.1875	10
37.1875	10
37.34375	10
37.34375	10
37.5	10
37.5	10
37.65625	10
37.65625	10
37.8125	10
37.8125	10
37.96875	10
37.96875	10
38.125	10
38.125	10
38.28125	10
38.28125	10
38.4375	10
38.4375	10
38.59375	10
38.59375	10
38.75	10
38.75	10
38.90625	10
38.90625	10
39.0625	10
39.0625	10
39.21875	10
39.21875	10
39.375	10
39.375	10
39.53125	10
39.53125	10
39.6875	10
39.6875	10
39.84375	10
39.84375	10
40	10
40	9.99999958931534
40.15625	9.97545795013456
40.15625	9.97545712901261
40.3125	9.9509302727976
40.3125	9.95092945241764
40.46875	9.92643215322947
40.46875	9.92643133408568
40.625	9.90197834818136
40.625	9.90197753076715
40.78125	9.87758358771104
40.78125	9.87758277251879
40.9375	9.85326256631004
40.9375	9.85326175383079
41.09375	9.82902993405223
41.09375	9.82902912477539
41.25	9.80490028776916
41.25	9.80489948218221
41.40625	9.78088816225749
41.40625	9.78088736084568
41.5625	9.75700802152375
41.5625	9.75700722476983
41.71875	9.7332742500718
41.71875	9.7332734584557
41.875	9.70970114423809
41.875	9.70970035823664
42.03125	9.68630290358011
42.03125	9.68630212366678
42.1875	9.66309362232313
42.1875	9.6630928489677
42.34375	9.64008728087031
42.34375	9.64008651453864
42.5	9.6172977373815
42.5	9.61729697853518
42.65625	9.59473871942553
42.65625	9.59473796852167
42.8125	9.57242381571129
42.8125	9.5724230732022
42.96875	9.55036646790235
42.96875	9.5503657342353
43.125	9.52857996252027
43.125	9.52857923813719
43.28125	9.50707742294123
43.28125	9.50707670827846
43.4375	9.48587180149106
43.4375	9.48587109697908
43.59375	9.46497587164317
43.59375	9.46497517770636
43.75	9.44440222032437
43.75	9.44440153738073
43.90625	9.4241632403329
43.90625	9.42416256879381
44.0625	9.40427112287354
44.0625	9.40427046314351
44.21875	9.38473785021402
44.21875	9.38473720269044
44.375	9.36557518846739
44.375	9.36557455354031
44.53125	9.34679468050456
44.53125	9.34679405855644
44.6875	9.32840763900128
44.6875	9.32840703040675
44.84375	9.3104251396238
44.84375	9.31042454474946
45	9.29285801435735
45	9.29285743356153
45.15625	9.27571684498131
45.15625	9.27571627861385
45.3125	9.25901195669516
45.3125	9.25901140509723
45.46875	9.24275341189897
45.46875	9.24275287540283
45.625	9.22695100413218
45.625	9.22695048306099
45.78125	9.21161425217434
45.78125	9.21161374684198
45.9375	9.19675239431134
45.9375	9.1967519050222
46.09375	9.18237438277065
46.09375	9.18237390981946
46.25	9.16848887832879
46.25	9.16848842200044
46.40625	9.15510424509441
46.40625	9.15510380566377
46.5625	9.14222854547011
46.5625	9.14222812320188
46.71875	9.12986953529587
46.71875	9.12986913044441
46.875	9.1180346591773
46.875	9.11803427198648
47.03125	9.10673104600123
47.03125	9.10673067670427
47.1875	9.09596550464157
47.1875	9.09596515346093
47.34375	9.08574451985789
47.34375	9.0857441870051
47.5	9.07607424838923
47.5	9.0760739340648
47.65625	9.06696051524554
47.65625	9.06696021963879
47.8125	9.05840881019886
47.8125	9.05840853348787
47.96875	9.05042428447656
47.96875	9.050424026828
48.125	9.04301174765837
48.125	9.04301150922744
48.28125	9.0361756647793
48.28125	9.03617544570962
48.4375	9.02992015364004
48.4375	9.02991995406358
48.59375	9.02424898232661
48.59375	9.02424880236358
48.75	9.01916556694055
48.75	9.01916540669935
48.90625	9.01467296954121
48.90625	9.01467282911835
49.0625	9.01077389630126
49.0625	9.01077377578134
49.21875	9.00747069587663
49.21875	9.00747059533225
49.375	9.00476535799174
49.375	9.00476527748347
49.53125	9.00265951224098
49.53125	9.0026594518173
49.6875	9.00115442710708
49.6875	9.0011543868044
49.84375	9.00025100919705
49.84375	9.00025098903964
50	8.99994980269606
50	8.99994980269606
50.15625	9.00025098903964
50.15625	9.00025100919705
50.3125	9.0011543868044
50.3125	9.00115442710708
50.46875	9.0026594518173
50.46875	9.00265951224098
50.625	9.00476527748347
50.625	9.00476535799174
50.78125	9.00747059533225
50.78125	9.00747069587663
50.9375	9.01077377578134
50.9375	9.01077389630126
51.09375	9.01467282911835
51.09375	9.01467296954121
51.25	9.01916540669935
51.25	9.01916556694055
51.40625	9.02424880236358
51.40625	9.02424898232661
51.5625	9.02991995406358
51.5625	9.02992015364004
51.71875	9.03617544570962
51.71875	9.0361756647793
51.875	9.04301150922744
51.875	9.04301174765837
52.03125	9.050424026828
52.03125	9.05042428447656
52.1875	9.05840853348787
52.1875	9.05840881019886
52.34375	9.06696021963879
52.34375	9.06696051524554
52.5	9.0760739340648
52.5	9.07607424838923
52.65625	9.0857441870051
52.65625	9.08574451985789
52.8125	9.09596515346093
52.8125	9.09596550464157
52.96875	9.10673067670427
52.96875	9.10673104600123
53.125	9.11803427198648
53.125	9.1180346591773
53.28125	9.12986913044442
53.28125	9.12986953529587
53.4375	9.14222812320188
53.4375	9.14222854547011
53.59375	9.15510380566377
53.59375	9.15510424509441
53.75	9.16848842200043
53.75	9.16848887832879
53.90625	9.18237390981946
53.90625	9.18237438277065
54.0625	9.1967519050222
54.0625	9.19675239431134
54.21875	9.21161374684198
54.21875	9.21161425217434
54.375	9.22695048306099
54.375	9.22695100413218
54.53125	9.24275287540283
54.53125	9.24275341189897
54.6875	9.25901140509723
54.6875	9.25901195669516
54.84375	9.27571627861385
54.84375	9.27571684498131
55	9.29285743356153
55	9.29285801435735
55.15625	9.31042454474946
55.15625	9.3104251396238
55.3125	9.32840703040675
55.3125	9.32840763900128
55.46875	9.34679405855644
55.46875	9.34679468050456
55.625	9.36557455354031
55.625	9.36557518846739
55.78125	9.38473720269044
55.78125	9.38473785021402
55.9375	9.40427046314351
55.9375	9.40427112287354
56.09375	9.42416256879381
56.09375	9.4241632403329
56.25	9.44440153738073
56.25	9.44440222032437
56.40625	9.46497517770637
56.40625	9.46497587164317
56.5625	9.48587109697908
56.5625	9.48587180149106
56.71875	9.50707670827846
56.71875	9.50707742294123
56.875	9.52857923813719
56.875	9.52857996252027
57.03125	9.5503657342353
57.03125	9.55036646790235
57.1875	9.5724230732022
57.1875	9.57242381571129
57.34375	9.59473796852167
57.34375	9.59473871942553
57.5	9.61729697853518
57.5	9.6172977373815
57.65625	9.64008651453864
57.65625	9.64008728087031
57.8125	9.6630928489677
57.8125	9.66309362232313
57.96875	9.68630212366678
57.96875	9.68630290358011
58.125	9.70970035823664
58.125	9.70970114423809
58.28125	9.7332734584557
58.28125	9.7332742500718
58.4375	9.75700722476983
58.4375	9.75700802152375
58.59375	9.78088736084568
58.59375	9.78088816225749
58.75	9.80489948218221
58.75	9.80490028776916
58.90625	9.82902912477539
58.90625	9.82902993405223
59.0625	9.85326175383079
59.0625	9.85326256631004
59.21875	9.87758277251879
59.21875	9.87758358771104
59.375	9.90197753076715
59.375	9.90197834818136
59.53125	9.92643133408568
59.53125	9.92643215322947
59.6875	9.95092945241764
59.6875	9.9509302727976
59.84375	9.97545712901261
59.84375	9.97545795013456
60	9.99999958931533
60	10
60.15625	10
60.15625	10
60.3125	10
60.3125	10
60.46875	10
60.46875	10
60.625	10
60.625	10
60.78125	10
60.78125	10
60.9375	10
60.9375	10
61.09375	10
61.09375	10
61.25	10
61.25	10
61.40625	10
61.40625	10
61.5625	10
61.5625	10
61.71875	10
61.71875	10
61.875	10
61.875	10
62.03125	10
62.03125	10
62.1875	10
62.1875	10
62.34375	10
62.34375	10
62.5	10
62.5	10
62.65625	10
62.65625	10
62.8125	10
62.8125	10
62.96875	10
62.96875	10
63.125	10
63.125	10
63.28125	10
63.28125	10
63.4375	10
63.4375	10
63.59375	10
63.59375	10
63.75	10
63.75	10
63.90625	10
63.90625	10
64.0625	10
64.0625	10
64.21875	10
64.21875	10
64.375	10
64.375	10
64.53125	10
64.53125	10
64.6875	10
64.6875	10
64.84375	10
64.84375	10
65	10
65	10
65.15625	10
65.15625	10
65.3125	10
65.3125	10
65.46875	10
65.46875	10
65.625	10
65.625	10
65.78125	10
65.78125	10
65.9375	10
65.9375	10
66.09375	10
66.09375	10
66.25	10
66.25	10
66.40625	10
66.40625	10
66.5625	10
66.5625	10
66.71875	10
66.71875	10
66.875	10
66.875	10
67.03125	10
67.03125	10
67.1875	10
67.1875	10
67.34375	10
67.34375	10
67.5	10
67.5	10
67.65625	10
67.65625	10
67.8125	10
67.8125	10
67.96875	10
67.96875	10
68.125	10
68.125	10
68.28125	10
68.28125	10
68.4375	10
68.4375	10
68.59375	10
68.59375	10
68.75	10
68.75	10
68.90625	10
68.90625	10
69.0625	10
69.0625	10
69.21875	10
69.21875	10
69.375	10
69.375	10
69.53125	10
69.53125	10
69.6875	10
69.6875	10
69.84375	10
69.84375	10
70	10
70	10
70.15625	10
70.15625	10
70.3125	10
70.3125	10
70.46875	10
70.46875	10
70.625	10
70.625	10
70.78125	10
70.78125	10
70.9375	10
70.9375	10
71.09375	10
71.09375	10
71.25	10
71.25	10
71.40625	10
71.40625	10
71.5625	10
71.5625	10
71.71875	10
71.71875	10
71.875	10
71.875	10
72.03125	10
72.03125	10
72.1875	10
72.1875	10
72.34375	10
72.34375	10
72.5	10
72.5	10
72.65625	10
72.65625	10
72.8125	10
72.8125	10
72.96875	10
72.96875	10
73.125	10
73.125	10
73.28125	10
73.28125	10
73.4375	10
73.4375	10
73.59375	10
73.59375	10
73.75	10
73.75	10
73.90625	10
73.90625	10
74.0625	10
74.0625	10
74.21875	10
74.21875	10
74.375	10
74.375	10
74.53125	10
74.53125	10
74.6875	10
74.6875	10
74.84375	10
74.84375	10
75	10
75	10
75.15625	10
75.15625	10
75.3125	10
75.3125	10
75.46875	10
75.46875	10
75.625	10
75.625	10
75.78125	10
75.78125	10
75.9375	10
75.9375	10
76.09375	10
76.09375	10
76.25	10
76.25	10
76.40625	10
76.40625	10
76.5625	10
76.5625	10
76.71875	10
76.71875	10
76.875	10
76.875	10
77.03125	10
77.03125	10
77.1875	10
77.1875	10
77.34375	10
77.34375	10
77.5	10
77.5	10
77.65625	10
77.65625	10
77.8125	10
77.8125	10
77.96875	10
77.96875	10
78.125	10
78.125	10
78.28125	10
78.28125	10
78.4375	10
78.4375	10
78.59375	10
78.59375	10
78.75	10
78.75	10
78.90625	10
78.90625	10
79.0625	10
79.0625	10
79.21875	10
79.21875	10
79.375	10
79.375	10
79.53125	10
79.53125	10
79.6875	10
79.6875	10
79.84375	10
79.84375	10
80	10
80	10
80.15625	10
80.15625	10
80.3125	10
80.3125	10
80.46875	10
80.46875	10
80.625	10
80.625	10
80.78125	10
80.78125	10
80.9375	10
80.9375	10
81.09375	10
81.09375	10
81.25	10
81.25	10
81.40625	10
81.40625	10
81.5625	10
81.5625	10
81.71875	10
81.71875	10
81.875	10
81.875	10
82.03125	10
82.03125	10
82.1875	10
82.1875	10
82.34375	10
82.34375	10
82.5	10
82.5	10
82.65625	10
82.65625	10
82.8125	10
82.8125	10
82.96875	10
82.96875	10
83.125	10
83.125	10
83.28125	10
83.28125	10
83.4375	10
83.4375	10
83.59375	10
83.59375	10
83.75	10
83.75	10
83.90625	10
83.90625	10
84.0625	10
84.0625	10
84.21875	10
84.21875	10
84.375	10
84.375	10
84.53125	10
84.53125	10
84.6875	10
84.6875	10
84.84375	10
84.84375	10
85	10
85	10
85.15625	10
85.15625	10
85.3125	10
85.3125	10
85.46875	10
85.46875	10
85.625	10
85.625	10
85.78125	10
85.78125	10
85.9375	10
85.9375	10
86.09375	10
86.09375	10
86.25	10
86.25	10
86.40625	10
86.40625	10
86.5625	10
86.5625	10
86.71875	10
86.71875	10
86.875	10
86.875	10
87.03125	10
87.03125	10
87.1875	10
87.1875	10
87.34375	10
87.34375	10
87.5	10
87.5	10
87.65625	10
87.65625	10
87.8125	10
87.8125	10
87.96875	10
87.96875	10
88.125	10
88.125	10
88.28125	10
88.28125	10
88.4375	10
88.4375	10
88.59375	10
88.59375	10
88.75	10
88.75	10
88.90625	10
88.90625	10
89.0625	10
89.0625	10
89.21875	10
89.21875	10
89.375	10
89.375	10
89.53125	10
89.53125	10
89.6875	10
89.6875	10
89.84375	10
89.84375	10
90	10
90	10
90.15625	10
90.15625	10
90.3125	10
90.3125	10
90.46875	10
90.46875	10
90.625	10
90.625	10
90.78125	10
90.78125	10
90.9375	10
90.9375	10
91.09375	10
91.09375	10
91.25	10
91.25	10
91.40625	10
91.40625	10
91.5625	10
91.5625	10
91.71875	10
91.71875	10
91.875	10
91.875	10
92.03125	10
92.03125	10
92.1875	10
92.1875	10
92.34375	10
92.34375	10
92.5	10
92.5	10
92.65625	10
92.65625	10
92.8125	10
92.8125	10
92.96875	10
92.96875	10
93.125	10
93.125	10
93.28125	10
93.28125	10
93.4375	10
93.4375	10
93.59375	10
93.59375	10
93.75	10
93.75	10
93.90625	10
93.90625	10
94.0625	10
94.0625	10
94.21875	10
94.21875	10
94.375	10
94.375	10
94.53125	10
94.53125	10
94.6875	10
94.6875	10
94.84375	10
94.84375	10
95	10
95	10
95.15625	10
95.15625	10
95.3125	10
95.3125	10
95.46875	10
95.46875	10
95.625	10
95.625	10
95.78125	10
95.78125	10
95.9375	10
95.9375	10
96.09375	10
96.09375	10
96.25	10
96.25	10
96.40625	10
96.40625	10
96.5625	10
96.5625	10
96.71875	10
96.71875	10
96.875	10
96.875	10
97.03125	10
97.03125	10
97.1875	10
97.1875	10
97.34375	10
97.34375	10
97.5	10
97.5	10
97.65625	10
97.65625	10
97.8125	10
97.8125	10
97.96875	10
97.96875	10
98.125	10
98.125	10
98.28125	10
98.28125	10
98.4375	10
98.4375	10
98.59375	10
98.59375	10
98.75	10
98.75	10
98.90625	10
98.90625	10
99.0625	10
99.0625	10
99.21875	10
99.21875	10
99.375	10
99.375	10
99.53125	10
99.53125	10
99.6875	10
99.6875	10
99.84375	10
99.84375	10
100	10
0	0
0.15625	0
0.15625	0
0.3125	0
0.3125	0
0.46875	0
0.46875	0
0.625	0
0.625	0
0.78125	0
0.78125	0
0.9375	0
0.9375	0
1.09375	0
1.09375	0
1.25	0
1.25	0
1.40625	0
1.40625	0
1.5625	0
1.5625	0
1.71875	0
1.71875	0
1.875	0
1.875	0
2.03125	0
2.03125	0
2.1875	0
2.1875	0
2.34375	0
2.34375	0
2.5	0
2.5	0
2.65625	0
2.65625	0
2.8125	0
2.8125	0
2.96875	0
2.96875	0
3.125	0
3.125	0
3.28125	0
3.28125	0
3.4375	0
3.4375	0
3.59375	0
3.59375	0
3.75	0
3.75	0
3.90625	0
3.90625	0
4.0625	0
4.0625	0
4.21875	0
4.21875	0
4.375	0
4.375	0
4.53125	0
4.53125	0
4.6875	0
4.6875	0
4.84375	0
4.84375	0
5	0
5	0
5.15625	0
5.15625	0
5.3125	0
5.3125	0
5.46875	0
5.46875	0
5.625	0
5.625	0
5.78125	0
5.78125	0
5.9375	0
5.9375	0
6.09375	0
6.09375	0
6.25	0
6.25	0
6.40625	0
6.40625	0
6.5625	0
6.5625	0
6.71875	0
6.71875	0
6.875	0
6.875	0
7.03125	0
7.03125	0
7.1875	0
7.1875	0
7.34375	0
7.34375	0
7.5	0
7.5	0
7.65625	0
7.65625	0
7.8125	0
7.8125	0
7.96875	0
7.96875	0
8.125	0
8.125	0
8.28125	0
8.28125	0
8.4375	0
8.4375	0
8.59375	0
8.59375	0
8.75	0
8.75	0
8.90625	0
8.90625	0
9.0625	0
9.0625	0
9.21875	0
9.21875	0
9.375	0
9.375	0
9.53125	0
9.53125	0
9.6875	0
9.6875	0
9.84375	0
9.84375	0
10	0
10	0
10.15625	0
10.15625	0
10.3125	0
10.3125	0
10.46875	0
10.46875	0
10.625	0
10.625	0
10.78125	0
10.78125	0
10.9375	0
10.9375	0
11.09375	0
11.09375	0
11.25	0
11.25	0
11.40625	0
11.40625	0
11.5625	0
11.5625	0
11.71875	0
11.71875	0
11.875	0
11.875	0
12.03125	0
12.03125	0
12.1875	0
12.1875	0
12.34375	0
12.34375	0
12.5	0
12.5	0
12.65625	0
12.65625	0
12.8125	0
12.8125	0
12.96875	0
12.96875	0
13.125	0
13.125	0
13.28125	0
13.28125	0
13.4375	0
13.4375	0
13.59375	0
13.59375	0
13.75	0
13.75	0
13.90625	0
13.90625	0
14.0625	0
14.0625	0
14.21875	0
14.21875	0
14.375	0
14.375	0
14.53125	0
14.53125	0
14.6875	0
14.6875	0
14.84375	0
14.84375	0
15	0
15	0
15.15625	0
15.15625	0
15.3125	0
15.3125	0
15.46875	0
15.46875	0
15.625	0
15.625	0
15.78125	0
15.78125	0
15.9375	0
15.9375	0
16.09375	0
16.09375	0
16.25	0
16.25	0
16.40625	0
16.40625	0
16.5625	0
16.5625	0
16.71875	0
16.71875	0
16.875	0
16.875	0
17.03125	0
17.03125	0
17.1875	0
17.1875	0
17.34375	0
17.34375	0
17.5	0
17.5	0
17.65625	0
17.65625	0
17.8125	0
17.8125	0
17.96875	0
17.96875	0
18.125	0
18.125	0
18.28125	0
18.28125	0
18.4375	0
18.4375	0
18.59375	0
18.59375	0
18.75	0
18.75	0
18.90625	0
18.90625	0
19.0625	0
19.0625	0
19.21875	0
19.21875	0
19.375	0
19.375	0
19.53125	0
19.53125	0
19.6875	0
19.6875	0
19.84375	0
19.84375	0
20	0
20	0
20.15625	0
20.15625	0
20.3125	0
20.3125	0
20.46875	0
20.46875	0
20.625	0
20.625	0
20.78125	0
20.78125	0
20.9375	0
20.9375	0
21.09375	0
21.09375	0
21.25	0
21.25	0
21.40625	0
21.40625	0
21.5625	0
21.5625	0
21.71875	0
21.71875	0
21.875	0
21.875	0
22.03125	0
22.03125	0
22.1875	0
22.1875	0
22.34375	0
22.34375	0
22.5	0
22.5	0
22.65625	0
22.65625	0
22.8125	0
22.8125	0
22.96875	0
22.96875	0
23.125	0
23.125	0
23.28125	0
23.28125	0
23.4375	0
23.4375	0
23.59375	0
23.59375	0
23.75	0
23.75	0
23.90625	0
23.90625	0
24.0625	0
24.0625	0
24.21875	0
24.21875	0
24.375	0
24.375	0
24.53125	0
24.53125	0
24.6875	0
24.6875	0
24.84375	0
24.84375	0
25	0
25	0
25.15625	0
25.15625	0
25.3125	0
25.3125	0
25.46875	0
25.46875	0
25.625	0
25.625	0
25.78125	0
25.78125	0
25.9375	0
25.9375	0
26.09375	0
26.09375	0
26.25	0
26.25	0
26.40625	0
26.40625	0
26.5625	0
26.5625	0
26.71875	0
26.71875	0
26.875	0
26.875	0
27.03125	0
27.03125	0
27.1875	0
27.1875	0
27.34375	0
27.34375	0
27.5	0
27.5	0
27.65625	0
27.65625	0
27.8125	0
27.8125	0
27.96875	0
27.96875	0
28.125	0
28.125	0
28.28125	0
28.28125	0
28.4375	0
28.4375	0
28.59375	0
28.59375	0
28.75	0
28.75	0
28.90625	0
28.90625	0
29.0625	0
29.0625	0
29.21875	0
29.21875	0
29.375	0
29.375	0
29.53125	0
29.53125	0
29.6875	0
29.6875	0
29.84375	0
29.84375	0
30	0
30	0
30.15625	0
30.15625	0
30.3125	0
30.3125	0
30.46875	0
30.46875	0
30.625	0
30.625	0
30.78125	0
30.78125	0
30.9375	0
30.9375	0
31.09375	0
31.09375	0
31.25	0
31.25	0
31.40625	0
31.40625	0
31.5625	0
31.5625	0
31.71875	0
31.71875	0
31.875	0
31.875	0
32.03125	0
32.03125	0
32.1875	0
32.1875	0
32.34375	0
32.34375	0
32.5	0
32.5	0
32.65625	0
32.65625	0
32.8125	0
32.8125	0
32.96875	0
32.96875	0
33.125	0
33.125	0
33.28125	0
33.28125	0
33.4375	0
33.4375	0
33.59375	0
33.59375	0
33.75	0
33.75	0
33.90625	0
33.90625	0
34.0625	0
34.0625	0
34.21875	0
34.21875	0
34.375	0
34.375	0
34.53125	0
34.53125	0
34.6875	0
34.6875	0
34.84375	0
34.84375	0
35	0
35	0
35.15625	0
35.15625	0
35.3125	0
35.3125	0
35.46875	0
35.46875	0
35.625	0
35.625	0
35.78125	0
35.78125	0
35.9375	0
35.9375	0
36.09375	0
36.09375	0
36.25	0
36.25	0
36.40625	0
36.40625	0
36.5625	0
36.5625	0
36.71875	0
36.71875	0
36.875	0
36.875	0
37.03125	0
37.03125	0
37.1875	0
37.1875	0
37.34375	0
37.34375	0
37.5	0
37.5	0
37.65625	0
37.65625	0
37.8125	0
37.8125	0
37.96875	0
37.96875	0
38.125	0
38.125	0
38.28125	0
38.28125	0
38.4375	0
38.4375	0
38.59375	0
38.59375	0
38.75	0
38.75	0
38.90625	0
38.90625	0
39.0625	0
39.0625	0
39.21875	0
39.21875	0
39.375	0
39.375	0
39.53125	0
39.53125	0
39.6875	0
39.6875	0
39.84375	0
39.84375	0
40	0
40	0
40.15625	0
40.15625	0
40.3125	0
40.3125	0
40.46875	0
40.46875	0
40.625	0
40.625	0
40.78125	0
40.78125	0
40.9375	0
40.9375	0
41.09375	0
41.09375	0
41.25	0
41.25	0
41.40625	0
41.40625	0
41.5625	0
41.5625	0
41.71875	0
41.71875	0
41.875	0
41.875	0
42.03125	0
42.03125	0
42.1875	0
42.1875	0
42.34375	0
42.34375	0
42.5	0
42.5	0
42.65625	0
42.65625	0
42.8125	0
42.8125	0
42.96875	0
42.96875	0
43.125	0
43.125	0
43.28125	0
43.28125	0
43.4375	0
43.4375	0
43.59375	0
43.59375	0
43.75	0
43.75	0
43.90625	0
43.90625	0
44.0625	0
44.0625	0
44.21875	0
44.21875	0
44.375	0
44.375	0
44.53125	0
44.53125	0
44.6875	0
44.6875	0
44.84375	0
44.84375	0
45	0
45	0
45.15625	0
45.15625	0
45.3125	0
45.3125	0
45.46875	0
45.46875	0
45.625	0
45.625	0
45.78125	0
45.78125	0
45.9375	0
45.9375	0
46.09375	0
46.09375	0
46.25	0
46.25	0
46.40625	0
46.40625	0
46.5625	0
46.5625	0
46.71875	0
46.71875	0
46.875	0
46.875	0
47.03125	0
47.03125	0
47.1875	0
47.1875	0
47.34375	0
47.34375	0
47.5	0
47.5	0
47.65625	0
47.65625	0
47.8125	0
47.8125	0
47.96875	0
47.96875	0
48.125	0
48.125	0
48.28125	0
48.28125	0
48.4375	0
48.4375	0
48.59375	0
48.59375	0
48.75	0
48.75	0
48.90625	0
48.90625	0
49.0625	0
49.0625	0
49.21875	0
49.21875	0
49.375	0
49.375	0
49.53125	0
49.53125	0
49.6875	0
49.6875	0
49.84375	0
49.84375	0
50	0
50	0
50.15625	0
50.15625	0
50.3125	0
50.3125	0
50.46875	0
50.46875	0
50.625	0
50.625	0
50.78125	0
50.78125	0
50.9375	0
50.9375	0
51.09375	0
51.09375	0
51.25	0
51.25	0
51.40625	0
51.40625	0
51.5625	0
51.5625	0
51.71875	0
51.71875	0
51.875	0
51.875	0
52.03125	0
52.03125	0
52.1875	0
52.1875	0
52.34375	0
52.34375	0
52.5	0
52.5	0
52.65625	0
52.65625	0
52.8125	0
52.8125	0
52.96875	0
52.96875	0
53.125	0
53.125	0
53.28125	0
53.28125	0
53.4375	0
53.4375	0
53.59375	0
53.59375	0
53.75	0
53.75	0
53.90625	0
53.90625	0
54.0625	0
54.0625	0
54.21875	0
54.21875	0
54.375	0
54.375	0
54.53125	0
54.53125	0
54.6875	0
54.6875	0
54.84375	0
54.84375	0
55	0
55	0
55.15625	0
55.15625	0
55.3125	0
55.3125	0
55.46875	0
55.46875	0
55.625	0
55.625	0
55.78125	0
55.78125	0
55.9375	0
55.9375	0
56.09375	0
56.09375	0
56.25	0
56.25	0
56.40625	0
56.40625	0
56.5625	0
56.5625	0
56.71875	0
56.71875	0
56.875	0
56.875	0
57.03125	0
57.03125	0
57.1875	0
57.1875	0
57.34375	0
57.34375	0
57.5	0
57.5	0
57.65625	0
57.65625	0
57.8125	0
57.8125	0
57.96875	0
57.96875	0
58.125	0
58.125	0
58.28125	0
58.28125	0
58.4375	0
58.4375	0
58.59375	0
58.59375	0
58.75	0
58.75	0
58.90625	0
58.90625	0
59.0625	0
59.0625	0
59.21875	0
59.21875	0
59.375	0
59.375	0
59.53125	0
59.53125	0
59.6875	0
59.6875	0
59.84375	0
59.84375	0
60	0
60	0
60.15625	0
60.15625	0
60.3125	0
60.3125	0
60.46875	0
60.46875	0
60.625	0
60.625	0
60.78125	0
60.78125	0
60.9375	0
60.9375	0
61.09375	0
61.09375	0
61.25	0
61.25	0
61.40625	0
61.40625	0
61.5625	0
61.5625	0
61.71875	0
61.71875	0
61.875	0
61.875	0
62.03125	0
62.03125	0
62.1875	0
62.1875	0
62.34375	0
62.34375	0
62.5	0
62.5	0
62.65625	0
62.65625	0
62.8125	0
62.8125	0
62.96875	0
62.96875	0
63.125	0
63.125	0
63.28125	0
63.28125	0
63.4375	0
63.4375	0
63.59375	0
63.59375	0
63.75	0
63.75	0
63.90625	0
63.90625	0
64.0625	0
64.0625	0
64.21875	0
64.21875	0
64.375	0
64.375	0
64.53125	0
64.53125	0
64.6875	0
64.6875	0
64.84375	0
64.84375	0
65	0
65	0
65.15625	0
65.15625	0
65.3125	0
65.3125	0
65.46875	0
65.46875	0
65.625	0
65.625	0
65.78125	0
65.78125	0
65.9375	0
65.9375	0
66.09375	0
66.09375	0
66.25	0
66.25	0
66.40625	0
66.40625	0
66.5625	0
66.5625	0
66.71875	0
66.71875	0
66.875	0
66.875	0
67.03125	0
67.03125	0
67.1875	0
67.1875	0
67.34375	0
67.34375	0
67.5	0
67.5	0
67.65625	0
67.65625	0
67.8125	0
67.8125	0
67.96875	0
67.96875	0
68.125	0
68.125	0
68.28125	0
68.28125	0
68.4375	0
68.4375	0
68.59375	0
68.59375	0
68.75	0
68.75	0
68.90625	0
68.90625	0
69.0625	0
69.0625	0
69.21875	0
69.21875	0
69.375	0
69.375	0
69.53125	0
69.53125	0
69.6875	0
69.6875	0
69.84375	0
69.84375	0
70	0
70	0
70.15625	0
70.15625	0
70.3125	0
70.3125	0
70.46875	0
70.46875	0
70.625	0
70.625	0
70.78125	0
70.78125	0
70.9375	0
70.9375	0
71.09375	0
71.09375	0
71.25	0
71.25	0
71.40625	0
71.40625	0
71.5625	0
71.5625	0
71.71875	0
71.71875	0
71.875	0
71.875	0
72.03125	0
72.03125	0
72.1875	0
72.1875	0
72.34375	0
72.34375	0
72.5	0
72.5	0
72.65625	0
72.65625	0
72.8125	0
72.8125	0
72.96875	0
72.96875	0
73.125	0
73.125	0
73.28125	0
73.28125	0
73.4375	0
73.4375	0
73.59375	0
73.59375	0
73.75	0
73.75	0
73.90625	0
73.90625	0
74.0625	0
74.0625	0
74.21875	0
74.21875	0
74.375	0
74.375	0
74.53125	0
74.53125	0
74.6875	0
74.6875	0
74.84375	0
74.84375	0
75	0
75	0
75.15625	0
75.15625	0
75.3125	0
75.3125	0
75.46875	0
75.46875	0
75.625	0
75.625	0
75.78125	0
75.78125	0
75.9375	0
75.9375	0
76.09375	0
76.09375	0
76.25	0
76.25	0
76.40625	0
76.40625	0
76.5625	0
76.5625	0
76.71875	0
76.71875	0
76.875	0
76.875	0
77.03125	0
77.03125	0
77.1875	0
77.1875	0
77.34375	0
77.34375	0
77.5	0
77.5	0
77.65625	0
77.65625	0
77.8125	0
77.8125	0
77.96875	0
77.96875	0
78.125	0
78.125	0
78.28125	0
78.28125	0
78.4375	0
78.4375	0
78.59375	0
78.59375	0
78.75	0
78.75	0
78.90625	0
78.90625	0
79.0625	0
79.0625	0
79.21875	0
79.21875	0
79.375	0
79.375	0
79.53125	0
79.53125	0
79.6875	0
79.6875	0
79.84375	0
79.84375	0
80	0
80	0
80.15625	0
80.15625	0
80.3125	0
80.3125	0
80.46875	0
80.46875	0
80.625	0
80.625	0
80.78125	0
80.78125	0
80.9375	0
80.9375	0
81.09375	0
81.09375	0
81.25	0
81.25	0
81.40625	0
81.40625	0
81.5625	0
81.5625	0
81.71875	0
81.71875	0
81.875	0
81.875	0
82.03125	0
82.03125	0
82.1875	0
82.1875	0
82.34375	0
82.34375	0
82.5	0
82.5	0
82.65625	0
82.65625	0
82.8125	0
82.8125	0
82.96875	0
82.96875	0
83.125	0
83.125	0
83.28125	0
83.28125	0
83.4375	0
83.4375	0
83.59375	0
83.59375	0
83.75	0
83.75	0
83.90625	0
83.90625	0
84.0625	0
84.0625	0
84.21875	0
84.21875	0
84.375	0
84.375	0
84.53125	0
84.53125	0
84.6875	0
84.6875	0
84.84375	0
84.84375	0
85	0
85	0
85.15625	0
85.15625	0
85.3125	0
85.3125	0
85.46875	0
85.46875	0
85.625	0
85.625	0
85.78125	0
85.78125	0
85.9375	0
85.9375	0
86.09375	0
86.09375	0
86.25	0
86.25	0
86.40625	0
86.40625	0
86.5625	0
86.5625	0
86.71875	0
86.71875	0
86.875	0
86.875	0
87.03125	0
87.03125	0
87.1875	0
87.1875	0
87.34375	0
87.34375	0
87.5	0
87.5	0
87.65625	0
87.65625	0
87.8125	0
87.8125	0
87.96875	0
87.96875	0
88.125	0
88.125	0
88.28125	0
88.28125	0
88.4375	0
88.4375	0
88.59375	0
88.59375	0
88.75	0
88.75	0
88.90625	0
88.90625	0
89.0625	0
89.0625	0
89.21875	0
89.21875	0
89.375	0
89.375	0
89.53125	0
89.53125	0
89.6875	0
89.6875	0
89.84375	0
89.84375	0
90	0
90	0
90.15625	0
90.15625	0
90.3125	0
90.3125	0
90.46875	0
90.46875	0
90.625	0
90.625	0
90.78125	0
90.78125	0
90.9375	0
90.9375	0
91.09375	0
91.09375	0
91.25	0
91.25	0
91.40625	0
91.40625	0
91.5625	0
91.5625	0
91.71875	0
91.71875	0
91.875	0
91.875	0
92.03125	0
92.03125	0
92.1875	0
92.1875	0
92.34375	0
92.34375	0
92.5	0
92.5	0
92.65625	0
92.65625	0
92.8125	0
92.8125	0
92.96875	0
92.96875	0
93.125	0
93.125	0
93.28125	0
93.28125	0
93.4375	0
93.4375	0
93.59375	0
93.59375	0
93.75	0
93.75	0
93.90625	0
93.90625	0
94.0625	0
94.0625	0
94.21875	0
94.21875	0
94.375	0
94.375	0
94.53125	0
94.53125	0
94.6875	0
94.6875	0
94.84375	0
94.84375	0
95	0
95	0
95.15625	0
95.15625	0
95.3125	0
95.3125	0
95.46875	0
95.46875	0
95.625	0
95.625	0
95.78125	0
95.78125	0
95.9375	0
95.9375	0
96.09375	0
96.09375	0
96.25	0
96.25	0
96.40625	0
96.40625	0
96.5625	0
96.5625	0
96.71875	0
96.71875	0
96.875	0
96.875	0
97.03125	0
97.03125	0
97.1875	0
97.1875	0
97.34375	0
97.34375	0
97.5	0
97.5	0
97.65625	0
97.65625	0
97.8125	0
97.8125	0
97.96875	0
97.96875	0
98.125	0
98.125	0
98.28125	0
98.28125	0
98.4375	0
98.4375	0
98.59375	0
98.59375	0
98.75	0
98.75	0
98.90625	0
98.90625	0
99.0625	0
99.0625	0
99.21875	0
99.21875	0
99.375	0
99.375	0
99.53125	0
99.53125	0
99.6875	0
99.6875	0
99.84375	0
99.84375	0
100	0
0	0
0.15625	0
0.15625	0
0.3125	0
0.3125	0
0.46875	0
0.46875	0
0.625	0
0.625	0
0.78125	0
0.78125	0
0.9375	0
0.9375	0
1.09375	0
1.09375	0
1.25	0
1.25	0
1.40625	0
1.40625	0
1.5625	0
1.5625	0
1.71875	0
1.71875	0
1.875	0
1.875	0
2.03125	0
2.03125	0
2.1875	0
2.1875	0
2.34375	0
2.34375	0
2.5	0
2.5	0
2.65625	0
2.65625	0
2.8125	0
2.8125	0
2.96875	0
2.96875	0
3.125	0
3.125	0
3.28125	0
3.28125	0
3.4375	0
3.4375	0
3.59375	0
3.59375	0
3.75	0
3.75	0
3.90625	0
3.90625	0
4.0625	0
4.0625	0
4.21875	0
4.21875	0
4.375	0
4.375	0
4.53125	0
4.53125	0
4.6875	0
4.6875	0
4.84375	0
4.84375	0
5	0
5	0
5.15625	0
5.15625	0
5.3125	0
5.3125	0
5.46875	0
5.46875	0
5.625	0
5.625	0
5.78125	0
5.78125	0
5.9375	0
5.9375	0
6.09375	0
6.09375	0
6.25	0
6.25	0
6.40625	0
6.40625	0
6.5625	0
6.5625	0
6.71875	0
6.71875	0
6.875	0
6.875	0
7.03125	0
7.03125	0
7.1875	0
7.1875	0
7.34375	0
7.34375	0
7.5	0
7.5	0
7.65625	0
7.65625	0
7.8125	0
7.8125	0
7.96875	0
7.96875	0
8.125	0
8.125	0
8.28125	0
8.28125	0
8.4375	0
8.4375	0
8.59375	0
8.59375	0
8.75	0
8.75	0
8.90625	0
8.90625	0
9.0625	0
9.0625	0
9.21875	0
9.21875	0
9.375	0
9.375	0
9.53125	0
9.53125	0
9.6875	0
9.6875	0
9.84375	0
9.84375	0
10	0
10	0
10.15625	0
10.15625	0
10.3125	0
10.3125	0
10.46875	0
10.46875	0
10.625	0
10.625	0
10.78125	0
10.78125	0
10.9375	0
10.9375	0
11.09375	0
11.09375	0
11.25	0
11.25	0
11.40625	0
11.40625	0
11.5625	0
11.5625	0
11.71875	0
11.71875	0
11.875	0
11.875	0
12.03125	0
12.03125	0
12.1875	0
12.1875	0
12.34375	0
12.34375	0
12.5	0
12.5	0
12.65625	0
12.65625	0
12.8125	0
12.8125	0
12.96875	0
12.96875	0
13.125	0
13.125	0
13.28125	0
13.28125	0
13.4375	0
13.4375	0
13.59375	0
13.59375	0
13.75	0
13.75	0
13.90625	0
13.90625	0
14.0625	0
14.0625	0
14.21875	0
14.21875	0
14.375	0
14.375	0
14.53125	0
14.53125	0
14.6875	0
14.6875	0
14.84375	0
14.84375	0
15	0
15	0
15.15625	0
15.15625	0
15.3125	0
15.3125	0
15.46875	0
15.46875	0
15.625	0
15.625	0
15.78125	0
15.78125	0
15.9375	0
15.9375	0
16.09375	0
16.09375	0
16.25	0
16.25	0
16.40625	0
16.40625	0
16.5625	0
16.5625	0
16.71875	0
16.71875	0
16.875	0
16.875	0
17.03125	0
17.03125	0
17.1875	0
17.1875	0
17.34375	0
17.34375	0
17.5	0
17.5	0
17.65625	0
17.65625	0
17.8125	0
17.8125	0
17.96875	0
17.96875	0
18.125	0
18.125	0
18.28125	0
18.28125	0
18.4375	0
18.4375	0
18.59375	0
18.59375	0
18.75	0
18.75	0
18.90625	0
18.90625	0
19.0625	0
19.0625	0
19.21875	0
19.21875	0
19.375	0
19.375	0
19.53125	0
19.53125	0
19.6875	0
19.6875	0
19.84375	0
19.84375	0
20	0
20	0
20.15625	0
20.15625	0
20.3125	0
20.3125	0
20.46875	0
20.46875	0
20.625	0
20.625	0
20.78125	0
20.78125	0
20.9375	0
20.9375	0
21.09375	0
21.09375	0
21.25	0
21.25	0
21.40625	0
21.40625	0
21.5625	0
21.5625	0
21.71875	0
21.71875	0
21.875	0
21.875	0
22.03125	0
22.03125	0
22.1875	0
22.1875	0
22.34375	0
22.34375	0
22.5	0
22.5	0
22.65625	0
22.65625	0
22.8125	0
22.8125	0
22.96875	0
22.96875	0
23.125	0
23.125	0
23.28125	0
23.28125	0
23.4375	0
23.4375	0
23.59375	0
23.59375	0
23.75	0
23.75	0
23.90625	0
23.90625	0
24.0625	0
24.0625	0
24.21875	0
24.21875	0
24.375	0
24.375	0
24.53125	0
24.53125	0
24.6875	0
24.6875	0
24.84375	0
24.84375	0
25	0
25	0
25.15625	0
25.15625	0
25.3125	0
25.3125	0
25.46875	0
25.46875	0
25.625	0
25.625	0
25.78125	0
25.78125	0
25.9375	0
25.9375	0
26.09375	0
26.09375	0
26.25	0
26.25	0
26.40625	0
26.40625	0
26.5625	0
26.5625	0
26.71875	0
26.71875	0
26.875	0
26.875	0
27.03125	0
27.03125	0
27.1875	0
27.1875	0
27.34375	0
27.34375	0
27.5	0
27.5	0
27.65625	0
27.65625	0
27.8125	0
27.8125	0
27.96875	0
27.96875	0
28.125	0
28.125	0
28.28125	0
28.28125	0
28.4375	0
28.4375	0
28.59375	0
28.59375	0
28.75	0
28.75	0
28.90625	0
28.90625	0
29.0625	0
29.0625	0
29.21875	0
29.21875	0
29.375	0
29.375	0
29.53125	0
29.53125	0
29.6875	0
29.6875	0
29.84375	0
29.84375	0
30	0
30	0
30.15625	0
30.15625	0
30.3125	0
30.3125	0
30.46875	0
30.46875	0
30.625	0
30.625	0
30.78125	0
30.78125	0
30.9375	0
30.9375	0
31.09375	0
31.09375	0
31.25	0
31.25	0
31.40625	0
31.40625	0
31.5625	0
31.5625	0
31.71875	0
31.71875	0
31.875	0
31.875	0
32.03125	0
32.03125	0
32.1875	0
32.1875	0
32.34375	0
32.34375	0
32.5	0
32.5	0
32.65625	0
32.65625	0
32.8125	0
32.8125	0
32.96875	0
32.96875	0
33.125	0
33.125	0
33.28125	0
33.28125	0
33.4375	0
33.4375	0
33.59375	0
33.59375	0
33.75	0
33.75	0
33.90625	0
33.90625	0
34.0625	0
34.0625	0
34.21875	0
34.21875	0
34.375	0
34.375	0
34.53125	0
34.53125	0
34.6875	0
34.6875	0
34.84375	0
34.84375	0
35	0
35	0
35.15625	0
35.15625	0
35.3125	0
35.3125	0
35.46875	0
35.46875	0
35.625	0
35.625	0
35.78125	0
35.78125	0
35.9375	0
35.9375	0
36.09375	0
36.09375	0
36.25	0
36.25	0
36.40625	0
36.40625	0
36.5625	0
36.5625	0
36.71875	0
36.71875	0
36.875	0
36.875	0
37.03125	0
37.03125	0
37.1875	0
37.1875	0
37.34375	0
37.34375	0
37.5	0
37.5	0
37.65625	0
37.65625	0
37.8125	0
37.8125	0
37.96875	0
37.96875	0
38.125	0
38.125	0
38.28125	0
38.28125	0
38.4375	0
38.4375	0
38.59375	0
38.59375	0
38.75	0
38.75	0
38.90625	0
38.90625	0
39.0625	0
39.0625	0
39.21875	0
39.21875	0
39.375	0
39.375	0
39.53125	0
39.53125	0
39.6875	0
39.6875	0
39.84375	0
39.84375	0
40	0
40	4.10684666342018e-07
40.15625	0.024542049865444
40.15625	0.0245428709873952
40.3125	0.0490697272024013
40.3125	0.0490705475823583
40.46875	0.0735678467705273
40.46875	0.0735686659143237
40.625	0.0980216518186376
40.625	0.098022469232852
40.78125	0.122416412288958
40.78125	0.122417227481211
40.9375	0.14673743368996
40.9375	0.14673824616921
41.09375	0.170970065947773
41.09375	0.170970875224612
41.25	0.195099712230842
41.25	0.195100517817793
41.40625	0.219111837742511
41.40625	0.219112639154319
41.5625	0.242991978476244
41.5625	0.242992775230167
41.71875	0.266725749928198
41.71875	0.266726541544302
41.875	0.290298855761913
41.875	0.290299641763358
42.03125	0.31369709641989
42.03125	0.313697876333218
42.1875	0.336906377676874
42.1875	0.336907151032295
42.34375	0.359912719129687
42.34375	0.359913485461359
42.5	0.382702262618499
42.5	0.382703021464814
42.65625	0.405261280574469
42.65625	0.405262031478326
42.8125	0.427576184288716
42.8125	0.427576926797798
42.96875	0.449633532097651
42.96875	0.449634265764699
43.125	0.471420037479731
43.125	0.471420761862812
43.28125	0.492922577058765
43.28125	0.492923291721536
43.4375	0.51412819850894
43.4375	0.514128903020916
43.59375	0.535024128356825
43.59375	0.535024822293634
43.75	0.555597779675628
43.75	0.555598462619268
43.90625	0.575836759667094
43.90625	0.575837431206186
44.0625	0.59572887712646
44.0625	0.595729536856494
44.21875	0.615262149785982
44.21875	0.615262797309561
44.375	0.634424811532607
44.375	0.634425446459687
44.53125	0.653205319495436
44.53125	0.653205941443561
44.6875	0.671592360998722
44.6875	0.671592969593253
44.84375	0.689574860376198
44.84375	0.689575455250541
45	0.707141985642648
45	0.707142566438472
45.15625	0.724283155018688
45.15625	0.724283721386145
45.3125	0.740988043304837
45.3125	0.740988594902767
45.46875	0.757246588101027
45.46875	0.757247124597169
45.625	0.773048995867818
45.625	0.773049516939006
45.78125	0.788385747825662
45.78125	0.788386253158023
45.9375	0.803247605688658
45.9375	0.803248094977798
46.09375	0.81762561722935
46.09375	0.81762609018054
46.25	0.831511121671214
46.25	0.831511577999565
46.40625	0.844895754905586
46.40625	0.844896194336225
46.5625	0.857771454529891
46.5625	0.857771876798119
46.71875	0.870130464704128
46.71875	0.870130869555587
46.875	0.8819653408227
46.875	0.881965728013523
47.03125	0.893268953998769
47.03125	0.893269323295727
47.1875	0.904034495358427
47.1875	0.904034846539068
47.34375	0.914255480142108
47.34375	0.914255812994895
47.5	0.923925751610765
47.5	0.9239260659352
47.65625	0.933039484754462
47.65625	0.933039780361207
47.8125	0.941591189801135
47.8125	0.941591466512129
47.96875	0.949575715523435
47.96875	0.949575973171997
48.125	0.956988252341627
48.125	0.956988490772559
48.28125	0.963824335220704
48.28125	0.963824554290383
48.4375	0.970079846359957
48.4375	0.970080045936425
48.59375	0.975751017673384
48.59375	0.975751197636423
48.75	0.980834433059446
48.75	0.980834593300653
48.90625	0.985327030458794
48.90625	0.985327170881646
49.0625	0.989226103698745
49.0625	0.989226224218657
49.21875	0.992529304123374
49.21875	0.992529404667749
49.375	0.99523464200826
49.375	0.995234722516533
49.53125	0.997340487759021
49.53125	0.997340548182698
49.6875	0.998845572892919
49.6875	0.998845613195602
49.84375	0.999748990802947
49.84375	0.99974901096036
50	1.00005019730394
50	1.00005019730394
50.15625	0.99974901096036
50.15625	0.999748990802947
50.3125	0.998845613195602
50.3125	0.998845572892919
50.46875	0.997340548182698
50.46875	0.997340487759021
50.625	0.995234722516533
50.625	0.99523464200826
50.78125	0.992529404667749
50.78125	0.992529304123374
50.9375	0.989226224218657
50.9375	0.989226103698745
51.09375	0.985327170881647
51.09375	0.985327030458794
51.25	0.980834593300653
51.25	0.980834433059446
51.40625	0.975751197636423
51.40625	0.975751017673384
51.5625	0.970080045936425
51.5625	0.970079846359957
51.71875	0.963824554290383
51.71875	0.963824335220704
51.875	0.956988490772559
51.875	0.956988252341627
52.03125	0.949575973171997
52.03125	0.949575715523436
52.1875	0.94159146651213
52.1875	0.941591189801135
52.34375	0.933039780361207
52.34375	0.933039484754462
52.5	0.923926065935201
52.5	0.923925751610765
52.65625	0.914255812994895
52.65625	0.914255480142108
52.8125	0.904034846539069
52.8125	0.904034495358427
52.96875	0.893269323295727
52.96875	0.893268953998769
53.125	0.881965728013523
53.125	0.8819653408227
53.28125	0.870130869555587
53.28125	0.870130464704128
53.4375	0.85777187679812
53.4375	0.857771454529891
53.59375	0.844896194336225
53.59375	0.844895754905587
53.75	0.831511577999566
53.75	0.831511121671214
53.90625	0.81762609018054
53.90625	0.81762561722935
54.0625	0.803248094977798
54.0625	0.803247605688659
54.21875	0.788386253158023
54.21875	0.788385747825662
54.375	0.773049516939006
54.375	0.773048995867818
54.53125	0.757247124597169
54.53125	0.757246588101027
54.6875	0.740988594902767
54.6875	0.740988043304837
54.84375	0.724283721386145
54.84375	0.724283155018688
55	0.707142566438472
55	0.707141985642648
55.15625	0.689575455250541
55.15625	0.689574860376198
55.3125	0.671592969593253
55.3125	0.671592360998723
55.46875	0.653205941443562
55.46875	0.653205319495437
55.625	0.634425446459687
55.625	0.634424811532607
55.78125	0.615262797309561
55.78125	0.615262149785983
55.9375	0.595729536856494
55.9375	0.59572887712646
56.09375	0.575837431206186
56.09375	0.575836759667095
56.25	0.555598462619269
56.25	0.555597779675628
56.40625	0.535024822293633
56.40625	0.535024128356825
56.5625	0.514128903020916
56.5625	0.51412819850894
56.71875	0.492923291721536
56.71875	0.492922577058765
56.875	0.471420761862813
56.875	0.471420037479732
57.03125	0.4496342657647
57.03125	0.449633532097652
57.1875	0.4275769267978
57.1875	0.427576184288717
57.34375	0.405262031478326
57.34375	0.405261280574469
57.5	0.382703021464813
57.5	0.3827022626185
57.65625	0.35991348546136
57.65625	0.359912719129687
57.8125	0.336907151032294
57.8125	0.336906377676875
57.96875	0.313697876333219
57.96875	0.31369709641989
58.125	0.290299641763357
58.125	0.290298855761914
58.28125	0.266726541544302
58.28125	0.266725749928198
58.4375	0.242992775230167
58.4375	0.242991978476245
58.59375	0.21911263915432
58.59375	0.219111837742512
58.75	0.195100517817794
58.75	0.195099712230842
58.90625	0.170970875224612
58.90625	0.170970065947774
59.0625	0.14673824616921
59.0625	0.14673743368996
59.21875	0.12241722748121
59.21875	0.122416412288959
59.375	0.0980224692328526
59.375	0.0980216518186373
59.53125	0.0735686659143235
59.53125	0.0735678467705279
59.6875	0.0490705475823589
59.6875	0.0490697272024011
59.84375	0.0245428709873949
59.84375	0.0245420498654446
60	4.1068466695264e-07
60	0
60.15625	0
60.15625	0
60.3125	0
60.3125	0
60.46875	0
60.46875	0
60.625	0
60.625	0
60.78125	0
60.78125	0
60.9375	0
60.9375	0
61.09375	0
61.09375	0
61.25	0
61.25	0
61.40625	0
61.40625	0
61.5625	0
61.5625	0
61.71875	0
61.71875	0
61.875	0
61.875	0
62.03125	0
62.03125	0
62.1875	0
62.1875	0
62.34375	0
62.34375	0
62.5	0
62.5	0
62.65625	0
62.65625	0
62.8125	0
62.8125	0
62.96875	0
62.96875	0
63.125	0
63.125	0
63.28125	0
63.28125	0
63.4375	0
63.4375	0
63.59375	0
63.59375	0
63.75	0
63.75	0
63.90625	0
63.90625	0
64.0625	0
64.0625	0
64.21875	0
64.21875	0
64.375	0
64.375	0
64.53125	0
64.53125	0
64.6875	0
64.6875	0
64.84375	0
64.84375	0
65	0
65	0
65.15625	0
65.15625	0
65.3125	0
65.3125	0
65.46875	0
65.46875	0
65.625	0
65.625	0
65.78125	0
65.78125	0
65.9375	0
65.9375	0
66.09375	0
66.09375	0
66.25	0
66.25	0
66.40625	0
66.40625	0
66.5625	0
66.5625	0
66.71875	0
66.71875	0
66.875	0
66.875	0
67.03125	0
67.03125	0
67.1875	0
67.1875	0
67.34375	0
67.34375	0
67.5	0
67.5	0
67.65625	0
67.65625	0
67.8125	0
67.8125	0
67.96875	0
67.96875	0
68.125	0
68.125	0
68.28125	0
68.28125	0
68.4375	0
68.4375	0
68.59375	0
68.59375	0
68.75	0
68.75	0
68.90625	0
68.90625	0
69.0625	0
69.0625	0
69.21875	0
69.21875	0
69.375	0
69.375	0
69.53125	0
69.53125	0
69.6875	0
69.6875	0
69.84375	0
69.84375	0
70	0
70	0
70.15625	0
70.15625	0
70.3125	0
70.3125	0
70.46875	0
70.46875	0
70.625	0
70.625	0
70.78125	0
70.78125	0
70.9375	0
70.9375	0
71.09375	0
71.09375	0
71.25	0
71.25	0
71.40625	0
71.40625	0
71.5625	0
71.5625	0
71.71875	0
71.71875	0
71.875	0
71.875	0
72.03125	0
72.03125	0
72.1875	0
72.1875	0
72.34375	0
72.34375	0
72.5	0
72.5	0
72.65625	0
72.65625	0
72.8125	0
72.8125	0
72.96875	0
72.96875	0
73.125	0
73.125	0
73.28125	0
73.28125	0
73.4375	0
73.4375	0
73.59375	0
73.59375	0
73.75	0
73.75	0
73.90625	0
73.90625	0
74.0625	0
74.0625	0
74.21875	0
74.21875	0
74.375	0
74.375	0
74.53125	0
74.53125	0
74.6875	0
74.6875	0
74.84375	0
74.84375	0
75	0
75	0
75.15625	0
75.15625	0
75.3125	0
75.3125	0
75.46875	0
75.46875	0
75.625	0
75.625	0
75.78125	0
75.78125	0
75.9375	0
75.9375	0
76.09375	0
76.09375	0
76.25	0
76.25	0
76.40625	0
76.40625	0
76.5625	0
76.5625	0
76.71875	0
76.71875	0
76.875	0
76.875	0
77.03125	0
77.03125	0
77.1875	0
77.1875	0
77.34375	0
77.34375	0
77.5	0
77.5	0
77.65625	0
77.65625	0
77.8125	0
77.8125	0
77.96875	0
77.96875	0
78.125	0
78.125	0
78.28125	0
78.28125	0
78.4375	0
78.4375	0
78.59375	0
78.59375	0
78.75	0
78.75	0
78.90625	0
78.90625	0
79.0625	0
79.0625	0
79.21875	0
79.21875	0
79.375	0
79.375	0
79.53125	0
79.53125	0
79.6875	0
79.6875	0
79.84375	0
79.84375	0
80	0
80	0
80.15625	0
80.15625	0
80.3125	0
80.3125	0
80.46875	0
80.46875	0
80.625	0
80.625	0
80.78125	0
80.78125	0
80.9375	0
80.9375	0
81.09375	0
81.09375	0
81.25	0
81.25	0
81.40625	0
81.40625	0
81.5625	0
81.5625	0
81.71875	0
81.71875	0
81.875	0
81.875	0
82.03125	0
82.03125	0
82.1875	0
82.1875	0
82.34375	0
82.34375	0
82.5	0
82.5	0
82.65625	0
82.65625	0
82.8125	0
82.8125	0
82.96875	0
82.96875	0
83.125	0
83.125	0
83.28125	0
83.28125	0
83.4375	0
83.4375	0
83.59375	0
83.59375	0
83.75	0
83.75	0
83.90625	0
83.90625	0
84.0625	0
84.0625	0
84.21875	0
84.21875	0
84.375	0
84.375	0
84.53125	0
84.53125	0
84.6875	0
84.6875	0
84.84375	0
84.84375	0
85	0
85	0
85.15625	0
85.15625	0
85.3125	0
85.3125	0
85.46875	0
85.46875	0
85.625	0
85.625	0
85.78125	0
85.78125	0
85.9375	0
85.9375	0
86.09375	0
86.09375	0
86.25	0
86.25	0
86.40625	0
86.40625	0
86.5625	0
86.5625	0
86.71875	0
86.71875	0
86.875	0
86.875	0
87.03125	0
87.03125	0
87.1875	0
87.1875	0
87.34375	0
87.34375	0
87.5	0
87.5	0
87.65625	0
87.65625	0
87.8125	0
87.8125	0
87.96875	0
87.96875	0
88.125	0
88.125	0
88.28125	0
88.28125	0
88.4375	0
88.4375	0
88.59375	0
88.59375	0
88.75	0
88.75	0
88.90625	0
88.90625	0
89.0625	0
89.0625	0
89.21875	0
89.21875	0
89.375	0
89.375	0
89.53125	0
89.53125	0
89.6875	0
89.6875	0
89.84375	0
89.84375	0
90	0
90	0
90.15625	0
90.15625	0
90.3125	0
90.3125	0
90.46875	0
90.46875	0
90.625	0
90.625	0
90.78125	0
90.78125	0
90.9375	0
90.9375	0
91.09375	0
91.09375	0
91.25	0
91.25	0
91.40625	0
91.40625	0
91.5625	0
91.5625	0
91.71875	0
91.71875	0
91.875	0
91.875	0
92.03125	0
92.03125	0
92.1875	0
92.1875	0
92.34375	0
92.34375	0
92.5	0
92.5	0
92.65625	0
92.65625	0
92.8125	0
92.8125	0
92.96875	0
92.96875	0
93.125	0
93.125	0
93.28125	0
93.28125	0
93.4375	0
93.4375	0
93.59375	0
93.59375	0
93.75	0
93.75	0
93.90625	0
93.90625	0
94.0625	0
94.0625	0
94.21875	0
94.21875	0
94.375	0
94.375	0
94.53125	0
94.53125	0
94.6875	0
94.6875	0
94.84375	0
94.84375	0
95	0
95	0
95.15625	0
95.15625	0
95.3125	0
95.3125	0
95.46875	0
95.46875	0
95.625	0
95.625	0
95.78125	0
95.78125	0
95.9375	0
95.9375	0
96.09375	0
96.09375	0
96.25	0
96.25	0
96.40625	0
96.40625	0
96.5625	0
96.5625	0
96.71875	0
96.71875	0
96.875	0
96.875	0
97.03125	0
97.03125	0
97.1875	0
97.1875	0
97.34375	0
97.34375	0
97.5	0
97.5	0
97.65625	0
97.65625	0
97.8125	0
97.8125	0
97.96875	0
97.96875	0
98.125	0
98.125	0
98.28125	0
98.28125	0
98.4375	0
98.4375	0
98.59375	0
98.59375	0
98.75	0
98.75	0
98.90625	0
98.90625	0
99.0625	0
99.0625	0
99.21875	0
99.21875	0
99.375	0
99.375	0
99.53125	0
99.53125	0
99.6875	0
99.6875	0
99.84375	0
99.84375	0
100	0
0	1
0.15625	1
0.15625	1
0.3125	1
0.3125	1
0.46875	1
0.46875	1
0.625	1
0.625	1
0.78125	1
0.78125	1
0.9375	1
0.9375	1
1.09375	1
1.09375	1
1.25	1
1.25	1
1.40625	1
1.40625	1
1.5625	1
1.5625	1
1.71875	1
1.71875	1
1.875	1
1.875	1
2.03125	1
2.03125	1
2.1875	1
2.1875	1
2.34375	1
2.34375	1
2.5	1
2.5	1
2.65625	1
2.65625	1
2.8125	1
2.8125	1
2.96875	1
2.96875	1
3.125	1
3.125	1
3.28125	1
3.28125	1
3.4375	1
3.4375	1
3.59375	1
3.59375	1
3.75	1
3.75	1
3.90625	1
3.90625	1
4.0625	1
4.0625	1
4.21875	1
4.21875	1
4.375	1
4.375	1
4.53125	1
4.53125	1
4.6875	1
4.6875	1
4.84375	1
4.84375	1
5	1
5	1
5.15625	1
5.15625	1
5.3125	1
5.3125	1
5.46875	1
5.46875	1
5.625	1
5.625	1
5.78125	1
5.78125	1
5.9375	1
5.9375	1
6.09375	1
6.09375	1
6.25	1
6.25	1
6.40625	1
6.40625	1
6.5625	1
6.5625	1
6.71875	1
6.71875	1
6.875	1
6.875	1
7.03125	1
7.03125	1
7.1875	1
7.1875	1
7.34375	1
7.34375	1
7.5	1
7.5	1
7.65625	1
7.65625	1
7.8125	1
7.8125	1
7.96875	1
7.96875	1
8.125	1
8.125	1
8.28125	1
8.28125	1
8.4375	1
8.4375	1
8.59375	1
8.59375	1
8.75	1
8.75	1
8.90625	1
8.90625	1
9.0625	1
9.0625	1
9.21875	1
9.21875	1
9.375	1
9.375	1
9.53125	1
9.53125	1
9.6875	1
9.6875	1
9.84375	1
9.84375	1
10	1
10	1
10.15625	1
10.15625	1
10.3125	1
10.3125	1
10.46875	1
10.46875	1
10.625	1
10.625	1
10.78125	1
10.78125	1
10.9375	1
10.9375	1
11.09375	1
11.09375	1
11.25	1
11.25	1
11.40625	1
11.40625	1
11.5625	1
11.5625	1
11.71875	1
11.71875	1
11.875	1
11.875	1
12.03125	1
12.03125	1
12.1875	1
12.1875	1
12.34375	1
12.34375	1
12.5	1
12.5	1
12.65625	1
12.65625	1
12.8125	1
12.8125	1
12.96875	1
12.96875	1
13.125	1
13.125	1
13.28125	1
13.28125	1
13.4375	1
13.4375	1
13.59375	1
13.59375	1
13.75	1
13.75	1
13.90625	1
13.90625	1
14.0625	1
14.0625	1
14.21875	1
14.21875	1
14.375	1
14.375	1
14.53125	1
14.53125	1
14.6875	1
14.6875	1
14.84375	1
14.84375	1
15	1
15	1
15.15625	1
15.15625	1
15.3125	1
15.3125	1
15.46875	1
15.46875	1
15.625	1
15.625	1
15.78125	1
15.78125	1
15.9375	1
15.9375	1
16.09375	1
16.09375	1
16.25	1
16.25	1
16.40625	1
16.40625	1
16.5625	1
16.5625	1
16.71875	1
16.71875	1
16.875	1
16.875	1
17.03125	1
17.03125	1
17.1875	1
17.1875	1
17.34375	1
17.34375	1
17.5	1
17.5	1
17.65625	1
17.65625	1
17.8125	1
17.8125	1
17.96875	1
17.96875	1
18.125	1
18.125	1
18.28125	1
18.28125	1
18.4375	1
18.4375	1
18.59375	1
18.59375	1
18.75	1
18.75	1
18.90625	1
18.90625	1
19.0625	1
19.0625	1
19.21875	1
19.21875	1
19.375	1
19.375	1
19.53125	1
19.53125	1
19.6875	1
19.6875	1
19.84375	1
19.84375	1
20	1
20	1
20.15625	1
20.15625	1
20.3125	1
20.3125	1
20.46875	1
20.46875	1
20.625	1
20.625	1
20.78125	1
20.78125	1
20.9375	1
20.9375	1
21.09375	1
21.09375	1
21.25	1
21.25	1
21.40625	1
21.40625	1
21.5625	1
21.5625	1
21.71875	1
21.71875	1
21.875	1
21.875	1
22.03125	1
22.03125	1
22.1875	1
22.1875	1
22.34375	1
22.34375	1
22.5	1
22.5	1
22.65625	1
22.65625	1
22.8125	1
22.8125	1
22.96875	1
22.96875	1
23.125	1
23.125	1
23.28125	1
23.28125	1
23.4375	1
23.4375	1
23.59375	1
23.59375	1
23.75	1
23.75	1
23.90625	1
23.90625	1
24.0625	1
24.0625	1
24.21875	1
24.21875	1
24.375	1
24.375	1
24.53125	1
24.53125	1
24.6875	1
24.6875	1
24.84375	1
24.84375	1
25	1
25	1
25.15625	1
25.15625	1
25.3125	1
25.3125	1
25.46875	1
25.46875	1
25.625	1
25.625	1
25.78125	1
25.78125	1
25.9375	1
25.9375	1
26.09375	1
26.09375	1
26.25	1
26.25	1
26.40625	1
26.40625	1
26.5625	1
26.5625	1
26.71875	1
26.71875	1
26.875	1
26.875	1
27.03125	1
27.03125	1
27.1875	1
27.1875	1
27.34375	1
27.34375	1
27.5	1
27.5	1
27.65625	1
27.65625	1
27.8125	1
27.8125	1
27.96875	1
27.96875	1
28.125	1
28.125	1
28.28125	1
28.28125	1
28.4375	1
28.4375	1
28.59375	1
28.59375	1
28.75	1
28.75	1
28.90625	1
28.90625	1
29.0625	1
29.0625	1
29.21875	1
29.21875	1
29.375	1
29.375	1
29.53125	1
29.53125	1
29.6875	1
29.6875	1
29.84375	1
29.84375	1
30	1
30	1
30.15625	1
30.15625	1
30.3125	1
30.3125	1
30.46875	1
30.46875	1
30.625	1
30.625	1
30.78125	1
30.78125	1
30.9375	1
30.9375	1
31.09375	1
31.09375	1
31.25	1
31.25	1
31.40625	1
31.40625	1
31.5625	1
31.5625	1
31.71875	1
31.71875	1
31.875	1
31.875	1
32.03125	1
32.03125	1
32.1875	1
32.1875	1
32.34375	1
32.34375	1
32.5	1
32.5	1
32.65625	1
32.65625	1
32.8125	1
32.8125	1
32.96875	1
32.96875	1
33.125	1
33.125	1
33.28125	1
33.28125	1
33.4375	1
33.4375	1
33.59375	1
33.59375	1
33.75	1
33.75	1
33.90625	1
33.90625	1
34.0625	1
34.0625	1
34.21875	1
34.21875	1
34.375	1
34.375	1
34.53125	1
34.53125	1
34.6875	1
34.6875	1
34.84375	1
34.84375	1
35	1
35	1
35.15625	1
35.15625	1
35.3125	1
35.3125	1
35.46875	1
35.46875	1
35.625	1
35.625	1
35.78125	1
35.78125	1
35.9375	1
35.9375	1
36.09375	1
36.09375	1
36.25	1
36.25	1
36.40625	1
36.40625	1
36.5625	1
36.5625	1
36.71875	1
36.71875	1
36.875	1
36.875	1
37.03125	1
37.03125	1
37.1875	1
37.1875	1
37.34375	1
37.34375	1
37.5	1
37.5	1
37.65625	1
37.65625	1
37.8125	1
37.8125	1
37.96875	1
37.96875	1
38.125	1
38.125	1
38.28125	1
38.28125	1
38.4375	1
38.4375	1
38.59375	1
38.59375	1
38.75	1
38.75	1
38.90625	1
38.90625	1
39.0625	1
39.0625	1
39.21875	1
39.21875	1
39.375	1
39.375	1
39.53125	1
39.53125	1
39.6875	1
39.6875	1
39.84375	1
39.84375	1
40	1
40	1
40.15625	1
40.15625	1
40.3125	1
40.3125	1
40.46875	1
40.46875	1
40.625	1
40.625	1
40.78125	1
40.78125	1
40.9375	1
40.9375	1
41.09375	1
41.09375	1
41.25	1
41.25	1
41.40625	1
41.40625	1
41.5625	1
41.5625	1
41.71875	1
41.71875	1
41.875	1
41.875	1
42.03125	1
42.03125	1
42.1875	1
42.1875	1
42.34375	1
42.34375	1
42.5	1
42.5	1
42.65625	1
42.65625	1
42.8125	1
42.8125	1
42.96875	1
42.96875	1
43.125	1
43.125	1
43.28125	1
43.28125	1
43.4375	1
43.4375	1
43.59375	1
43.59375	1
43.75	1
43.75	1
43.90625	1
43.90625	1
44.0625	1
44.0625	1
44.21875	1
44.21875	1
44.375	1
44.375	1
44.53125	1
44.53125	1
44.6875	1
44.6875	1
44.84375	1
44.84375	1
45	1
45	1
45.15625	1
45.15625	1
45.3125	1
45.3125	1
45.46875	1
45.46875	1
45.625	1
45.625	1
45.78125	1
45.78125	1
45.9375	1
45.9375	1
46.09375	1
46.09375	1
46.25	1
46.25	1
46.40625	1
46.40625	1
46.5625	1
46.5625	1
46.71875	1
46.71875	1
46.875	1
46.875	1
47.03125	1
47.03125	1
47.1875	1
47.1875	1
47.34375	1
47.34375	1
47.5	1
47.5	1
47.65625	1
47.65625	1
47.8125	1
47.8125	1
47.96875	1
47.96875	1
48.125	1
48.125	1
48.28125	1
48.28125	1
48.4375	1
48.4375	1
48.59375	1
48.59375	1
48.75	1
48.75	1
48.90625	1
48.90625	1
49.0625	1
49.0625	1
49.21875	1
49.21875	1
49.375	1
49.375	1
49.53125	1
49.53125	1
49.6875	1
49.6875	1
49.84375	1
49.84375	1
50	1
50	1
50.15625	1
50.15625	1
50.3125	1
50.3125	1
50.46875	1
50.46875	1
50.625	1
50.625	1
50.78125	1
50.78125	1
50.9375	1
50.9375	1
51.09375	1
51.09375	1
51.25	1
51.25	1
51.40625	1
51.40625	1
51.5625	1
51.5625	1
51.71875	1
51.71875	1
51.875	1
51.875	1
52.03125	1
52.03125	1
52.1875	1
52.1875	1
52.34375	1
52.34375	1
52.5	1
52.5	1
52.65625	1
52.65625	1
52.8125	1
52.8125	1
52.96875	1
52.96875	1
53.125	1
53.125	1
53.28125	1
53.28125	1
53.4375	1
53.4375	1
53.59375	1
53.59375	1
53.75	1
53.75	1
53.90625	1
53.90625	1
54.0625	1
54.0625	1
54.21875	1
54.21875	1
54.375	1
54.375	1
54.53125	1
54.53125	1
54.6875	1
54.6875	1
54.84375	1
54.84375	1
55	1
55	1
55.15625	1
55.15625	1
55.3125	1
55.3125	1
55.46875	1
55.46875	1
55.625	1
55.625	1
55.78125	1
55.78125	1
55.9375	1
55.9375	1
56.09375	1
56.09375	1
56.25	1
56.25	1
56.40625	1
56.40625	1
56.5625	1
56.5625	1
56.71875	1
56.71875	1
56.875	1
56.875	1
57.03125	1
57.03125	1
57.1875	1
57.1875	1
57.34375	1
57.34375	1
57.5	1
57.5	1
57.65625	1
57.65625	1
57.8125	1
57.8125	1
57.96875	1
57.96875	1
58.125	1
58.125	1
58.28125	1
58.28125	1
58.4375	1
58.4375	1
58.59375	1
58.59375	1
58.75	1
58.75	1
58.90625	1
58.90625	1
59.0625	1
59.0625	1
59.21875	1
59.21875	1
59.375	1
59.375	1
59.53125	1
59.53125	1
59.6875	1
59.6875	1
59.84375	1
59.84375	1
60	1
60	1
60.15625	1
60.15625	1
60.3125	1
60.3125	1
60.46875	1
60.46875	1
60.625	1
60.625	1
60.78125	1
60.78125	1
60.9375	1
60.9375	1
61.09375	1
61.09375	1
61.25	1
61.25	1
61.40625	1
61.40625	1
61.5625	1
61.5625	1
61.71875	1
61.71875	1
61.875	1
61.875	1
62.03125	1
62.03125	1
62.1875	1
62.1875	1
62.34375	1
62.34375	1
62.5	1
62.5	1
62.65625	1
62.65625	1
62.8125	1
62.8125	1
62.96875	1
62.96875	1
63.125	1
63.125	1
63.28125	1
63.28125	1
63.4375	1
63.4375	1
63.59375	1
63.59375	1
63.75	1
63.75	1
63.90625	1
63.90625	1
64.0625	1
64.0625	1
64.21875	1
64.21875	1
64.375	1
64.375	1
64.53125	1
64.53125	1
64.6875	1
64.6875	1
64.84375	1
64.84375	1
65	1
65	1
65.15625	1
65.15625	1
65.3125	1
65.3125	1
65.46875	1
65.46875	1
65.625	1
65.625	1
65.78125	1
65.78125	1
65.9375	1
65.9375	1
66.09375	1
66.09375	1
66.25	1
66.25	1
66.40625	1
66.40625	1
66.5625	1
66.5625	1
66.71875	1
66.71875	1
66.875	1
66.875	1
67.03125	1
67.03125	1
67.1875	1
67.1875	1
67.34375	1
67.34375	1
67.5	1
67.5	1
67.65625	1
67.65625	1
67.8125	1
67.8125	1
67.96875	1
67.96875	1
68.125	1
68.125	1
68.28125	1
68.28125	1
68.4375	1
68.4375	1
68.59375	1
68.59375	1
68.75	1
68.75	1
68.90625	1
68.90625	1
69.0625	1
69.0625	1
69.21875	1
69.21875	1
69.375	1
69.375	1
69.53125	1
69.53125	1
69.6875	1
69.6875	1
69.84375	1
69.84375	1
70	1
70	1
70.15625	1
70.15625	1
70.3125	1
70.3125	1
70.46875	1
70.46875	1
70.625	1
70.625	1
70.78125	1
70.78125	1
70.9375	1
70.9375	1
71.09375	1
71.09375	1
71.25	1
71.25	1
71.40625	1
71.40625	1
71.5625	1
71.5625	1
71.71875	1
71.71875	1
71.875	1
71.875	1
72.03125	1
72.03125	1
72.1875	1
72.1875	1
72.34375	1
72.34375	1
72.5	1
72.5	1
72.65625	1
72.65625	1
72.8125	1
72.8125	1
72.96875	1
72.96875	1
73.125	1
73.125	1
73.28125	1
73.28125	1
73.4375	1
73.4375	1
73.59375	1
73.59375	1
73.75	1
73.75	1
73.90625	1
73.90625	1
74.0625	1
74.0625	1
74.21875	1
74.21875	1
74.375	1
74.375	1
74.53125	1
74.53125	1
74.6875	1
74.6875	1
74.84375	1
74.84375	1
75	1
75	1
75.15625	1
75.15625	1
75.3125	1
75.3125	1
75.46875	1
75.46875	1
75.625	1
75.625	1
75.78125	1
75.78125	1
75.9375	1
75.9375	1
76.09375	1
76.09375	1
76.25	1
76.25	1
76.40625	1
76.40625	1
76.5625	1
76.5625	1
76.71875	1
76.71875	1
76.875	1
76.875	1
77.03125	1
77.03125	1
77.1875	1
77.1875	1
77.34375	1
77.34375	1
77.5	1
77.5	1
77.65625	1
77.65625	1
77.8125	1
77.8125	1
77.96875	1
77.96875	1
78.125	1
78.125	1
78.28125	1
78.28125	1
78.4375	1
78.4375	1
78.59375	1
78.59375	1
78.75	1
78.75	1
78.90625	1
78.90625	1
79.0625	1
79.0625	1
79.21875	1
79.21875	1
79.375	1
79.375	1
79.53125	1
79.53125	1
79.6875	1
79.6875	1
79.84375	1
79.84375	1
80	1
80	1
80.15625	1
80.15625	1
80.3125	1
80.3125	1
80.46875	1
80.46875	1
80.625	1
80.625	1
80.78125	1
80.78125	1
80.9375	1
80.9375	1
81.09375	1
81.09375	1
81.25	1
81.25	1
81.40625	1
81.40625	1
81.5625	1
81.5625	1
81.71875	1
81.71875	1
81.875	1
81.875	1
82.03125	1
82.03125	1
82.1875	1
82.1875	1
82.34375	1
82.34375	1
82.5	1
82.5	1
82.65625	1
82.65625	1
82.8125	1
82.8125	1
82.96875	1
82.96875	1
83.125	1
83.125	1
83.28125	1
83.28125	1
83.4375	1
83.4375	1
83.59375	1
83.59375	1
83.75	1
83.75	1
83.90625	1
83.90625	1
84.0625	1
84.0625	1
84.21875	1
84.21875	1
84.375	1
84.375	1
84.53125	1
84.53125	1
84.6875	1
84.6875	1
84.84375	1
84.84375	1
85	1
85	1
85.15625	1
85.15625	1
85.3125	1
85.3125	1
85.46875	1
85.46875	1
85.625	1
85.625	1
85.78125	1
85.78125	1
85.9375	1
85.9375	1
86.09375	1
86.09375	1
86.25	1
86.25	1
86.40625	1
86.40625	1
86.5625	1
86.5625	1
86.71875	1
86.71875	1
86.875	1
86.875	1
87.03125	1
87.03125	1
87.1875	1
87.1875	1
87.34375	1
87.34375	1
87.5	1
87.5	1
87.65625	1
87.65625	1
87.8125	1
87.8125	1
87.96875	1
87.96875	1
88.125	1
88.125	1
88.28125	1
88.28125	1
88.4375	1
88.4375	1
88.59375	1
88.59375	1
88.75	1
88.75	1
88.90625	1
88.90625	1
89.0625	1
89.0625	1
89.21875	1
89.21875	1
89.375	1
89.375	1
89.53125	1
89.53125	1
89.6875	1
89.6875	1
89.84375	1
89.84375	1
90	1
90	1
90.15625	1
90.15625	1
90.3125	1
90.3125	1
90.46875	1
90.46875	1
90.625	1
90.625	1
90.78125	1
90.78125	1
90.9375	1
90.9375	1
91.09375	1
91.09375	1
91.25	1
91.25	1
91.40625	1
91.40625	1
91.5625	1
91.5625	1
91.71875	1
91.71875	1
91.875	1
91.875	1
92.03125	1
92.03125	1
92.1875	1
92.1875	1
92.34375	1
92.34375	1
92.5	1
92.5	1
92.65625	1
92.65625	1
92.8125	1
92.8125	1
92.96875	1
92.96875	1
93.125	1
93.125	1
93.28125	1
93.28125	1
93.4375	1
93.4375	1
93.59375	1
93.59375	1
93.75	1
93.75	1
93.90625	1
93.90625	1
94.0625	1
94.0625	1
94.21875	1
94.21875	1
94.375	1
94.375	1
94.53125	1
94.53125	1
94.6875	1
94.6875	1
94.84375	1
94.84375	1
95	1
95	1
95.15625	1
95.15625	1
95.3125	1
95.3125	1
95.46875	1
95.46875	1
95.625	1
95.625	1
95.78125	1
95.78125	1
95.9375	1
95.9375	1
96.09375	1
96.09375	1
96.25	1
96.25	1
96.40625	1
96.40625	1
96.5625	1
96.5625	1
96.71875	1
96.71875	1
96.875	1
96.875	1
97.03125	1
97.03125	1
97.1875	1
97.1875	1
97.34375	1
97.34375	1
97.5	1
97.5	1
97.65625	1
97.65625	1
97.8125	1
97.8125	1
97.96875	1
97.96875	1
98.125	1
98.125	1
98.28125	1
98.28125	1
98.4375	1
98.4375	1
98.59375	1
98.59375	1
98.75	1
98.75	1
98.90625	1
98.90625	1
99.0625	1
99.0625	1
99.21875	1
99.21875	1
99.375	1
99.375	1
99.53125	1
99.53125	1
99.6875	1
99.6875	1
99.84375	1
99.84375	1
100	1
