swe.640
1.1
0
641
0
0.15625
0.3125
0.46875
0.625
0.78125
0.9375
1.09375
1.25
1.40625
1.5625
1.71875
1.875
2.03125
2.1875
2.34375
2.5
2.65625
2.8125
2.96875
3.125
3.28125
3.4375
3.59375
3.75
3.90625
4.0625
4.21875
4.375
4.53125
4.6875
4.84375
5
5.15625
5.3125
5.46875
5.625
5.78125
5.9375
6.09375
6.25
6.40625
6.5625
6.71875
6.875
7.03125
7.1875
7.34375
7.5
7.65625
7.8125
7.96875
8.125
8.28125
8.4375
8.59375
8.75
8.90625
9.0625
9.21875
9.375
9.53125
9.6875
9.84375
10
10.15625
10.3125
10.46875
10.625
10.78125
10.9375
11.09375
11.25
11.40625
11.5625
11.71875
11.875
12.03125
12.1875
12.34375
12.5
12.65625
12.8125
12.96875
13.125
13.28125
13.4375
13.59375
13.75
13.90625
14.0625
14.21875
14.375
14.53125
14.6875
14.84375
15
15.15625
15.3125
15.46875
15.625
15.78125
15.9375
16.09375
16.25
16.40625
16.5625
16.71875
16.875
17.03125
17.1875
17.34375
17.5
17.65625
17.8125
17.96875
18.125
18.28125
18.4375
18.59375
18.75
18.90625
19.0625
19.21875
19.375
19.53125
19.6875
19.84375
20
20.15625
20.3125
20.46875
20.625
20.78125
20.9375
21.09375
21.25
21.40625
21.5625
21.71875
21.875
22.03125
22.1875
22.34375
22.5
22.65625
22.8125
22.96875
23.125
23.28125
23.4375
23.59375
23.75
23.90625
24.0625
24.21875
24.375
24.53125
24.6875
24.84375
25
25.15625
25.3125
25.46875
25.625
25.78125
25.9375
26.09375
26.25
26.40625
26.5625
26.71875
26.875
27.03125
27.1875
27.34375
27.5
27.65625
27.8125
27.96875
28.125
28.28125
28.4375
28.59375
28.75
28.90625
29.0625
29.21875
29.375
29.53125
29.6875
29.84375
30
30.15625
30.3125
30.46875
30.625
30.78125
30.9375
31.09375
31.25
31.40625
31.5625
31.71875
31.875
32.03125
32.1875
32.34375
32.5
32.65625
32.8125
32.96875
33.125
33.28125
33.4375
33.59375
33.75
33.90625
34.0625
34.21875
34.375
34.53125
34.6875
34.84375
35
35.15625
35.3125
35.46875
35.625
35.78125
35.9375
36.09375
36.25
36.40625
36.5625
36.71875
36.875
37.03125
37.1875
37.34375
37.5
37.65625
37.8125
37.96875
38.125
38.28125
38.4375
38.59375
38.75
38.90625
39.0625
39.21875
39.375
39.53125
39.6875
39.84375
40
40.15625
40.3125
40.46875
40.625
40.78125
40.9375
41.09375
41.25
41.40625
41.5625
41.71875
41.875
42.03125
42.1875
42.34375
42.5
42.65625
42.8125
42.96875
43.125
43.28125
43.4375
43.59375
43.75
43.90625
44.0625
44.21875
44.375
44.53125
44.6875
44.84375
45
45.15625
45.3125
45.46875
45.625
45.78125
45.9375
46.09375
46.25
46.40625
46.5625
46.71875
46.875
47.03125
47.1875
47.34375
47.5
47.65625
47.8125
47.96875
48.125
48.28125
48.4375
48.59375
48.75
48.90625
49.0625
49.21875
49.375
49.53125
49.6875
49.84375
50
50.15625
50.3125
50.46875
50.625
50.78125
50.9375
51.09375
51.25
51.40625
51.5625
51.71875
51.875
52.03125
52.1875
52.34375
52.5
52.65625
52.8125
52.96875
53.125
53.28125
53.4375
53.59375
53.75
53.90625
54.0625
54.21875
54.375
54.53125
54.6875
54.84375
55
55.15625
55.3125
55.46875
55.625
55.78125
55.9375
56.09375
56.25
56.40625
56.5625
56.71875
56.875
57.03125
57.1875
57.34375
57.5
57.65625
57.8125
57.96875
58.125
58.28125
58.4375
58.59375
58.75
58.90625
59.0625
59.21875
59.375
59.53125
59.6875
59.84375
60
60.15625
60.3125
60.46875
60.625
60.78125
60.9375
61.09375
61.25
61.40625
61.5625
61.71875
61.875
62.03125
62.1875
62.34375
62.5
62.65625
62.8125
62.96875
63.125
63.28125
63.4375
63.59375
63.75
63.90625
64.0625
64.21875
64.375
64.53125
64.6875
64.84375
65
65.15625
65.3125
65.46875
65.625
65.78125
65.9375
66.09375
66.25
66.40625
66.5625
66.71875
66.875
67.03125
67.1875
67.34375
67.5
67.65625
67.8125
67.96875
68.125
68.28125
68.4375
68.59375
68.75
68.90625
69.0625
69.21875
69.375
69.53125
69.6875
69.84375
70
70.15625
70.3125
70.46875
70.625
70.78125
70.9375
71.09375
71.25
71.40625
71.5625
71.71875
71.875
72.03125
72.1875
72.34375
72.5
72.65625
72.8125
72.96875
73.125
73.28125
73.4375
73.59375
73.75
73.90625
74.0625
74.21875
74.375
74.53125
74.6875
74.84375
75
75.15625
75.3125
75.46875
75.625
75.78125
75.9375
76.09375
76.25
76.40625
76.5625
76.71875
76.875
77.03125
77.1875
77.34375
77.5
77.65625
77.8125
77.96875
78.125
78.28125
78.4375
78.59375
78.75
78.90625
79.0625
79.21875
79.375
79.53125
79.6875
79.84375
80
80.15625
80.3125
80.46875
80.625
80.78125
80.9375
81.09375
81.25
81.40625
81.5625
81.71875
81.875
82.03125
82.1875
82.34375
82.5
82.65625
82.8125
82.96875
83.125
83.28125
83.4375
83.59375
83.75
83.90625
84.0625
84.21875
84.375
84.53125
84.6875
84.84375
85
85.15625
85.3125
85.46875
85.625
85.78125
85.9375
86.09375
86.25
86.40625
86.5625
86.71875
86.875
87.03125
87.1875
87.34375
87.5
87.65625
87.8125
87.96875
88.125
88.28125
88.4375
88.59375
88.75
88.90625
89.0625
89.21875
89.375
89.53125
89.6875
89.84375
90
90.15625
90.3125
90.46875
90.625
90.78125
90.9375
91.09375
91.25
91.40625
91.5625
91.71875
91.875
92.03125
92.1875
92.34375
92.5
92.65625
92.8125
92.96875
93.125
93.28125
93.4375
93.59375
93.75
93.90625
94.0625
94.21875
94.375
94.53125
94.6875
94.84375
95
95.15625
95.3125
95.46875
95.625
95.78125
95.9375
96.09375
96.25
96.40625
96.5625
96.71875
96.875
97.03125
97.1875
97.34375
97.5
97.65625
97.8125
97.96875
98.125
98.28125
98.4375
98.59375
98.75
98.90625
99.0625
99.21875
99.375
99.53125
99.6875
99.84375
100
640
1	2
2	3
3	4
4	5
5	6
6	7
7	8
8	9
9	10
10	11
11	12
12	13
13	14
14	15
15	16
16	17
17	18
18	19
19	20
20	21
21	22
22	23
23	24
24	25
25	26
26	27
27	28
28	29
29	30
30	31
31	32
32	33
33	34
34	35
35	36
36	37
37	38
38	39
39	40
40	41
41	42
42	43
43	44
44	45
45	46
46	47
47	48
48	49
49	50
50	51
51	52
52	53
53	54
54	55
55	56
56	57
57	58
58	59
59	60
60	61
61	62
62	63
63	64
64	65
65	66
66	67
67	68
68	69
69	70
70	71
71	72
72	73
73	74
74	75
75	76
76	77
77	78
78	79
79	80
80	81
81	82
82	83
83	84
84	85
85	86
86	87
87	88
88	89
89	90
90	91
91	92
92	93
93	94
94	95
95	96
96	97
97	98
98	99
99	100
100	101
101	102
102	103
103	104
104	105
105	106
106	107
107	108
108	109
109	110
110	111
111	112
112	113
113	114
114	115
115	116
116	117
117	118
118	119
119	120
120	121
121	122
122	123
123	124
124	125
125	126
126	127
127	128
128	129
129	130
130	131
131	132
132	133
133	134
134	135
135	136
136	137
137	138
138	139
139	140
140	141
141	142
142	143
143	144
144	145
145	146
146	147
147	148
148	149
149	150
150	151
151	152
152	153
153	154
154	155
155	156
156	157
157	158
158	159
159	160
160	161
161	162
162	163
163	164
164	165
165	166
166	167
167	168
168	169
169	170
170	171
171	172
172	173
173	174
174	175
175	176
176	177
177	178
178	179
179	180
180	181
181	182
182	183
183	184
184	185
185	186
186	187
187	188
188	189
189	190
190	191
191	192
192	193
193	194
194	195
195	196
196	197
197	198
198	199
199	200
200	201
201	202
202	203
203	204
204	205
205	206
206	207
207	208
208	209
209	210
210	211
211	212
212	213
213	214
214	215
215	216
216	217
217	218
218	219
219	220
220	221
221	222
222	223
223	224
224	225
225	226
226	227
227	228
228	229
229	230
230	231
231	232
232	233
233	234
234	235
235	236
236	237
237	238
238	239
239	240
240	241
241	242
242	243
243	244
244	245
245	246
246	247
247	248
248	249
249	250
250	251
251	252
252	253
253	254
254	255
255	256
256	257
257	258
258	259
259	260
260	261
261	262
262	263
263	264
264	265
265	266
266	267
267	268
268	269
269	270
270	271
271	272
272	273
273	274
274	275
275	276
276	277
277	278
278	279
279	280
280	281
281	282
282	283
283	284
284	285
285	286
286	287
287	288
288	289
289	290
290	291
291	292
292	293
293	294
294	295
295	296
296	297
297	298
298	299
299	300
300	301
301	302
302	303
303	304
304	305
305	306
306	307
307	308
308	309
309	310
310	311
311	312
312	313
313	314
314	315
315	316
316	317
317	318
318	319
319	320
320	321
321	322
322	323
323	324
324	325
325	326
326	327
327	328
328	329
329	330
330	331
331	332
332	333
333	334
334	335
335	336
336	337
337	338
338	339
339	340
340	341
341	342
342	343
343	344
344	345
345	346
346	347
347	348
348	349
349	350
350	351
351	352
352	353
353	354
354	355
355	356
356	357
357	358
358	359
359	360
360	361
361	362
362	363
363	364
364	365
365	366
366	367
367	368
368	369
369	370
370	371
371	372
372	373
373	374
374	375
375	376
376	377
377	378
378	379
379	380
380	381
381	382
382	383
383	384
384	385
385	386
386	387
387	388
388	389
389	390
390	391
391	392
392	393
393	394
394	395
395	396
396	397
397	398
398	399
399	400
400	401
401	402
402	403
403	404
404	405
405	406
406	407
407	408
408	409
409	410
410	411
411	412
412	413
413	414
414	415
415	416
416	417
417	418
418	419
419	420
420	421
421	422
422	423
423	424
424	425
425	426
426	427
427	428
428	429
429	430
430	431
431	432
432	433
433	434
434	435
435	436
436	437
437	438
438	439
439	440
440	441
441	442
442	443
443	444
444	445
445	446
446	447
447	448
448	449
449	450
450	451
451	452
452	453
453	454
454	455
455	456
456	457
457	458
458	459
459	460
460	461
461	462
462	463
463	464
464	465
465	466
466	467
467	468
468	469
469	470
470	471
471	472
472	473
473	474
474	475
475	476
476	477
477	478
478	479
479	480
480	481
481	482
482	483
483	484
484	485
485	486
486	487
487	488
488	489
489	490
490	491
491	492
492	493
493	494
494	495
495	496
496	497
497	498
498	499
499	500
500	501
501	502
502	503
503	504
504	505
505	506
506	507
507	508
508	509
509	510
510	511
511	512
512	513
513	514
514	515
515	516
516	517
517	518
518	519
519	520
520	521
521	522
522	523
523	524
524	525
525	526
526	527
527	528
528	529
529	530
530	531
531	532
532	533
533	534
534	535
535	536
536	537
537	538
538	539
539	540
540	541
541	542
542	543
543	544
544	545
545	546
546	547
547	548
548	549
549	550
550	551
551	552
552	553
553	554
554	555
555	556
556	557
557	558
558	559
559	560
560	561
561	562
562	563
563	564
564	565
565	566
566	567
567	568
568	569
569	570
570	571
571	572
572	573
573	574
574	575
575	576
576	577
577	578
578	579
579	580
580	581
581	582
582	583
583	584
584	585
585	586
586	587
587	588
588	589
589	590
590	591
591	592
592	593
593	594
594	595
595	596
596	597
597	598
598	599
599	600
600	601
601	602
602	603
603	604
604	605
605	606
606	607
607	608
608	609
609	610
610	611
611	612
612	613
613	614
614	615
615	616
616	617
617	618
618	619
619	620
620	621
621	622
622	623
623	624
624	625
625	626
626	627
627	628
628	629
629	630
630	631
631	632
632	633
633	634
634	635
635	636
636	637
637	638
638	639
639	640
640	641
2
1	1
641	1
