3	1
1280
0	0.4
0.03125	0.4
0.03125	0.4
0.0625	0.4
0.0625	0.4
0.09375	0.4
0.09375	0.4
0.125	0.4
0.125	0.4
0.15625	0.4
0.15625	0.4
0.1875	0.4
0.1875	0.4
0.21875	0.4
0.21875	0.4
0.25	0.4
0.25	0.4
0.28125	0.4
0.28125	0.4
0.3125	0.4
0.3125	0.4
0.34375	0.4
0.34375	0.4
0.375	0.4
0.375	0.4
0.40625	0.4
0.40625	0.4
0.4375	0.4
0.4375	0.4
0.46875	0.4
0.46875	0.4
0.5	0.4
0.5	0.4
0.53125	0.4
0.53125	0.4
0.5625	0.4
0.5625	0.4
0.59375	0.4
0.59375	0.4
0.625	0.4
0.625	0.4
0.65625	0.4
0.65625	0.4
0.6875	0.4
0.6875	0.4
0.71875	0.4
0.71875	0.4
0.75	0.4
0.75	0.4
0.78125	0.4
0.78125	0.4
0.8125	0.4
0.8125	0.4
0.84375	0.4
0.84375	0.4
0.875	0.4
0.875	0.4
0.90625	0.4
0.90625	0.4
0.9375	0.4
0.9375	0.4
0.96875	0.4
0.96875	0.4
1	0.4
1	0.4
1.03125	0.4
1.03125	0.4
1.0625	0.4
1.0625	0.4
1.09375	0.4
1.09375	0.4
1.125	0.4
1.125	0.4
1.15625	0.4
1.15625	0.4
1.1875	0.4
1.1875	0.4
1.21875	0.4
1.21875	0.4
1.25	0.4
1.25	0.4
1.28125	0.4
1.28125	0.4
1.3125	0.4
1.3125	0.4
1.34375	0.4
1.34375	0.4
1.375	0.4
1.375	0.4
1.40625	0.4
1.40625	0.4
1.4375	0.4
1.4375	0.4
1.46875	0.4
1.46875	0.4
1.5	0.4
1.5	0.4
1.53125	0.4
1.53125	0.4
1.5625	0.4
1.5625	0.4
1.59375	0.4
1.59375	0.4
1.625	0.4
1.625	0.4
1.65625	0.4
1.65625	0.4
1.6875	0.4
1.6875	0.4
1.71875	0.4
1.71875	0.4
1.75	0.4
1.75	0.4
1.78125	0.4
1.78125	0.4
1.8125	0.4
1.8125	0.4
1.84375	0.4
1.84375	0.4
1.875	0.4
1.875	0.4
1.90625	0.4
1.90625	0.4
1.9375	0.4
1.9375	0.4
1.96875	0.4
1.96875	0.4
2	0.4
2	0.4
2.03125	0.4
2.03125	0.4
2.0625	0.4
2.0625	0.4
2.09375	0.4
2.09375	0.4
2.125	0.4
2.125	0.4
2.15625	0.4
2.15625	0.4
2.1875	0.4
2.1875	0.4
2.21875	0.4
2.21875	0.4
2.25	0.4
2.25	0.4
2.28125	0.4
2.28125	0.4
2.3125	0.4
2.3125	0.4
2.34375	0.4
2.34375	0.4
2.375	0.4
2.375	0.4
2.40625	0.4
2.40625	0.4
2.4375	0.4
2.4375	0.4
2.46875	0.4
2.46875	0.4
2.5	0.4
2.5	0.4
2.53125	0.4
2.53125	0.4
2.5625	0.4
2.5625	0.4
2.59375	0.4
2.59375	0.4
2.625	0.4
2.625	0.4
2.65625	0.4
2.65625	0.4
2.6875	0.4
2.6875	0.4
2.71875	0.4
2.71875	0.4
2.75	0.4
2.75	0.4
2.78125	0.4
2.78125	0.4
2.8125	0.4
2.8125	0.4
2.84375	0.4
2.84375	0.4
2.875	0.4
2.875	0.4
2.90625	0.4
2.90625	0.4
2.9375	0.4
2.9375	0.4
2.96875	0.4
2.96875	0.4
3	0.4
3	0.4
3.03125	0.4
3.03125	0.4
3.0625	0.4
3.0625	0.4
3.09375	0.4
3.09375	0.4
3.125	0.4
3.125	0.4
3.15625	0.4
3.15625	0.4
3.1875	0.4
3.1875	0.4
3.21875	0.4
3.21875	0.4
3.25	0.4
3.25	0.4
3.28125	0.4
3.28125	0.4
3.3125	0.4
3.3125	0.4
3.34375	0.4
3.34375	0.4
3.375	0.4
3.375	0.4
3.40625	0.4
3.40625	0.4
3.4375	0.4
3.4375	0.4
3.46875	0.4
3.46875	0.4
3.5	0.4
3.5	0.4
3.53125	0.4
3.53125	0.4
3.5625	0.4
3.5625	0.4
3.59375	0.4
3.59375	0.4
3.625	0.4
3.625	0.4
3.65625	0.4
3.65625	0.4
3.6875	0.4
3.6875	0.4
3.71875	0.4
3.71875	0.4
3.75	0.4
3.75	0.4
3.78125	0.4
3.78125	0.4
3.8125	0.4
3.8125	0.4
3.84375	0.4
3.84375	0.4
3.875	0.4
3.875	0.4
3.90625	0.4
3.90625	0.4
3.9375	0.4
3.9375	0.4
3.96875	0.4
3.96875	0.4
4	0.4
4	0.4
4.03125	0.4
4.03125	0.4
4.0625	0.4
4.0625	0.4
4.09375	0.4
4.09375	0.4
4.125	0.4
4.125	0.4
4.15625	0.4
4.15625	0.4
4.1875	0.4
4.1875	0.4
4.21875	0.4
4.21875	0.4
4.25	0.4
4.25	0.4
4.28125	0.4
4.28125	0.4
4.3125	0.4
4.3125	0.4
4.34375	0.4
4.34375	0.4
4.375	0.4
4.375	0.4
4.40625	0.4
4.40625	0.4
4.4375	0.4
4.4375	0.4
4.46875	0.4
4.46875	0.4
4.5	0.4
4.5	0.4
4.53125	0.4
4.53125	0.4
4.5625	0.4
4.5625	0.4
4.59375	0.4
4.59375	0.4
4.625	0.4
4.625	0.4
4.65625	0.4
4.65625	0.4
4.6875	0.4
4.6875	0.4
4.71875	0.4
4.71875	0.4
4.75	0.4
4.75	0.4
4.78125	0.4
4.78125	0.4
4.8125	0.4
4.8125	0.4
4.84375	0.4
4.84375	0.4
4.875	0.4
4.875	0.4
4.90625	0.4
4.90625	0.4
4.9375	0.4
4.9375	0.4
4.96875	0.4
4.96875	0.4
5	0.4
5	0.4
5.03125	0.4
5.03125	0.4
5.0625	0.4
5.0625	0.4
5.09375	0.4
5.09375	0.4
5.125	0.4
5.125	0.4
5.15625	0.4
5.15625	0.4
5.1875	0.4
5.1875	0.4
5.21875	0.4
5.21875	0.4
5.25	0.4
5.25	0.4
5.28125	0.4
5.28125	0.4
5.3125	0.4
5.3125	0.4
5.34375	0.4
5.34375	0.4
5.375	0.4
5.375	0.4
5.40625	0.4
5.40625	0.4
5.4375	0.4
5.4375	0.4
5.46875	0.4
5.46875	0.4
5.5	0.4
5.5	0.4
5.53125	0.4
5.53125	0.4
5.5625	0.4
5.5625	0.4
5.59375	0.4
5.59375	0.4
5.625	0.4
5.625	0.4
5.65625	0.4
5.65625	0.4
5.6875	0.4
5.6875	0.4
5.71875	0.4
5.71875	0.4
5.75	0.4
5.75	0.4
5.78125	0.4
5.78125	0.4
5.8125	0.4
5.8125	0.4
5.84375	0.4
5.84375	0.4
5.875	0.4
5.875	0.4
5.90625	0.4
5.90625	0.4
5.9375	0.4
5.9375	0.4
5.96875	0.4
5.96875	0.4
6	0.4
6	0.4
6.03125	0.4
6.03125	0.4
6.0625	0.4
6.0625	0.4
6.09375	0.4
6.09375	0.4
6.125	0.4
6.125	0.4
6.15625	0.4
6.15625	0.4
6.1875	0.4
6.1875	0.4
6.21875	0.4
6.21875	0.4
6.25	0.4
6.25	0.4
6.28125	0.4
6.28125	0.4
6.3125	0.4
6.3125	0.4
6.34375	0.4
6.34375	0.4
6.375	0.4
6.375	0.4
6.40625	0.4
6.40625	0.4
6.4375	0.4
6.4375	0.4
6.46875	0.4
6.46875	0.4
6.5	0.4
6.5	0.4
6.53125	0.4
6.53125	0.4
6.5625	0.4
6.5625	0.4
6.59375	0.4
6.59375	0.4
6.625	0.4
6.625	0.4
6.65625	0.4
6.65625	0.4
6.6875	0.4
6.6875	0.4
6.71875	0.4
6.71875	0.4
6.75	0.4
6.75	0.4
6.78125	0.4
6.78125	0.4
6.8125	0.4
6.8125	0.4
6.84375	0.4
6.84375	0.4
6.875	0.4
6.875	0.4
6.90625	0.4
6.90625	0.4
6.9375	0.4
6.9375	0.4
6.96875	0.4
6.96875	0.4
7	0.4
7	0.4
7.03125	0.4
7.03125	0.4
7.0625	0.4
7.0625	0.4
7.09375	0.4
7.09375	0.4
7.125	0.4
7.125	0.4
7.15625	0.4
7.15625	0.4
7.1875	0.4
7.1875	0.4
7.21875	0.4
7.21875	0.4
7.25	0.4
7.25	0.4
7.28125	0.4
7.28125	0.4
7.3125	0.4
7.3125	0.4
7.34375	0.4
7.34375	0.4
7.375	0.4
7.375	0.4
7.40625	0.4
7.40625	0.4
7.4375	0.4
7.4375	0.4
7.46875	0.4
7.46875	0.4
7.5	0.4
7.5	0.4
7.53125	0.4
7.53125	0.4
7.5625	0.4
7.5625	0.4
7.59375	0.4
7.59375	0.4
7.625	0.4
7.625	0.4
7.65625	0.4
7.65625	0.4
7.6875	0.4
7.6875	0.4
7.71875	0.4
7.71875	0.4
7.75	0.4
7.75	0.4
7.78125	0.4
7.78125	0.4
7.8125	0.4
7.8125	0.4
7.84375	0.4
7.84375	0.4
7.875	0.4
7.875	0.4
7.90625	0.4
7.90625	0.4
7.9375	0.4
7.9375	0.4
7.96875	0.4
7.96875	0.4
8	0.4
8	0.4
8.03125	0.393533743644315
8.03125	0.393533743644315
8.0625	0.387155637983391
8.0625	0.387155637983391
8.09375	0.3808653457701
8.09375	0.3808653457701
8.125	0.374662519679283
8.125	0.374662519679283
8.15625	0.368546802204697
8.15625	0.368546802204697
8.1875	0.362517825575525
8.1875	0.362517825575525
8.21875	0.356575211694919
8.21875	0.356575211694919
8.25	0.350718572103306
8.25	0.350718572103306
8.28125	0.344947507969409
8.28125	0.344947507969409
8.3125	0.339261610112303
8.3125	0.339261610112303
8.34375	0.333660459058097
8.34375	0.333660459058097
8.375	0.328143625135256
8.375	0.328143625135256
8.40625	0.322710668613011
8.40625	0.322710668613011
8.4375	0.317361139887814
8.4375	0.317361139887814
8.46875	0.312094579723386
8.46875	0.312094579723386
8.5	0.306910519550596
8.5	0.306910519550596
8.53125	0.301808481834214
8.53125	0.301808481834214
8.5625	0.296787980514545
8.5625	0.296787980514545
8.59375	0.29184852153305
8.59375	0.29184852153305
8.625	0.286989603452436
8.625	0.286989603452436
8.65625	0.282210718183257
8.65625	0.282210718183257
8.6875	0.277511351831024
8.6875	0.277511351831024
8.71875	0.27289098568009
8.71875	0.27289098568009
8.75	0.268349097333408
8.75	0.268349097333408
8.78125	0.263885162030614
8.78125	0.263885162030614
8.8125	0.259498654171058
8.8125	0.259498654171058
8.84375	0.255189049073403
8.84375	0.255189049073403
8.875	0.250955825009684
8.875	0.250955825009684
8.90625	0.246798465559322
8.90625	0.246798465559322
8.9375	0.242716462338103
8.9375	0.242716462338103
8.96875	0.238709318168885
8.96875	0.238709318168885
9	0.234776550775571
9	0.234776550775571
9.03125	0.230917697100268
9.03125	0.230917697100268
9.0625	0.227132318366894
9.0625	0.227132318366894
9.09375	0.223420006043883
9.09375	0.223420006043883
9.125	0.219780388896078
9.125	0.219780388896078
9.15625	0.216213141363741
9.15625	0.216213141363741
9.1875	0.212717993568003
9.1875	0.212717993568003
9.21875	0.20929474332125
9.21875	0.20929474332125
9.25	0.205943270623592
9.25	0.205943270623592
9.28125	0.202663555260118
9.28125	0.202663555260118
9.3125	0.199455698288267
9.3125	0.199455698288267
9.34375	0.196319948433684
9.34375	0.196319948433684
9.375	0.193256734714259
9.375	0.193256734714259
9.40625	0.190266707009045
9.40625	0.190266707009045
9.4375	0.187350786811796
9.4375	0.187350786811796
9.46875	0.184510231095716
9.46875	0.184510231095716
9.5	0.181746713111841
9.5	0.181746713111841
9.53125	0.179062425095476
9.53125	0.179062425095476
9.5625	0.176460209299953
9.5625	0.176460209299953
9.59375	0.173943725507869
9.59375	0.173943725507869
9.625	0.17151766506525
9.625	0.17151766506525
9.65625	0.16918802315908
9.65625	0.16918802315908
9.6875	0.166962441574821
9.6875	0.166962441574821
9.71875	0.164850631503253
9.71875	0.164850631503253
9.75	0.162864876124206
9.75	0.162864876124206
9.78125	0.161020588537613
9.78125	0.161020588537613
9.8125	0.159336851056399
9.8125	0.159336851056399
9.84375	0.1578367740452
9.84375	0.1578367740452
9.875	0.156547382986235
9.875	0.156547382986235
9.90625	0.155498606738818
9.90625	0.155498606738818
9.9375	0.154720917203326
9.9375	0.154720917203326
9.96875	0.154241469498017
9.96875	0.154241469498017
10	0.154079349999967
10	0.154079349999967
10.03125	0.154241469498017
10.03125	0.154241469498017
10.0625	0.154720917203326
10.0625	0.154720917203326
10.09375	0.155498606738818
10.09375	0.155498606738818
10.125	0.156547382986235
10.125	0.156547382986235
10.15625	0.1578367740452
10.15625	0.1578367740452
10.1875	0.159336851056399
10.1875	0.159336851056399
10.21875	0.161020588537613
10.21875	0.161020588537613
10.25	0.162864876124206
10.25	0.162864876124206
10.28125	0.164850631503253
10.28125	0.164850631503253
10.3125	0.166962441574821
10.3125	0.166962441574821
10.34375	0.16918802315908
10.34375	0.16918802315908
10.375	0.17151766506525
10.375	0.17151766506525
10.40625	0.173943725507869
10.40625	0.173943725507869
10.4375	0.176460209299953
10.4375	0.176460209299953
10.46875	0.179062425095476
10.46875	0.179062425095476
10.5	0.181746713111841
10.5	0.181746713111841
10.53125	0.184510231095716
10.53125	0.184510231095716
10.5625	0.187350786811796
10.5625	0.187350786811796
10.59375	0.190266707009045
10.59375	0.190266707009045
10.625	0.193256734714259
10.625	0.193256734714259
10.65625	0.196319948433684
10.65625	0.196319948433684
10.6875	0.199455698288267
10.6875	0.199455698288267
10.71875	0.202663555260118
10.71875	0.202663555260118
10.75	0.205943270623592
10.75	0.205943270623592
10.78125	0.20929474332125
10.78125	0.20929474332125
10.8125	0.212717993568003
10.8125	0.212717993568003
10.84375	0.216213141363741
10.84375	0.216213141363741
10.875	0.219780388896078
10.875	0.219780388896078
10.90625	0.223420006043883
10.90625	0.223420006043883
10.9375	0.227132318366894
10.9375	0.227132318366894
10.96875	0.230917697100268
10.96875	0.230917697100268
11	0.234776550775571
11	0.234776550775571
11.03125	0.238709318168885
11.03125	0.238709318168885
11.0625	0.242716462338103
11.0625	0.242716462338103
11.09375	0.246798465559322
11.09375	0.246798465559322
11.125	0.250955825009684
11.125	0.250955825009684
11.15625	0.255189049073403
11.15625	0.255189049073403
11.1875	0.259498654171058
11.1875	0.259498654171058
11.21875	0.263885162030614
11.21875	0.263885162030614
11.25	0.268349097333408
11.25	0.268349097333408
11.28125	0.27289098568009
11.28125	0.27289098568009
11.3125	0.277511351831024
11.3125	0.277511351831024
11.34375	0.282210718183257
11.34375	0.282210718183257
11.375	0.286989603452436
11.375	0.286989603452436
11.40625	0.29184852153305
11.40625	0.29184852153305
11.4375	0.296787980514545
11.4375	0.296787980514545
11.46875	0.301808481834214
11.46875	0.301808481834214
11.5	0.306910519550596
11.5	0.306910519550596
11.53125	0.312094579723386
11.53125	0.312094579723386
11.5625	0.317361139887814
11.5625	0.317361139887814
11.59375	0.322710668613011
11.59375	0.322710668613011
11.625	0.328143625135256
11.625	0.328143625135256
11.65625	0.333660459058097
11.65625	0.333660459058097
11.6875	0.339261610112303
11.6875	0.339261610112303
11.71875	0.344947507969409
11.71875	0.344947507969409
11.75	0.350718572103306
11.75	0.350718572103306
11.78125	0.356575211694919
11.78125	0.356575211694919
11.8125	0.362517825575525
11.8125	0.362517825575525
11.84375	0.368546802204697
11.84375	0.368546802204697
11.875	0.374662519679283
11.875	0.374662519679283
11.90625	0.3808653457701
11.90625	0.3808653457701
11.9375	0.387155637983391
11.9375	0.387155637983391
11.96875	0.393533743644315
11.96875	0.393533743644315
12	0.4
12	0.4
12.03125	0.4
12.03125	0.4
12.0625	0.4
12.0625	0.4
12.09375	0.4
12.09375	0.4
12.125	0.4
12.125	0.4
12.15625	0.4
12.15625	0.4
12.1875	0.4
12.1875	0.4
12.21875	0.4
12.21875	0.4
12.25	0.4
12.25	0.4
12.28125	0.4
12.28125	0.4
12.3125	0.4
12.3125	0.4
12.34375	0.4
12.34375	0.4
12.375	0.4
12.375	0.4
12.40625	0.4
12.40625	0.4
12.4375	0.4
12.4375	0.4
12.46875	0.4
12.46875	0.4
12.5	0.4
12.5	0.4
12.53125	0.4
12.53125	0.4
12.5625	0.4
12.5625	0.4
12.59375	0.4
12.59375	0.4
12.625	0.4
12.625	0.4
12.65625	0.4
12.65625	0.4
12.6875	0.4
12.6875	0.4
12.71875	0.4
12.71875	0.4
12.75	0.4
12.75	0.4
12.78125	0.4
12.78125	0.4
12.8125	0.4
12.8125	0.4
12.84375	0.4
12.84375	0.4
12.875	0.4
12.875	0.4
12.90625	0.4
12.90625	0.4
12.9375	0.4
12.9375	0.4
12.96875	0.4
12.96875	0.4
13	0.4
13	0.4
13.03125	0.4
13.03125	0.4
13.0625	0.4
13.0625	0.4
13.09375	0.4
13.09375	0.4
13.125	0.4
13.125	0.4
13.15625	0.4
13.15625	0.4
13.1875	0.4
13.1875	0.4
13.21875	0.4
13.21875	0.4
13.25	0.4
13.25	0.4
13.28125	0.4
13.28125	0.4
13.3125	0.4
13.3125	0.4
13.34375	0.4
13.34375	0.4
13.375	0.4
13.375	0.4
13.40625	0.4
13.40625	0.4
13.4375	0.4
13.4375	0.4
13.46875	0.4
13.46875	0.4
13.5	0.4
13.5	0.4
13.53125	0.4
13.53125	0.4
13.5625	0.4
13.5625	0.4
13.59375	0.4
13.59375	0.4
13.625	0.4
13.625	0.4
13.65625	0.4
13.65625	0.4
13.6875	0.4
13.6875	0.4
13.71875	0.4
13.71875	0.4
13.75	0.4
13.75	0.4
13.78125	0.4
13.78125	0.4
13.8125	0.4
13.8125	0.4
13.84375	0.4
13.84375	0.4
13.875	0.4
13.875	0.4
13.90625	0.4
13.90625	0.4
13.9375	0.4
13.9375	0.4
13.96875	0.4
13.96875	0.4
14	0.4
14	0.4
14.03125	0.4
14.03125	0.4
14.0625	0.4
14.0625	0.4
14.09375	0.4
14.09375	0.4
14.125	0.4
14.125	0.4
14.15625	0.4
14.15625	0.4
14.1875	0.4
14.1875	0.4
14.21875	0.4
14.21875	0.4
14.25	0.4
14.25	0.4
14.28125	0.4
14.28125	0.4
14.3125	0.4
14.3125	0.4
14.34375	0.4
14.34375	0.4
14.375	0.4
14.375	0.4
14.40625	0.4
14.40625	0.4
14.4375	0.4
14.4375	0.4
14.46875	0.4
14.46875	0.4
14.5	0.4
14.5	0.4
14.53125	0.4
14.53125	0.4
14.5625	0.4
14.5625	0.4
14.59375	0.4
14.59375	0.4
14.625	0.4
14.625	0.4
14.65625	0.4
14.65625	0.4
14.6875	0.4
14.6875	0.4
14.71875	0.4
14.71875	0.4
14.75	0.4
14.75	0.4
14.78125	0.4
14.78125	0.4
14.8125	0.4
14.8125	0.4
14.84375	0.4
14.84375	0.4
14.875	0.4
14.875	0.4
14.90625	0.4
14.90625	0.4
14.9375	0.4
14.9375	0.4
14.96875	0.4
14.96875	0.4
15	0.4
15	0.4
15.03125	0.4
15.03125	0.4
15.0625	0.4
15.0625	0.4
15.09375	0.4
15.09375	0.4
15.125	0.4
15.125	0.4
15.15625	0.4
15.15625	0.4
15.1875	0.4
15.1875	0.4
15.21875	0.4
15.21875	0.4
15.25	0.4
15.25	0.4
15.28125	0.4
15.28125	0.4
15.3125	0.4
15.3125	0.4
15.34375	0.4
15.34375	0.4
15.375	0.4
15.375	0.4
15.40625	0.4
15.40625	0.4
15.4375	0.4
15.4375	0.4
15.46875	0.4
15.46875	0.4
15.5	0.4
15.5	0.4
15.53125	0.4
15.53125	0.4
15.5625	0.4
15.5625	0.4
15.59375	0.4
15.59375	0.4
15.625	0.4
15.625	0.4
15.65625	0.4
15.65625	0.4
15.6875	0.4
15.6875	0.4
15.71875	0.4
15.71875	0.4
15.75	0.4
15.75	0.4
15.78125	0.4
15.78125	0.4
15.8125	0.4
15.8125	0.4
15.84375	0.4
15.84375	0.4
15.875	0.4
15.875	0.4
15.90625	0.4
15.90625	0.4
15.9375	0.4
15.9375	0.4
15.96875	0.4
15.96875	0.4
16	0.4
16	0.4
16.03125	0.4
16.03125	0.4
16.0625	0.4
16.0625	0.4
16.09375	0.4
16.09375	0.4
16.125	0.4
16.125	0.4
16.15625	0.4
16.15625	0.4
16.1875	0.4
16.1875	0.4
16.21875	0.4
16.21875	0.4
16.25	0.4
16.25	0.4
16.28125	0.4
16.28125	0.4
16.3125	0.4
16.3125	0.4
16.34375	0.4
16.34375	0.4
16.375	0.4
16.375	0.4
16.40625	0.4
16.40625	0.4
16.4375	0.4
16.4375	0.4
16.46875	0.4
16.46875	0.4
16.5	0.4
16.5	0.4
16.53125	0.4
16.53125	0.4
16.5625	0.4
16.5625	0.4
16.59375	0.4
16.59375	0.4
16.625	0.4
16.625	0.4
16.65625	0.4
16.65625	0.4
16.6875	0.4
16.6875	0.4
16.71875	0.4
16.71875	0.4
16.75	0.4
16.75	0.4
16.78125	0.4
16.78125	0.4
16.8125	0.4
16.8125	0.4
16.84375	0.4
16.84375	0.4
16.875	0.4
16.875	0.4
16.90625	0.4
16.90625	0.4
16.9375	0.4
16.9375	0.4
16.96875	0.4
16.96875	0.4
17	0.4
17	0.4
17.03125	0.4
17.03125	0.4
17.0625	0.4
17.0625	0.4
17.09375	0.4
17.09375	0.4
17.125	0.4
17.125	0.4
17.15625	0.4
17.15625	0.4
17.1875	0.4
17.1875	0.4
17.21875	0.4
17.21875	0.4
17.25	0.4
17.25	0.4
17.28125	0.4
17.28125	0.4
17.3125	0.4
17.3125	0.4
17.34375	0.4
17.34375	0.4
17.375	0.4
17.375	0.4
17.40625	0.4
17.40625	0.4
17.4375	0.4
17.4375	0.4
17.46875	0.4
17.46875	0.4
17.5	0.4
17.5	0.4
17.53125	0.4
17.53125	0.4
17.5625	0.4
17.5625	0.4
17.59375	0.4
17.59375	0.4
17.625	0.4
17.625	0.4
17.65625	0.4
17.65625	0.4
17.6875	0.4
17.6875	0.4
17.71875	0.4
17.71875	0.4
17.75	0.4
17.75	0.4
17.78125	0.4
17.78125	0.4
17.8125	0.4
17.8125	0.4
17.84375	0.4
17.84375	0.4
17.875	0.4
17.875	0.4
17.90625	0.4
17.90625	0.4
17.9375	0.4
17.9375	0.4
17.96875	0.4
17.96875	0.4
18	0.4
18	0.4
18.03125	0.4
18.03125	0.4
18.0625	0.4
18.0625	0.4
18.09375	0.4
18.09375	0.4
18.125	0.4
18.125	0.4
18.15625	0.4
18.15625	0.4
18.1875	0.4
18.1875	0.4
18.21875	0.4
18.21875	0.4
18.25	0.4
18.25	0.4
18.28125	0.4
18.28125	0.4
18.3125	0.4
18.3125	0.4
18.34375	0.4
18.34375	0.4
18.375	0.4
18.375	0.4
18.40625	0.4
18.40625	0.4
18.4375	0.4
18.4375	0.4
18.46875	0.4
18.46875	0.4
18.5	0.4
18.5	0.4
18.53125	0.4
18.53125	0.4
18.5625	0.4
18.5625	0.4
18.59375	0.4
18.59375	0.4
18.625	0.4
18.625	0.4
18.65625	0.4
18.65625	0.4
18.6875	0.4
18.6875	0.4
18.71875	0.4
18.71875	0.4
18.75	0.4
18.75	0.4
18.78125	0.4
18.78125	0.4
18.8125	0.4
18.8125	0.4
18.84375	0.4
18.84375	0.4
18.875	0.4
18.875	0.4
18.90625	0.4
18.90625	0.4
18.9375	0.4
18.9375	0.4
18.96875	0.4
18.96875	0.4
19	0.4
19	0.4
19.03125	0.4
19.03125	0.4
19.0625	0.4
19.0625	0.4
19.09375	0.4
19.09375	0.4
19.125	0.4
19.125	0.4
19.15625	0.4
19.15625	0.4
19.1875	0.4
19.1875	0.4
19.21875	0.4
19.21875	0.4
19.25	0.4
19.25	0.4
19.28125	0.4
19.28125	0.4
19.3125	0.4
19.3125	0.4
19.34375	0.4
19.34375	0.4
19.375	0.4
19.375	0.4
19.40625	0.4
19.40625	0.4
19.4375	0.4
19.4375	0.4
19.46875	0.4
19.46875	0.4
19.5	0.4
19.5	0.4
19.53125	0.4
19.53125	0.4
19.5625	0.4
19.5625	0.4
19.59375	0.4
19.59375	0.4
19.625	0.4
19.625	0.4
19.65625	0.4
19.65625	0.4
19.6875	0.4
19.6875	0.4
19.71875	0.4
19.71875	0.4
19.75	0.4
19.75	0.4
19.78125	0.4
19.78125	0.4
19.8125	0.4
19.8125	0.4
19.84375	0.4
19.84375	0.4
19.875	0.4
19.875	0.4
19.90625	0.4
19.90625	0.4
19.9375	0.4
19.9375	0.4
19.96875	0.4
19.96875	0.4
20	0.4
0	0.15848
0.03125	0.15848
0.03125	0.15848
0.0625	0.15848
0.0625	0.15848
0.09375	0.15848
0.09375	0.15848
0.125	0.15848
0.125	0.15848
0.15625	0.15848
0.15625	0.15848
0.1875	0.15848
0.1875	0.15848
0.21875	0.15848
0.21875	0.15848
0.25	0.15848
0.25	0.15848
0.28125	0.15848
0.28125	0.15848
0.3125	0.15848
0.3125	0.15848
0.34375	0.15848
0.34375	0.15848
0.375	0.15848
0.375	0.15848
0.40625	0.15848
0.40625	0.15848
0.4375	0.15848
0.4375	0.15848
0.46875	0.15848
0.46875	0.15848
0.5	0.15848
0.5	0.15848
0.53125	0.15848
0.53125	0.15848
0.5625	0.15848
0.5625	0.15848
0.59375	0.15848
0.59375	0.15848
0.625	0.15848
0.625	0.15848
0.65625	0.15848
0.65625	0.15848
0.6875	0.15848
0.6875	0.15848
0.71875	0.15848
0.71875	0.15848
0.75	0.15848
0.75	0.15848
0.78125	0.15848
0.78125	0.15848
0.8125	0.15848
0.8125	0.15848
0.84375	0.15848
0.84375	0.15848
0.875	0.15848
0.875	0.15848
0.90625	0.15848
0.90625	0.15848
0.9375	0.15848
0.9375	0.15848
0.96875	0.15848
0.96875	0.15848
1	0.15848
1	0.15848
1.03125	0.15848
1.03125	0.15848
1.0625	0.15848
1.0625	0.15848
1.09375	0.15848
1.09375	0.15848
1.125	0.15848
1.125	0.15848
1.15625	0.15848
1.15625	0.15848
1.1875	0.15848
1.1875	0.15848
1.21875	0.15848
1.21875	0.15848
1.25	0.15848
1.25	0.15848
1.28125	0.15848
1.28125	0.15848
1.3125	0.15848
1.3125	0.15848
1.34375	0.15848
1.34375	0.15848
1.375	0.15848
1.375	0.15848
1.40625	0.15848
1.40625	0.15848
1.4375	0.15848
1.4375	0.15848
1.46875	0.15848
1.46875	0.15848
1.5	0.15848
1.5	0.15848
1.53125	0.15848
1.53125	0.15848
1.5625	0.15848
1.5625	0.15848
1.59375	0.15848
1.59375	0.15848
1.625	0.15848
1.625	0.15848
1.65625	0.15848
1.65625	0.15848
1.6875	0.15848
1.6875	0.15848
1.71875	0.15848
1.71875	0.15848
1.75	0.15848
1.75	0.15848
1.78125	0.15848
1.78125	0.15848
1.8125	0.15848
1.8125	0.15848
1.84375	0.15848
1.84375	0.15848
1.875	0.15848
1.875	0.15848
1.90625	0.15848
1.90625	0.15848
1.9375	0.15848
1.9375	0.15848
1.96875	0.15848
1.96875	0.15848
2	0.15848
2	0.15848
2.03125	0.15848
2.03125	0.15848
2.0625	0.15848
2.0625	0.15848
2.09375	0.15848
2.09375	0.15848
2.125	0.15848
2.125	0.15848
2.15625	0.15848
2.15625	0.15848
2.1875	0.15848
2.1875	0.15848
2.21875	0.15848
2.21875	0.15848
2.25	0.15848
2.25	0.15848
2.28125	0.15848
2.28125	0.15848
2.3125	0.15848
2.3125	0.15848
2.34375	0.15848
2.34375	0.15848
2.375	0.15848
2.375	0.15848
2.40625	0.15848
2.40625	0.15848
2.4375	0.15848
2.4375	0.15848
2.46875	0.15848
2.46875	0.15848
2.5	0.15848
2.5	0.15848
2.53125	0.15848
2.53125	0.15848
2.5625	0.15848
2.5625	0.15848
2.59375	0.15848
2.59375	0.15848
2.625	0.15848
2.625	0.15848
2.65625	0.15848
2.65625	0.15848
2.6875	0.15848
2.6875	0.15848
2.71875	0.15848
2.71875	0.15848
2.75	0.15848
2.75	0.15848
2.78125	0.15848
2.78125	0.15848
2.8125	0.15848
2.8125	0.15848
2.84375	0.15848
2.84375	0.15848
2.875	0.15848
2.875	0.15848
2.90625	0.15848
2.90625	0.15848
2.9375	0.15848
2.9375	0.15848
2.96875	0.15848
2.96875	0.15848
3	0.15848
3	0.15848
3.03125	0.15848
3.03125	0.15848
3.0625	0.15848
3.0625	0.15848
3.09375	0.15848
3.09375	0.15848
3.125	0.15848
3.125	0.15848
3.15625	0.15848
3.15625	0.15848
3.1875	0.15848
3.1875	0.15848
3.21875	0.15848
3.21875	0.15848
3.25	0.15848
3.25	0.15848
3.28125	0.15848
3.28125	0.15848
3.3125	0.15848
3.3125	0.15848
3.34375	0.15848
3.34375	0.15848
3.375	0.15848
3.375	0.15848
3.40625	0.15848
3.40625	0.15848
3.4375	0.15848
3.4375	0.15848
3.46875	0.15848
3.46875	0.15848
3.5	0.15848
3.5	0.15848
3.53125	0.15848
3.53125	0.15848
3.5625	0.15848
3.5625	0.15848
3.59375	0.15848
3.59375	0.15848
3.625	0.15848
3.625	0.15848
3.65625	0.15848
3.65625	0.15848
3.6875	0.15848
3.6875	0.15848
3.71875	0.15848
3.71875	0.15848
3.75	0.15848
3.75	0.15848
3.78125	0.15848
3.78125	0.15848
3.8125	0.15848
3.8125	0.15848
3.84375	0.15848
3.84375	0.15848
3.875	0.15848
3.875	0.15848
3.90625	0.15848
3.90625	0.15848
3.9375	0.15848
3.9375	0.15848
3.96875	0.15848
3.96875	0.15848
4	0.15848
4	0.15848
4.03125	0.15848
4.03125	0.15848
4.0625	0.15848
4.0625	0.15848
4.09375	0.15848
4.09375	0.15848
4.125	0.15848
4.125	0.15848
4.15625	0.15848
4.15625	0.15848
4.1875	0.15848
4.1875	0.15848
4.21875	0.15848
4.21875	0.15848
4.25	0.15848
4.25	0.15848
4.28125	0.15848
4.28125	0.15848
4.3125	0.15848
4.3125	0.15848
4.34375	0.15848
4.34375	0.15848
4.375	0.15848
4.375	0.15848
4.40625	0.15848
4.40625	0.15848
4.4375	0.15848
4.4375	0.15848
4.46875	0.15848
4.46875	0.15848
4.5	0.15848
4.5	0.15848
4.53125	0.15848
4.53125	0.15848
4.5625	0.15848
4.5625	0.15848
4.59375	0.15848
4.59375	0.15848
4.625	0.15848
4.625	0.15848
4.65625	0.15848
4.65625	0.15848
4.6875	0.15848
4.6875	0.15848
4.71875	0.15848
4.71875	0.15848
4.75	0.15848
4.75	0.15848
4.78125	0.15848
4.78125	0.15848
4.8125	0.15848
4.8125	0.15848
4.84375	0.15848
4.84375	0.15848
4.875	0.15848
4.875	0.15848
4.90625	0.15848
4.90625	0.15848
4.9375	0.15848
4.9375	0.15848
4.96875	0.15848
4.96875	0.15848
5	0.15848
5	0.15848
5.03125	0.15848
5.03125	0.15848
5.0625	0.15848
5.0625	0.15848
5.09375	0.15848
5.09375	0.15848
5.125	0.15848
5.125	0.15848
5.15625	0.15848
5.15625	0.15848
5.1875	0.15848
5.1875	0.15848
5.21875	0.15848
5.21875	0.15848
5.25	0.15848
5.25	0.15848
5.28125	0.15848
5.28125	0.15848
5.3125	0.15848
5.3125	0.15848
5.34375	0.15848
5.34375	0.15848
5.375	0.15848
5.375	0.15848
5.40625	0.15848
5.40625	0.15848
5.4375	0.15848
5.4375	0.15848
5.46875	0.15848
5.46875	0.15848
5.5	0.15848
5.5	0.15848
5.53125	0.15848
5.53125	0.15848
5.5625	0.15848
5.5625	0.15848
5.59375	0.15848
5.59375	0.15848
5.625	0.15848
5.625	0.15848
5.65625	0.15848
5.65625	0.15848
5.6875	0.15848
5.6875	0.15848
5.71875	0.15848
5.71875	0.15848
5.75	0.15848
5.75	0.15848
5.78125	0.15848
5.78125	0.15848
5.8125	0.15848
5.8125	0.15848
5.84375	0.15848
5.84375	0.15848
5.875	0.15848
5.875	0.15848
5.90625	0.15848
5.90625	0.15848
5.9375	0.15848
5.9375	0.15848
5.96875	0.15848
5.96875	0.15848
6	0.15848
6	0.15848
6.03125	0.15848
6.03125	0.15848
6.0625	0.15848
6.0625	0.15848
6.09375	0.15848
6.09375	0.15848
6.125	0.15848
6.125	0.15848
6.15625	0.15848
6.15625	0.15848
6.1875	0.15848
6.1875	0.15848
6.21875	0.15848
6.21875	0.15848
6.25	0.15848
6.25	0.15848
6.28125	0.15848
6.28125	0.15848
6.3125	0.15848
6.3125	0.15848
6.34375	0.15848
6.34375	0.15848
6.375	0.15848
6.375	0.15848
6.40625	0.15848
6.40625	0.15848
6.4375	0.15848
6.4375	0.15848
6.46875	0.15848
6.46875	0.15848
6.5	0.15848
6.5	0.15848
6.53125	0.15848
6.53125	0.15848
6.5625	0.15848
6.5625	0.15848
6.59375	0.15848
6.59375	0.15848
6.625	0.15848
6.625	0.15848
6.65625	0.15848
6.65625	0.15848
6.6875	0.15848
6.6875	0.15848
6.71875	0.15848
6.71875	0.15848
6.75	0.15848
6.75	0.15848
6.78125	0.15848
6.78125	0.15848
6.8125	0.15848
6.8125	0.15848
6.84375	0.15848
6.84375	0.15848
6.875	0.15848
6.875	0.15848
6.90625	0.15848
6.90625	0.15848
6.9375	0.15848
6.9375	0.15848
6.96875	0.15848
6.96875	0.15848
7	0.15848
7	0.15848
7.03125	0.15848
7.03125	0.15848
7.0625	0.15848
7.0625	0.15848
7.09375	0.15848
7.09375	0.15848
7.125	0.15848
7.125	0.15848
7.15625	0.15848
7.15625	0.15848
7.1875	0.15848
7.1875	0.15848
7.21875	0.15848
7.21875	0.15848
7.25	0.15848
7.25	0.15848
7.28125	0.15848
7.28125	0.15848
7.3125	0.15848
7.3125	0.15848
7.34375	0.15848
7.34375	0.15848
7.375	0.15848
7.375	0.15848
7.40625	0.15848
7.40625	0.15848
7.4375	0.15848
7.4375	0.15848
7.46875	0.15848
7.46875	0.15848
7.5	0.15848
7.5	0.15848
7.53125	0.15848
7.53125	0.15848
7.5625	0.15848
7.5625	0.15848
7.59375	0.15848
7.59375	0.15848
7.625	0.15848
7.625	0.15848
7.65625	0.15848
7.65625	0.15848
7.6875	0.15848
7.6875	0.15848
7.71875	0.15848
7.71875	0.15848
7.75	0.15848
7.75	0.15848
7.78125	0.15848
7.78125	0.15848
7.8125	0.15848
7.8125	0.15848
7.84375	0.15848
7.84375	0.15848
7.875	0.15848
7.875	0.15848
7.90625	0.15848
7.90625	0.15848
7.9375	0.15848
7.9375	0.15848
7.96875	0.15848
7.96875	0.15848
8	0.15848
8	0.15848
8.03125	0.15848
8.03125	0.15848
8.0625	0.15848
8.0625	0.15848
8.09375	0.15848
8.09375	0.15848
8.125	0.15848
8.125	0.15848
8.15625	0.15848
8.15625	0.15848
8.1875	0.15848
8.1875	0.15848
8.21875	0.15848
8.21875	0.15848
8.25	0.15848
8.25	0.15848
8.28125	0.15848
8.28125	0.15848
8.3125	0.15848
8.3125	0.15848
8.34375	0.15848
8.34375	0.15848
8.375	0.15848
8.375	0.15848
8.40625	0.15848
8.40625	0.15848
8.4375	0.15848
8.4375	0.15848
8.46875	0.15848
8.46875	0.15848
8.5	0.15848
8.5	0.15848
8.53125	0.15848
8.53125	0.15848
8.5625	0.15848
8.5625	0.15848
8.59375	0.15848
8.59375	0.15848
8.625	0.15848
8.625	0.15848
8.65625	0.15848
8.65625	0.15848
8.6875	0.15848
8.6875	0.15848
8.71875	0.15848
8.71875	0.15848
8.75	0.15848
8.75	0.15848
8.78125	0.15848
8.78125	0.15848
8.8125	0.15848
8.8125	0.15848
8.84375	0.15848
8.84375	0.15848
8.875	0.15848
8.875	0.15848
8.90625	0.15848
8.90625	0.15848
8.9375	0.15848
8.9375	0.15848
8.96875	0.15848
8.96875	0.15848
9	0.15848
9	0.15848
9.03125	0.15848
9.03125	0.15848
9.0625	0.15848
9.0625	0.15848
9.09375	0.15848
9.09375	0.15848
9.125	0.15848
9.125	0.15848
9.15625	0.15848
9.15625	0.15848
9.1875	0.15848
9.1875	0.15848
9.21875	0.15848
9.21875	0.15848
9.25	0.15848
9.25	0.15848
9.28125	0.15848
9.28125	0.15848
9.3125	0.15848
9.3125	0.15848
9.34375	0.15848
9.34375	0.15848
9.375	0.15848
9.375	0.15848
9.40625	0.15848
9.40625	0.15848
9.4375	0.15848
9.4375	0.15848
9.46875	0.15848
9.46875	0.15848
9.5	0.15848
9.5	0.15848
9.53125	0.15848
9.53125	0.15848
9.5625	0.15848
9.5625	0.15848
9.59375	0.15848
9.59375	0.15848
9.625	0.15848
9.625	0.15848
9.65625	0.15848
9.65625	0.15848
9.6875	0.15848
9.6875	0.15848
9.71875	0.15848
9.71875	0.15848
9.75	0.15848
9.75	0.15848
9.78125	0.15848
9.78125	0.15848
9.8125	0.15848
9.8125	0.15848
9.84375	0.15848
9.84375	0.15848
9.875	0.15848
9.875	0.15848
9.90625	0.15848
9.90625	0.15848
9.9375	0.15848
9.9375	0.15848
9.96875	0.15848
9.96875	0.15848
10	0.15848
10	0.15848
10.03125	0.15848
10.03125	0.15848
10.0625	0.15848
10.0625	0.15848
10.09375	0.15848
10.09375	0.15848
10.125	0.15848
10.125	0.15848
10.15625	0.15848
10.15625	0.15848
10.1875	0.15848
10.1875	0.15848
10.21875	0.15848
10.21875	0.15848
10.25	0.15848
10.25	0.15848
10.28125	0.15848
10.28125	0.15848
10.3125	0.15848
10.3125	0.15848
10.34375	0.15848
10.34375	0.15848
10.375	0.15848
10.375	0.15848
10.40625	0.15848
10.40625	0.15848
10.4375	0.15848
10.4375	0.15848
10.46875	0.15848
10.46875	0.15848
10.5	0.15848
10.5	0.15848
10.53125	0.15848
10.53125	0.15848
10.5625	0.15848
10.5625	0.15848
10.59375	0.15848
10.59375	0.15848
10.625	0.15848
10.625	0.15848
10.65625	0.15848
10.65625	0.15848
10.6875	0.15848
10.6875	0.15848
10.71875	0.15848
10.71875	0.15848
10.75	0.15848
10.75	0.15848
10.78125	0.15848
10.78125	0.15848
10.8125	0.15848
10.8125	0.15848
10.84375	0.15848
10.84375	0.15848
10.875	0.15848
10.875	0.15848
10.90625	0.15848
10.90625	0.15848
10.9375	0.15848
10.9375	0.15848
10.96875	0.15848
10.96875	0.15848
11	0.15848
11	0.15848
11.03125	0.15848
11.03125	0.15848
11.0625	0.15848
11.0625	0.15848
11.09375	0.15848
11.09375	0.15848
11.125	0.15848
11.125	0.15848
11.15625	0.15848
11.15625	0.15848
11.1875	0.15848
11.1875	0.15848
11.21875	0.15848
11.21875	0.15848
11.25	0.15848
11.25	0.15848
11.28125	0.15848
11.28125	0.15848
11.3125	0.15848
11.3125	0.15848
11.34375	0.15848
11.34375	0.15848
11.375	0.15848
11.375	0.15848
11.40625	0.15848
11.40625	0.15848
11.4375	0.15848
11.4375	0.15848
11.46875	0.15848
11.46875	0.15848
11.5	0.15848
11.5	0.15848
11.53125	0.15848
11.53125	0.15848
11.5625	0.15848
11.5625	0.15848
11.59375	0.15848
11.59375	0.15848
11.625	0.15848
11.625	0.15848
11.65625	0.15848
11.65625	0.15848
11.6875	0.15848
11.6875	0.15848
11.71875	0.15848
11.71875	0.15848
11.75	0.15848
11.75	0.15848
11.78125	0.15848
11.78125	0.15848
11.8125	0.15848
11.8125	0.15848
11.84375	0.15848
11.84375	0.15848
11.875	0.15848
11.875	0.15848
11.90625	0.15848
11.90625	0.15848
11.9375	0.15848
11.9375	0.15848
11.96875	0.15848
11.96875	0.15848
12	0.15848
12	0.15848
12.03125	0.15848
12.03125	0.15848
12.0625	0.15848
12.0625	0.15848
12.09375	0.15848
12.09375	0.15848
12.125	0.15848
12.125	0.15848
12.15625	0.15848
12.15625	0.15848
12.1875	0.15848
12.1875	0.15848
12.21875	0.15848
12.21875	0.15848
12.25	0.15848
12.25	0.15848
12.28125	0.15848
12.28125	0.15848
12.3125	0.15848
12.3125	0.15848
12.34375	0.15848
12.34375	0.15848
12.375	0.15848
12.375	0.15848
12.40625	0.15848
12.40625	0.15848
12.4375	0.15848
12.4375	0.15848
12.46875	0.15848
12.46875	0.15848
12.5	0.15848
12.5	0.15848
12.53125	0.15848
12.53125	0.15848
12.5625	0.15848
12.5625	0.15848
12.59375	0.15848
12.59375	0.15848
12.625	0.15848
12.625	0.15848
12.65625	0.15848
12.65625	0.15848
12.6875	0.15848
12.6875	0.15848
12.71875	0.15848
12.71875	0.15848
12.75	0.15848
12.75	0.15848
12.78125	0.15848
12.78125	0.15848
12.8125	0.15848
12.8125	0.15848
12.84375	0.15848
12.84375	0.15848
12.875	0.15848
12.875	0.15848
12.90625	0.15848
12.90625	0.15848
12.9375	0.15848
12.9375	0.15848
12.96875	0.15848
12.96875	0.15848
13	0.15848
13	0.15848
13.03125	0.15848
13.03125	0.15848
13.0625	0.15848
13.0625	0.15848
13.09375	0.15848
13.09375	0.15848
13.125	0.15848
13.125	0.15848
13.15625	0.15848
13.15625	0.15848
13.1875	0.15848
13.1875	0.15848
13.21875	0.15848
13.21875	0.15848
13.25	0.15848
13.25	0.15848
13.28125	0.15848
13.28125	0.15848
13.3125	0.15848
13.3125	0.15848
13.34375	0.15848
13.34375	0.15848
13.375	0.15848
13.375	0.15848
13.40625	0.15848
13.40625	0.15848
13.4375	0.15848
13.4375	0.15848
13.46875	0.15848
13.46875	0.15848
13.5	0.15848
13.5	0.15848
13.53125	0.15848
13.53125	0.15848
13.5625	0.15848
13.5625	0.15848
13.59375	0.15848
13.59375	0.15848
13.625	0.15848
13.625	0.15848
13.65625	0.15848
13.65625	0.15848
13.6875	0.15848
13.6875	0.15848
13.71875	0.15848
13.71875	0.15848
13.75	0.15848
13.75	0.15848
13.78125	0.15848
13.78125	0.15848
13.8125	0.15848
13.8125	0.15848
13.84375	0.15848
13.84375	0.15848
13.875	0.15848
13.875	0.15848
13.90625	0.15848
13.90625	0.15848
13.9375	0.15848
13.9375	0.15848
13.96875	0.15848
13.96875	0.15848
14	0.15848
14	0.15848
14.03125	0.15848
14.03125	0.15848
14.0625	0.15848
14.0625	0.15848
14.09375	0.15848
14.09375	0.15848
14.125	0.15848
14.125	0.15848
14.15625	0.15848
14.15625	0.15848
14.1875	0.15848
14.1875	0.15848
14.21875	0.15848
14.21875	0.15848
14.25	0.15848
14.25	0.15848
14.28125	0.15848
14.28125	0.15848
14.3125	0.15848
14.3125	0.15848
14.34375	0.15848
14.34375	0.15848
14.375	0.15848
14.375	0.15848
14.40625	0.15848
14.40625	0.15848
14.4375	0.15848
14.4375	0.15848
14.46875	0.15848
14.46875	0.15848
14.5	0.15848
14.5	0.15848
14.53125	0.15848
14.53125	0.15848
14.5625	0.15848
14.5625	0.15848
14.59375	0.15848
14.59375	0.15848
14.625	0.15848
14.625	0.15848
14.65625	0.15848
14.65625	0.15848
14.6875	0.15848
14.6875	0.15848
14.71875	0.15848
14.71875	0.15848
14.75	0.15848
14.75	0.15848
14.78125	0.15848
14.78125	0.15848
14.8125	0.15848
14.8125	0.15848
14.84375	0.15848
14.84375	0.15848
14.875	0.15848
14.875	0.15848
14.90625	0.15848
14.90625	0.15848
14.9375	0.15848
14.9375	0.15848
14.96875	0.15848
14.96875	0.15848
15	0.15848
15	0.15848
15.03125	0.15848
15.03125	0.15848
15.0625	0.15848
15.0625	0.15848
15.09375	0.15848
15.09375	0.15848
15.125	0.15848
15.125	0.15848
15.15625	0.15848
15.15625	0.15848
15.1875	0.15848
15.1875	0.15848
15.21875	0.15848
15.21875	0.15848
15.25	0.15848
15.25	0.15848
15.28125	0.15848
15.28125	0.15848
15.3125	0.15848
15.3125	0.15848
15.34375	0.15848
15.34375	0.15848
15.375	0.15848
15.375	0.15848
15.40625	0.15848
15.40625	0.15848
15.4375	0.15848
15.4375	0.15848
15.46875	0.15848
15.46875	0.15848
15.5	0.15848
15.5	0.15848
15.53125	0.15848
15.53125	0.15848
15.5625	0.15848
15.5625	0.15848
15.59375	0.15848
15.59375	0.15848
15.625	0.15848
15.625	0.15848
15.65625	0.15848
15.65625	0.15848
15.6875	0.15848
15.6875	0.15848
15.71875	0.15848
15.71875	0.15848
15.75	0.15848
15.75	0.15848
15.78125	0.15848
15.78125	0.15848
15.8125	0.15848
15.8125	0.15848
15.84375	0.15848
15.84375	0.15848
15.875	0.15848
15.875	0.15848
15.90625	0.15848
15.90625	0.15848
15.9375	0.15848
15.9375	0.15848
15.96875	0.15848
15.96875	0.15848
16	0.15848
16	0.15848
16.03125	0.15848
16.03125	0.15848
16.0625	0.15848
16.0625	0.15848
16.09375	0.15848
16.09375	0.15848
16.125	0.15848
16.125	0.15848
16.15625	0.15848
16.15625	0.15848
16.1875	0.15848
16.1875	0.15848
16.21875	0.15848
16.21875	0.15848
16.25	0.15848
16.25	0.15848
16.28125	0.15848
16.28125	0.15848
16.3125	0.15848
16.3125	0.15848
16.34375	0.15848
16.34375	0.15848
16.375	0.15848
16.375	0.15848
16.40625	0.15848
16.40625	0.15848
16.4375	0.15848
16.4375	0.15848
16.46875	0.15848
16.46875	0.15848
16.5	0.15848
16.5	0.15848
16.53125	0.15848
16.53125	0.15848
16.5625	0.15848
16.5625	0.15848
16.59375	0.15848
16.59375	0.15848
16.625	0.15848
16.625	0.15848
16.65625	0.15848
16.65625	0.15848
16.6875	0.15848
16.6875	0.15848
16.71875	0.15848
16.71875	0.15848
16.75	0.15848
16.75	0.15848
16.78125	0.15848
16.78125	0.15848
16.8125	0.15848
16.8125	0.15848
16.84375	0.15848
16.84375	0.15848
16.875	0.15848
16.875	0.15848
16.90625	0.15848
16.90625	0.15848
16.9375	0.15848
16.9375	0.15848
16.96875	0.15848
16.96875	0.15848
17	0.15848
17	0.15848
17.03125	0.15848
17.03125	0.15848
17.0625	0.15848
17.0625	0.15848
17.09375	0.15848
17.09375	0.15848
17.125	0.15848
17.125	0.15848
17.15625	0.15848
17.15625	0.15848
17.1875	0.15848
17.1875	0.15848
17.21875	0.15848
17.21875	0.15848
17.25	0.15848
17.25	0.15848
17.28125	0.15848
17.28125	0.15848
17.3125	0.15848
17.3125	0.15848
17.34375	0.15848
17.34375	0.15848
17.375	0.15848
17.375	0.15848
17.40625	0.15848
17.40625	0.15848
17.4375	0.15848
17.4375	0.15848
17.46875	0.15848
17.46875	0.15848
17.5	0.15848
17.5	0.15848
17.53125	0.15848
17.53125	0.15848
17.5625	0.15848
17.5625	0.15848
17.59375	0.15848
17.59375	0.15848
17.625	0.15848
17.625	0.15848
17.65625	0.15848
17.65625	0.15848
17.6875	0.15848
17.6875	0.15848
17.71875	0.15848
17.71875	0.15848
17.75	0.15848
17.75	0.15848
17.78125	0.15848
17.78125	0.15848
17.8125	0.15848
17.8125	0.15848
17.84375	0.15848
17.84375	0.15848
17.875	0.15848
17.875	0.15848
17.90625	0.15848
17.90625	0.15848
17.9375	0.15848
17.9375	0.15848
17.96875	0.15848
17.96875	0.15848
18	0.15848
18	0.15848
18.03125	0.15848
18.03125	0.15848
18.0625	0.15848
18.0625	0.15848
18.09375	0.15848
18.09375	0.15848
18.125	0.15848
18.125	0.15848
18.15625	0.15848
18.15625	0.15848
18.1875	0.15848
18.1875	0.15848
18.21875	0.15848
18.21875	0.15848
18.25	0.15848
18.25	0.15848
18.28125	0.15848
18.28125	0.15848
18.3125	0.15848
18.3125	0.15848
18.34375	0.15848
18.34375	0.15848
18.375	0.15848
18.375	0.15848
18.40625	0.15848
18.40625	0.15848
18.4375	0.15848
18.4375	0.15848
18.46875	0.15848
18.46875	0.15848
18.5	0.15848
18.5	0.15848
18.53125	0.15848
18.53125	0.15848
18.5625	0.15848
18.5625	0.15848
18.59375	0.15848
18.59375	0.15848
18.625	0.15848
18.625	0.15848
18.65625	0.15848
18.65625	0.15848
18.6875	0.15848
18.6875	0.15848
18.71875	0.15848
18.71875	0.15848
18.75	0.15848
18.75	0.15848
18.78125	0.15848
18.78125	0.15848
18.8125	0.15848
18.8125	0.15848
18.84375	0.15848
18.84375	0.15848
18.875	0.15848
18.875	0.15848
18.90625	0.15848
18.90625	0.15848
18.9375	0.15848
18.9375	0.15848
18.96875	0.15848
18.96875	0.15848
19	0.15848
19	0.15848
19.03125	0.15848
19.03125	0.15848
19.0625	0.15848
19.0625	0.15848
19.09375	0.15848
19.09375	0.15848
19.125	0.15848
19.125	0.15848
19.15625	0.15848
19.15625	0.15848
19.1875	0.15848
19.1875	0.15848
19.21875	0.15848
19.21875	0.15848
19.25	0.15848
19.25	0.15848
19.28125	0.15848
19.28125	0.15848
19.3125	0.15848
19.3125	0.15848
19.34375	0.15848
19.34375	0.15848
19.375	0.15848
19.375	0.15848
19.40625	0.15848
19.40625	0.15848
19.4375	0.15848
19.4375	0.15848
19.46875	0.15848
19.46875	0.15848
19.5	0.15848
19.5	0.15848
19.53125	0.15848
19.53125	0.15848
19.5625	0.15848
19.5625	0.15848
19.59375	0.15848
19.59375	0.15848
19.625	0.15848
19.625	0.15848
19.65625	0.15848
19.65625	0.15848
19.6875	0.15848
19.6875	0.15848
19.71875	0.15848
19.71875	0.15848
19.75	0.15848
19.75	0.15848
19.78125	0.15848
19.78125	0.15848
19.8125	0.15848
19.8125	0.15848
19.84375	0.15848
19.84375	0.15848
19.875	0.15848
19.875	0.15848
19.90625	0.15848
19.90625	0.15848
19.9375	0.15848
19.9375	0.15848
19.96875	0.15848
19.96875	0.15848
20	0.15848
0	-0.2
0.03125	-0.2
0.03125	-0.2
0.0625	-0.2
0.0625	-0.2
0.09375	-0.2
0.09375	-0.2
0.125	-0.2
0.125	-0.2
0.15625	-0.2
0.15625	-0.2
0.1875	-0.2
0.1875	-0.2
0.21875	-0.2
0.21875	-0.2
0.25	-0.2
0.25	-0.2
0.28125	-0.2
0.28125	-0.2
0.3125	-0.2
0.3125	-0.2
0.34375	-0.2
0.34375	-0.2
0.375	-0.2
0.375	-0.2
0.40625	-0.2
0.40625	-0.2
0.4375	-0.2
0.4375	-0.2
0.46875	-0.2
0.46875	-0.2
0.5	-0.2
0.5	-0.2
0.53125	-0.2
0.53125	-0.2
0.5625	-0.2
0.5625	-0.2
0.59375	-0.2
0.59375	-0.2
0.625	-0.2
0.625	-0.2
0.65625	-0.2
0.65625	-0.2
0.6875	-0.2
0.6875	-0.2
0.71875	-0.2
0.71875	-0.2
0.75	-0.2
0.75	-0.2
0.78125	-0.2
0.78125	-0.2
0.8125	-0.2
0.8125	-0.2
0.84375	-0.2
0.84375	-0.2
0.875	-0.2
0.875	-0.2
0.90625	-0.2
0.90625	-0.2
0.9375	-0.2
0.9375	-0.2
0.96875	-0.2
0.96875	-0.2
1	-0.2
1	-0.2
1.03125	-0.2
1.03125	-0.2
1.0625	-0.2
1.0625	-0.2
1.09375	-0.2
1.09375	-0.2
1.125	-0.2
1.125	-0.2
1.15625	-0.2
1.15625	-0.2
1.1875	-0.2
1.1875	-0.2
1.21875	-0.2
1.21875	-0.2
1.25	-0.2
1.25	-0.2
1.28125	-0.2
1.28125	-0.2
1.3125	-0.2
1.3125	-0.2
1.34375	-0.2
1.34375	-0.2
1.375	-0.2
1.375	-0.2
1.40625	-0.2
1.40625	-0.2
1.4375	-0.2
1.4375	-0.2
1.46875	-0.2
1.46875	-0.2
1.5	-0.2
1.5	-0.2
1.53125	-0.2
1.53125	-0.2
1.5625	-0.2
1.5625	-0.2
1.59375	-0.2
1.59375	-0.2
1.625	-0.2
1.625	-0.2
1.65625	-0.2
1.65625	-0.2
1.6875	-0.2
1.6875	-0.2
1.71875	-0.2
1.71875	-0.2
1.75	-0.2
1.75	-0.2
1.78125	-0.2
1.78125	-0.2
1.8125	-0.2
1.8125	-0.2
1.84375	-0.2
1.84375	-0.2
1.875	-0.2
1.875	-0.2
1.90625	-0.2
1.90625	-0.2
1.9375	-0.2
1.9375	-0.2
1.96875	-0.2
1.96875	-0.2
2	-0.2
2	-0.2
2.03125	-0.2
2.03125	-0.2
2.0625	-0.2
2.0625	-0.2
2.09375	-0.2
2.09375	-0.2
2.125	-0.2
2.125	-0.2
2.15625	-0.2
2.15625	-0.2
2.1875	-0.2
2.1875	-0.2
2.21875	-0.2
2.21875	-0.2
2.25	-0.2
2.25	-0.2
2.28125	-0.2
2.28125	-0.2
2.3125	-0.2
2.3125	-0.2
2.34375	-0.2
2.34375	-0.2
2.375	-0.2
2.375	-0.2
2.40625	-0.2
2.40625	-0.2
2.4375	-0.2
2.4375	-0.2
2.46875	-0.2
2.46875	-0.2
2.5	-0.2
2.5	-0.2
2.53125	-0.2
2.53125	-0.2
2.5625	-0.2
2.5625	-0.2
2.59375	-0.2
2.59375	-0.2
2.625	-0.2
2.625	-0.2
2.65625	-0.2
2.65625	-0.2
2.6875	-0.2
2.6875	-0.2
2.71875	-0.2
2.71875	-0.2
2.75	-0.2
2.75	-0.2
2.78125	-0.2
2.78125	-0.2
2.8125	-0.2
2.8125	-0.2
2.84375	-0.2
2.84375	-0.2
2.875	-0.2
2.875	-0.2
2.90625	-0.2
2.90625	-0.2
2.9375	-0.2
2.9375	-0.2
2.96875	-0.2
2.96875	-0.2
3	-0.2
3	-0.2
3.03125	-0.2
3.03125	-0.2
3.0625	-0.2
3.0625	-0.2
3.09375	-0.2
3.09375	-0.2
3.125	-0.2
3.125	-0.2
3.15625	-0.2
3.15625	-0.2
3.1875	-0.2
3.1875	-0.2
3.21875	-0.2
3.21875	-0.2
3.25	-0.2
3.25	-0.2
3.28125	-0.2
3.28125	-0.2
3.3125	-0.2
3.3125	-0.2
3.34375	-0.2
3.34375	-0.2
3.375	-0.2
3.375	-0.2
3.40625	-0.2
3.40625	-0.2
3.4375	-0.2
3.4375	-0.2
3.46875	-0.2
3.46875	-0.2
3.5	-0.2
3.5	-0.2
3.53125	-0.2
3.53125	-0.2
3.5625	-0.2
3.5625	-0.2
3.59375	-0.2
3.59375	-0.2
3.625	-0.2
3.625	-0.2
3.65625	-0.2
3.65625	-0.2
3.6875	-0.2
3.6875	-0.2
3.71875	-0.2
3.71875	-0.2
3.75	-0.2
3.75	-0.2
3.78125	-0.2
3.78125	-0.2
3.8125	-0.2
3.8125	-0.2
3.84375	-0.2
3.84375	-0.2
3.875	-0.2
3.875	-0.2
3.90625	-0.2
3.90625	-0.2
3.9375	-0.2
3.9375	-0.2
3.96875	-0.2
3.96875	-0.2
4	-0.2
4	-0.2
4.03125	-0.2
4.03125	-0.2
4.0625	-0.2
4.0625	-0.2
4.09375	-0.2
4.09375	-0.2
4.125	-0.2
4.125	-0.2
4.15625	-0.2
4.15625	-0.2
4.1875	-0.2
4.1875	-0.2
4.21875	-0.2
4.21875	-0.2
4.25	-0.2
4.25	-0.2
4.28125	-0.2
4.28125	-0.2
4.3125	-0.2
4.3125	-0.2
4.34375	-0.2
4.34375	-0.2
4.375	-0.2
4.375	-0.2
4.40625	-0.2
4.40625	-0.2
4.4375	-0.2
4.4375	-0.2
4.46875	-0.2
4.46875	-0.2
4.5	-0.2
4.5	-0.2
4.53125	-0.2
4.53125	-0.2
4.5625	-0.2
4.5625	-0.2
4.59375	-0.2
4.59375	-0.2
4.625	-0.2
4.625	-0.2
4.65625	-0.2
4.65625	-0.2
4.6875	-0.2
4.6875	-0.2
4.71875	-0.2
4.71875	-0.2
4.75	-0.2
4.75	-0.2
4.78125	-0.2
4.78125	-0.2
4.8125	-0.2
4.8125	-0.2
4.84375	-0.2
4.84375	-0.2
4.875	-0.2
4.875	-0.2
4.90625	-0.2
4.90625	-0.2
4.9375	-0.2
4.9375	-0.2
4.96875	-0.2
4.96875	-0.2
5	-0.2
5	-0.2
5.03125	-0.2
5.03125	-0.2
5.0625	-0.2
5.0625	-0.2
5.09375	-0.2
5.09375	-0.2
5.125	-0.2
5.125	-0.2
5.15625	-0.2
5.15625	-0.2
5.1875	-0.2
5.1875	-0.2
5.21875	-0.2
5.21875	-0.2
5.25	-0.2
5.25	-0.2
5.28125	-0.2
5.28125	-0.2
5.3125	-0.2
5.3125	-0.2
5.34375	-0.2
5.34375	-0.2
5.375	-0.2
5.375	-0.2
5.40625	-0.2
5.40625	-0.2
5.4375	-0.2
5.4375	-0.2
5.46875	-0.2
5.46875	-0.2
5.5	-0.2
5.5	-0.2
5.53125	-0.2
5.53125	-0.2
5.5625	-0.2
5.5625	-0.2
5.59375	-0.2
5.59375	-0.2
5.625	-0.2
5.625	-0.2
5.65625	-0.2
5.65625	-0.2
5.6875	-0.2
5.6875	-0.2
5.71875	-0.2
5.71875	-0.2
5.75	-0.2
5.75	-0.2
5.78125	-0.2
5.78125	-0.2
5.8125	-0.2
5.8125	-0.2
5.84375	-0.2
5.84375	-0.2
5.875	-0.2
5.875	-0.2
5.90625	-0.2
5.90625	-0.2
5.9375	-0.2
5.9375	-0.2
5.96875	-0.2
5.96875	-0.2
6	-0.2
6	-0.2
6.03125	-0.2
6.03125	-0.2
6.0625	-0.2
6.0625	-0.2
6.09375	-0.2
6.09375	-0.2
6.125	-0.2
6.125	-0.2
6.15625	-0.2
6.15625	-0.2
6.1875	-0.2
6.1875	-0.2
6.21875	-0.2
6.21875	-0.2
6.25	-0.2
6.25	-0.2
6.28125	-0.2
6.28125	-0.2
6.3125	-0.2
6.3125	-0.2
6.34375	-0.2
6.34375	-0.2
6.375	-0.2
6.375	-0.2
6.40625	-0.2
6.40625	-0.2
6.4375	-0.2
6.4375	-0.2
6.46875	-0.2
6.46875	-0.2
6.5	-0.2
6.5	-0.2
6.53125	-0.2
6.53125	-0.2
6.5625	-0.2
6.5625	-0.2
6.59375	-0.2
6.59375	-0.2
6.625	-0.2
6.625	-0.2
6.65625	-0.2
6.65625	-0.2
6.6875	-0.2
6.6875	-0.2
6.71875	-0.2
6.71875	-0.2
6.75	-0.2
6.75	-0.2
6.78125	-0.2
6.78125	-0.2
6.8125	-0.2
6.8125	-0.2
6.84375	-0.2
6.84375	-0.2
6.875	-0.2
6.875	-0.2
6.90625	-0.2
6.90625	-0.2
6.9375	-0.2
6.9375	-0.2
6.96875	-0.2
6.96875	-0.2
7	-0.2
7	-0.2
7.03125	-0.2
7.03125	-0.2
7.0625	-0.2
7.0625	-0.2
7.09375	-0.2
7.09375	-0.2
7.125	-0.2
7.125	-0.2
7.15625	-0.2
7.15625	-0.2
7.1875	-0.2
7.1875	-0.2
7.21875	-0.2
7.21875	-0.2
7.25	-0.2
7.25	-0.2
7.28125	-0.2
7.28125	-0.2
7.3125	-0.2
7.3125	-0.2
7.34375	-0.2
7.34375	-0.2
7.375	-0.2
7.375	-0.2
7.40625	-0.2
7.40625	-0.2
7.4375	-0.2
7.4375	-0.2
7.46875	-0.2
7.46875	-0.2
7.5	-0.2
7.5	-0.2
7.53125	-0.2
7.53125	-0.2
7.5625	-0.2
7.5625	-0.2
7.59375	-0.2
7.59375	-0.2
7.625	-0.2
7.625	-0.2
7.65625	-0.2
7.65625	-0.2
7.6875	-0.2
7.6875	-0.2
7.71875	-0.2
7.71875	-0.2
7.75	-0.2
7.75	-0.2
7.78125	-0.2
7.78125	-0.2
7.8125	-0.2
7.8125	-0.2
7.84375	-0.2
7.84375	-0.2
7.875	-0.2
7.875	-0.2
7.90625	-0.2
7.90625	-0.2
7.9375	-0.2
7.9375	-0.2
7.96875	-0.2
7.96875	-0.2
8	-0.2
8	-0.2
8.03125	-0.193798828125
8.03125	-0.193798828125
8.0625	-0.1876953125
8.0625	-0.1876953125
8.09375	-0.181689453125
8.09375	-0.181689453125
8.125	-0.17578125
8.125	-0.17578125
8.15625	-0.169970703125
8.15625	-0.169970703125
8.1875	-0.1642578125
8.1875	-0.1642578125
8.21875	-0.158642578125
8.21875	-0.158642578125
8.25	-0.153125
8.25	-0.153125
8.28125	-0.147705078125
8.28125	-0.147705078125
8.3125	-0.1423828125
8.3125	-0.1423828125
8.34375	-0.137158203125
8.34375	-0.137158203125
8.375	-0.13203125
8.375	-0.13203125
8.40625	-0.127001953125
8.40625	-0.127001953125
8.4375	-0.1220703125
8.4375	-0.1220703125
8.46875	-0.117236328125
8.46875	-0.117236328125
8.5	-0.1125
8.5	-0.1125
8.53125	-0.107861328125
8.53125	-0.107861328125
8.5625	-0.1033203125
8.5625	-0.1033203125
8.59375	-0.098876953125
8.59375	-0.098876953125
8.625	-0.09453125
8.625	-0.09453125
8.65625	-0.090283203125
8.65625	-0.090283203125
8.6875	-0.0861328125
8.6875	-0.0861328125
8.71875	-0.082080078125
8.71875	-0.082080078125
8.75	-0.078125
8.75	-0.078125
8.78125	-0.074267578125
8.78125	-0.074267578125
8.8125	-0.0705078125
8.8125	-0.0705078125
8.84375	-0.066845703125
8.84375	-0.066845703125
8.875	-0.06328125
8.875	-0.06328125
8.90625	-0.059814453125
8.90625	-0.059814453125
8.9375	-0.0564453125
8.9375	-0.0564453125
8.96875	-0.053173828125
8.96875	-0.053173828125
9	-0.05
9	-0.05
9.03125	-0.046923828125
9.03125	-0.046923828125
9.0625	-0.0439453125
9.0625	-0.0439453125
9.09375	-0.041064453125
9.09375	-0.041064453125
9.125	-0.03828125
9.125	-0.03828125
9.15625	-0.035595703125
9.15625	-0.035595703125
9.1875	-0.0330078125
9.1875	-0.0330078125
9.21875	-0.030517578125
9.21875	-0.030517578125
9.25	-0.028125
9.25	-0.028125
9.28125	-0.025830078125
9.28125	-0.025830078125
9.3125	-0.0236328125
9.3125	-0.0236328125
9.34375	-0.021533203125
9.34375	-0.021533203125
9.375	-0.01953125
9.375	-0.01953125
9.40625	-0.017626953125
9.40625	-0.017626953125
9.4375	-0.0158203125
9.4375	-0.0158203125
9.46875	-0.014111328125
9.46875	-0.014111328125
9.5	-0.0125
9.5	-0.0125
9.53125	-0.010986328125
9.53125	-0.010986328125
9.5625	-0.0095703125
9.5625	-0.0095703125
9.59375	-0.008251953125
9.59375	-0.008251953125
9.625	-0.00703125
9.625	-0.00703125
9.65625	-0.005908203125
9.65625	-0.005908203125
9.6875	-0.0048828125
9.6875	-0.0048828125
9.71875	-0.003955078125
9.71875	-0.003955078125
9.75	-0.003125
9.75	-0.003125
9.78125	-0.002392578125
9.78125	-0.002392578125
9.8125	-0.0017578125
9.8125	-0.0017578125
9.84375	-0.001220703125
9.84375	-0.001220703125
9.875	-0.00078125
9.875	-0.00078125
9.90625	-0.000439453125
9.90625	-0.000439453125
9.9375	-0.0001953125
9.9375	-0.0001953125
9.96875	-4.8828125e-05
9.96875	-4.8828125e-05
10	0
10	0
10.03125	-4.8828125e-05
10.03125	-4.8828125e-05
10.0625	-0.0001953125
10.0625	-0.0001953125
10.09375	-0.000439453125
10.09375	-0.000439453125
10.125	-0.00078125
10.125	-0.00078125
10.15625	-0.001220703125
10.15625	-0.001220703125
10.1875	-0.0017578125
10.1875	-0.0017578125
10.21875	-0.002392578125
10.21875	-0.002392578125
10.25	-0.003125
10.25	-0.003125
10.28125	-0.003955078125
10.28125	-0.003955078125
10.3125	-0.0048828125
10.3125	-0.0048828125
10.34375	-0.005908203125
10.34375	-0.005908203125
10.375	-0.00703125
10.375	-0.00703125
10.40625	-0.008251953125
10.40625	-0.008251953125
10.4375	-0.0095703125
10.4375	-0.0095703125
10.46875	-0.010986328125
10.46875	-0.010986328125
10.5	-0.0125
10.5	-0.0125
10.53125	-0.014111328125
10.53125	-0.014111328125
10.5625	-0.0158203125
10.5625	-0.0158203125
10.59375	-0.017626953125
10.59375	-0.017626953125
10.625	-0.01953125
10.625	-0.01953125
10.65625	-0.021533203125
10.65625	-0.021533203125
10.6875	-0.0236328125
10.6875	-0.0236328125
10.71875	-0.025830078125
10.71875	-0.025830078125
10.75	-0.028125
10.75	-0.028125
10.78125	-0.030517578125
10.78125	-0.030517578125
10.8125	-0.0330078125
10.8125	-0.0330078125
10.84375	-0.035595703125
10.84375	-0.035595703125
10.875	-0.03828125
10.875	-0.03828125
10.90625	-0.041064453125
10.90625	-0.041064453125
10.9375	-0.0439453125
10.9375	-0.0439453125
10.96875	-0.046923828125
10.96875	-0.046923828125
11	-0.05
11	-0.05
11.03125	-0.053173828125
11.03125	-0.053173828125
11.0625	-0.0564453125
11.0625	-0.0564453125
11.09375	-0.059814453125
11.09375	-0.059814453125
11.125	-0.06328125
11.125	-0.06328125
11.15625	-0.066845703125
11.15625	-0.066845703125
11.1875	-0.0705078125
11.1875	-0.0705078125
11.21875	-0.074267578125
11.21875	-0.074267578125
11.25	-0.078125
11.25	-0.078125
11.28125	-0.082080078125
11.28125	-0.082080078125
11.3125	-0.0861328125
11.3125	-0.0861328125
11.34375	-0.090283203125
11.34375	-0.090283203125
11.375	-0.09453125
11.375	-0.09453125
11.40625	-0.098876953125
11.40625	-0.098876953125
11.4375	-0.1033203125
11.4375	-0.1033203125
11.46875	-0.107861328125
11.46875	-0.107861328125
11.5	-0.1125
11.5	-0.1125
11.53125	-0.117236328125
11.53125	-0.117236328125
11.5625	-0.1220703125
11.5625	-0.1220703125
11.59375	-0.127001953125
11.59375	-0.127001953125
11.625	-0.13203125
11.625	-0.13203125
11.65625	-0.137158203125
11.65625	-0.137158203125
11.6875	-0.1423828125
11.6875	-0.1423828125
11.71875	-0.147705078125
11.71875	-0.147705078125
11.75	-0.153125
11.75	-0.153125
11.78125	-0.158642578125
11.78125	-0.158642578125
11.8125	-0.1642578125
11.8125	-0.1642578125
11.84375	-0.169970703125
11.84375	-0.169970703125
11.875	-0.17578125
11.875	-0.17578125
11.90625	-0.181689453125
11.90625	-0.181689453125
11.9375	-0.1876953125
11.9375	-0.1876953125
11.96875	-0.193798828125
11.96875	-0.193798828125
12	-0.2
12	-0.2
12.03125	-0.2
12.03125	-0.2
12.0625	-0.2
12.0625	-0.2
12.09375	-0.2
12.09375	-0.2
12.125	-0.2
12.125	-0.2
12.15625	-0.2
12.15625	-0.2
12.1875	-0.2
12.1875	-0.2
12.21875	-0.2
12.21875	-0.2
12.25	-0.2
12.25	-0.2
12.28125	-0.2
12.28125	-0.2
12.3125	-0.2
12.3125	-0.2
12.34375	-0.2
12.34375	-0.2
12.375	-0.2
12.375	-0.2
12.40625	-0.2
12.40625	-0.2
12.4375	-0.2
12.4375	-0.2
12.46875	-0.2
12.46875	-0.2
12.5	-0.2
12.5	-0.2
12.53125	-0.2
12.53125	-0.2
12.5625	-0.2
12.5625	-0.2
12.59375	-0.2
12.59375	-0.2
12.625	-0.2
12.625	-0.2
12.65625	-0.2
12.65625	-0.2
12.6875	-0.2
12.6875	-0.2
12.71875	-0.2
12.71875	-0.2
12.75	-0.2
12.75	-0.2
12.78125	-0.2
12.78125	-0.2
12.8125	-0.2
12.8125	-0.2
12.84375	-0.2
12.84375	-0.2
12.875	-0.2
12.875	-0.2
12.90625	-0.2
12.90625	-0.2
12.9375	-0.2
12.9375	-0.2
12.96875	-0.2
12.96875	-0.2
13	-0.2
13	-0.2
13.03125	-0.2
13.03125	-0.2
13.0625	-0.2
13.0625	-0.2
13.09375	-0.2
13.09375	-0.2
13.125	-0.2
13.125	-0.2
13.15625	-0.2
13.15625	-0.2
13.1875	-0.2
13.1875	-0.2
13.21875	-0.2
13.21875	-0.2
13.25	-0.2
13.25	-0.2
13.28125	-0.2
13.28125	-0.2
13.3125	-0.2
13.3125	-0.2
13.34375	-0.2
13.34375	-0.2
13.375	-0.2
13.375	-0.2
13.40625	-0.2
13.40625	-0.2
13.4375	-0.2
13.4375	-0.2
13.46875	-0.2
13.46875	-0.2
13.5	-0.2
13.5	-0.2
13.53125	-0.2
13.53125	-0.2
13.5625	-0.2
13.5625	-0.2
13.59375	-0.2
13.59375	-0.2
13.625	-0.2
13.625	-0.2
13.65625	-0.2
13.65625	-0.2
13.6875	-0.2
13.6875	-0.2
13.71875	-0.2
13.71875	-0.2
13.75	-0.2
13.75	-0.2
13.78125	-0.2
13.78125	-0.2
13.8125	-0.2
13.8125	-0.2
13.84375	-0.2
13.84375	-0.2
13.875	-0.2
13.875	-0.2
13.90625	-0.2
13.90625	-0.2
13.9375	-0.2
13.9375	-0.2
13.96875	-0.2
13.96875	-0.2
14	-0.2
14	-0.2
14.03125	-0.2
14.03125	-0.2
14.0625	-0.2
14.0625	-0.2
14.09375	-0.2
14.09375	-0.2
14.125	-0.2
14.125	-0.2
14.15625	-0.2
14.15625	-0.2
14.1875	-0.2
14.1875	-0.2
14.21875	-0.2
14.21875	-0.2
14.25	-0.2
14.25	-0.2
14.28125	-0.2
14.28125	-0.2
14.3125	-0.2
14.3125	-0.2
14.34375	-0.2
14.34375	-0.2
14.375	-0.2
14.375	-0.2
14.40625	-0.2
14.40625	-0.2
14.4375	-0.2
14.4375	-0.2
14.46875	-0.2
14.46875	-0.2
14.5	-0.2
14.5	-0.2
14.53125	-0.2
14.53125	-0.2
14.5625	-0.2
14.5625	-0.2
14.59375	-0.2
14.59375	-0.2
14.625	-0.2
14.625	-0.2
14.65625	-0.2
14.65625	-0.2
14.6875	-0.2
14.6875	-0.2
14.71875	-0.2
14.71875	-0.2
14.75	-0.2
14.75	-0.2
14.78125	-0.2
14.78125	-0.2
14.8125	-0.2
14.8125	-0.2
14.84375	-0.2
14.84375	-0.2
14.875	-0.2
14.875	-0.2
14.90625	-0.2
14.90625	-0.2
14.9375	-0.2
14.9375	-0.2
14.96875	-0.2
14.96875	-0.2
15	-0.2
15	-0.2
15.03125	-0.2
15.03125	-0.2
15.0625	-0.2
15.0625	-0.2
15.09375	-0.2
15.09375	-0.2
15.125	-0.2
15.125	-0.2
15.15625	-0.2
15.15625	-0.2
15.1875	-0.2
15.1875	-0.2
15.21875	-0.2
15.21875	-0.2
15.25	-0.2
15.25	-0.2
15.28125	-0.2
15.28125	-0.2
15.3125	-0.2
15.3125	-0.2
15.34375	-0.2
15.34375	-0.2
15.375	-0.2
15.375	-0.2
15.40625	-0.2
15.40625	-0.2
15.4375	-0.2
15.4375	-0.2
15.46875	-0.2
15.46875	-0.2
15.5	-0.2
15.5	-0.2
15.53125	-0.2
15.53125	-0.2
15.5625	-0.2
15.5625	-0.2
15.59375	-0.2
15.59375	-0.2
15.625	-0.2
15.625	-0.2
15.65625	-0.2
15.65625	-0.2
15.6875	-0.2
15.6875	-0.2
15.71875	-0.2
15.71875	-0.2
15.75	-0.2
15.75	-0.2
15.78125	-0.2
15.78125	-0.2
15.8125	-0.2
15.8125	-0.2
15.84375	-0.2
15.84375	-0.2
15.875	-0.2
15.875	-0.2
15.90625	-0.2
15.90625	-0.2
15.9375	-0.2
15.9375	-0.2
15.96875	-0.2
15.96875	-0.2
16	-0.2
16	-0.2
16.03125	-0.2
16.03125	-0.2
16.0625	-0.2
16.0625	-0.2
16.09375	-0.2
16.09375	-0.2
16.125	-0.2
16.125	-0.2
16.15625	-0.2
16.15625	-0.2
16.1875	-0.2
16.1875	-0.2
16.21875	-0.2
16.21875	-0.2
16.25	-0.2
16.25	-0.2
16.28125	-0.2
16.28125	-0.2
16.3125	-0.2
16.3125	-0.2
16.34375	-0.2
16.34375	-0.2
16.375	-0.2
16.375	-0.2
16.40625	-0.2
16.40625	-0.2
16.4375	-0.2
16.4375	-0.2
16.46875	-0.2
16.46875	-0.2
16.5	-0.2
16.5	-0.2
16.53125	-0.2
16.53125	-0.2
16.5625	-0.2
16.5625	-0.2
16.59375	-0.2
16.59375	-0.2
16.625	-0.2
16.625	-0.2
16.65625	-0.2
16.65625	-0.2
16.6875	-0.2
16.6875	-0.2
16.71875	-0.2
16.71875	-0.2
16.75	-0.2
16.75	-0.2
16.78125	-0.2
16.78125	-0.2
16.8125	-0.2
16.8125	-0.2
16.84375	-0.2
16.84375	-0.2
16.875	-0.2
16.875	-0.2
16.90625	-0.2
16.90625	-0.2
16.9375	-0.2
16.9375	-0.2
16.96875	-0.2
16.96875	-0.2
17	-0.2
17	-0.2
17.03125	-0.2
17.03125	-0.2
17.0625	-0.2
17.0625	-0.2
17.09375	-0.2
17.09375	-0.2
17.125	-0.2
17.125	-0.2
17.15625	-0.2
17.15625	-0.2
17.1875	-0.2
17.1875	-0.2
17.21875	-0.2
17.21875	-0.2
17.25	-0.2
17.25	-0.2
17.28125	-0.2
17.28125	-0.2
17.3125	-0.2
17.3125	-0.2
17.34375	-0.2
17.34375	-0.2
17.375	-0.2
17.375	-0.2
17.40625	-0.2
17.40625	-0.2
17.4375	-0.2
17.4375	-0.2
17.46875	-0.2
17.46875	-0.2
17.5	-0.2
17.5	-0.2
17.53125	-0.2
17.53125	-0.2
17.5625	-0.2
17.5625	-0.2
17.59375	-0.2
17.59375	-0.2
17.625	-0.2
17.625	-0.2
17.65625	-0.2
17.65625	-0.2
17.6875	-0.2
17.6875	-0.2
17.71875	-0.2
17.71875	-0.2
17.75	-0.2
17.75	-0.2
17.78125	-0.2
17.78125	-0.2
17.8125	-0.2
17.8125	-0.2
17.84375	-0.2
17.84375	-0.2
17.875	-0.2
17.875	-0.2
17.90625	-0.2
17.90625	-0.2
17.9375	-0.2
17.9375	-0.2
17.96875	-0.2
17.96875	-0.2
18	-0.2
18	-0.2
18.03125	-0.2
18.03125	-0.2
18.0625	-0.2
18.0625	-0.2
18.09375	-0.2
18.09375	-0.2
18.125	-0.2
18.125	-0.2
18.15625	-0.2
18.15625	-0.2
18.1875	-0.2
18.1875	-0.2
18.21875	-0.2
18.21875	-0.2
18.25	-0.2
18.25	-0.2
18.28125	-0.2
18.28125	-0.2
18.3125	-0.2
18.3125	-0.2
18.34375	-0.2
18.34375	-0.2
18.375	-0.2
18.375	-0.2
18.40625	-0.2
18.40625	-0.2
18.4375	-0.2
18.4375	-0.2
18.46875	-0.2
18.46875	-0.2
18.5	-0.2
18.5	-0.2
18.53125	-0.2
18.53125	-0.2
18.5625	-0.2
18.5625	-0.2
18.59375	-0.2
18.59375	-0.2
18.625	-0.2
18.625	-0.2
18.65625	-0.2
18.65625	-0.2
18.6875	-0.2
18.6875	-0.2
18.71875	-0.2
18.71875	-0.2
18.75	-0.2
18.75	-0.2
18.78125	-0.2
18.78125	-0.2
18.8125	-0.2
18.8125	-0.2
18.84375	-0.2
18.84375	-0.2
18.875	-0.2
18.875	-0.2
18.90625	-0.2
18.90625	-0.2
18.9375	-0.2
18.9375	-0.2
18.96875	-0.2
18.96875	-0.2
19	-0.2
19	-0.2
19.03125	-0.2
19.03125	-0.2
19.0625	-0.2
19.0625	-0.2
19.09375	-0.2
19.09375	-0.2
19.125	-0.2
19.125	-0.2
19.15625	-0.2
19.15625	-0.2
19.1875	-0.2
19.1875	-0.2
19.21875	-0.2
19.21875	-0.2
19.25	-0.2
19.25	-0.2
19.28125	-0.2
19.28125	-0.2
19.3125	-0.2
19.3125	-0.2
19.34375	-0.2
19.34375	-0.2
19.375	-0.2
19.375	-0.2
19.40625	-0.2
19.40625	-0.2
19.4375	-0.2
19.4375	-0.2
19.46875	-0.2
19.46875	-0.2
19.5	-0.2
19.5	-0.2
19.53125	-0.2
19.53125	-0.2
19.5625	-0.2
19.5625	-0.2
19.59375	-0.2
19.59375	-0.2
19.625	-0.2
19.625	-0.2
19.65625	-0.2
19.65625	-0.2
19.6875	-0.2
19.6875	-0.2
19.71875	-0.2
19.71875	-0.2
19.75	-0.2
19.75	-0.2
19.78125	-0.2
19.78125	-0.2
19.8125	-0.2
19.8125	-0.2
19.84375	-0.2
19.84375	-0.2
19.875	-0.2
19.875	-0.2
19.90625	-0.2
19.90625	-0.2
19.9375	-0.2
19.9375	-0.2
19.96875	-0.2
19.96875	-0.2
20	-0.2
0	-0
0.03125	0
0.03125	-0
0.0625	0
0.0625	-0
0.09375	0
0.09375	-0
0.125	0
0.125	-0
0.15625	0
0.15625	-0
0.1875	0
0.1875	-0
0.21875	0
0.21875	-0
0.25	0
0.25	-0
0.28125	0
0.28125	-0
0.3125	0
0.3125	-0
0.34375	0
0.34375	-0
0.375	0
0.375	-0
0.40625	0
0.40625	-0
0.4375	0
0.4375	-0
0.46875	0
0.46875	-0
0.5	0
0.5	-0
0.53125	0
0.53125	-0
0.5625	0
0.5625	-0
0.59375	0
0.59375	-0
0.625	0
0.625	-0
0.65625	0
0.65625	-0
0.6875	0
0.6875	-0
0.71875	0
0.71875	-0
0.75	0
0.75	-0
0.78125	0
0.78125	-0
0.8125	0
0.8125	-0
0.84375	0
0.84375	-0
0.875	0
0.875	-0
0.90625	0
0.90625	-0
0.9375	0
0.9375	-0
0.96875	0
0.96875	-0
1	0
1	-0
1.03125	0
1.03125	-0
1.0625	0
1.0625	-0
1.09375	0
1.09375	-0
1.125	0
1.125	-0
1.15625	0
1.15625	-0
1.1875	0
1.1875	-0
1.21875	0
1.21875	-0
1.25	0
1.25	-0
1.28125	0
1.28125	-0
1.3125	0
1.3125	-0
1.34375	0
1.34375	-0
1.375	0
1.375	-0
1.40625	0
1.40625	-0
1.4375	0
1.4375	-0
1.46875	0
1.46875	-0
1.5	0
1.5	-0
1.53125	0
1.53125	-0
1.5625	0
1.5625	-0
1.59375	0
1.59375	-0
1.625	0
1.625	-0
1.65625	0
1.65625	-0
1.6875	0
1.6875	-0
1.71875	0
1.71875	-0
1.75	0
1.75	-0
1.78125	0
1.78125	-0
1.8125	0
1.8125	-0
1.84375	0
1.84375	-0
1.875	0
1.875	-0
1.90625	0
1.90625	-0
1.9375	0
1.9375	-0
1.96875	0
1.96875	-0
2	0
2	-0
2.03125	0
2.03125	-0
2.0625	0
2.0625	-0
2.09375	0
2.09375	-0
2.125	0
2.125	-0
2.15625	0
2.15625	-0
2.1875	0
2.1875	-0
2.21875	0
2.21875	-0
2.25	0
2.25	-0
2.28125	0
2.28125	-0
2.3125	0
2.3125	-0
2.34375	0
2.34375	-0
2.375	0
2.375	-0
2.40625	0
2.40625	-0
2.4375	0
2.4375	-0
2.46875	0
2.46875	-0
2.5	0
2.5	-0
2.53125	0
2.53125	-0
2.5625	0
2.5625	-0
2.59375	0
2.59375	-0
2.625	0
2.625	-0
2.65625	0
2.65625	-0
2.6875	0
2.6875	-0
2.71875	0
2.71875	-0
2.75	0
2.75	-0
2.78125	0
2.78125	-0
2.8125	0
2.8125	-0
2.84375	0
2.84375	-0
2.875	0
2.875	-0
2.90625	0
2.90625	-0
2.9375	0
2.9375	-0
2.96875	0
2.96875	-0
3	0
3	-0
3.03125	0
3.03125	-0
3.0625	0
3.0625	-0
3.09375	0
3.09375	-0
3.125	0
3.125	-0
3.15625	0
3.15625	-0
3.1875	0
3.1875	-0
3.21875	0
3.21875	-0
3.25	0
3.25	-0
3.28125	0
3.28125	-0
3.3125	0
3.3125	-0
3.34375	0
3.34375	-0
3.375	0
3.375	-0
3.40625	0
3.40625	-0
3.4375	0
3.4375	-0
3.46875	0
3.46875	-0
3.5	0
3.5	-0
3.53125	0
3.53125	-0
3.5625	0
3.5625	-0
3.59375	0
3.59375	-0
3.625	0
3.625	-0
3.65625	0
3.65625	-0
3.6875	0
3.6875	-0
3.71875	0
3.71875	-0
3.75	0
3.75	-0
3.78125	0
3.78125	-0
3.8125	0
3.8125	-0
3.84375	0
3.84375	-0
3.875	0
3.875	-0
3.90625	0
3.90625	-0
3.9375	0
3.9375	-0
3.96875	0
3.96875	-0
4	0
4	-0
4.03125	0
4.03125	-0
4.0625	0
4.0625	-0
4.09375	0
4.09375	-0
4.125	0
4.125	-0
4.15625	0
4.15625	-0
4.1875	0
4.1875	-0
4.21875	0
4.21875	-0
4.25	0
4.25	-0
4.28125	0
4.28125	-0
4.3125	0
4.3125	-0
4.34375	0
4.34375	-0
4.375	0
4.375	-0
4.40625	0
4.40625	-0
4.4375	0
4.4375	-0
4.46875	0
4.46875	-0
4.5	0
4.5	-0
4.53125	0
4.53125	-0
4.5625	0
4.5625	-0
4.59375	0
4.59375	-0
4.625	0
4.625	-0
4.65625	0
4.65625	-0
4.6875	0
4.6875	-0
4.71875	0
4.71875	-0
4.75	0
4.75	-0
4.78125	0
4.78125	-0
4.8125	0
4.8125	-0
4.84375	0
4.84375	-0
4.875	0
4.875	-0
4.90625	0
4.90625	-0
4.9375	0
4.9375	-0
4.96875	0
4.96875	-0
5	0
5	-0
5.03125	0
5.03125	-0
5.0625	0
5.0625	-0
5.09375	0
5.09375	-0
5.125	0
5.125	-0
5.15625	0
5.15625	-0
5.1875	0
5.1875	-0
5.21875	0
5.21875	-0
5.25	0
5.25	-0
5.28125	0
5.28125	-0
5.3125	0
5.3125	-0
5.34375	0
5.34375	-0
5.375	0
5.375	-0
5.40625	0
5.40625	-0
5.4375	0
5.4375	-0
5.46875	0
5.46875	-0
5.5	0
5.5	-0
5.53125	0
5.53125	-0
5.5625	0
5.5625	-0
5.59375	0
5.59375	-0
5.625	0
5.625	-0
5.65625	0
5.65625	-0
5.6875	0
5.6875	-0
5.71875	0
5.71875	-0
5.75	0
5.75	-0
5.78125	0
5.78125	-0
5.8125	0
5.8125	-0
5.84375	0
5.84375	-0
5.875	0
5.875	-0
5.90625	0
5.90625	-0
5.9375	0
5.9375	-0
5.96875	0
5.96875	-0
6	0
6	-0
6.03125	0
6.03125	-0
6.0625	0
6.0625	-0
6.09375	0
6.09375	-0
6.125	0
6.125	-0
6.15625	0
6.15625	-0
6.1875	0
6.1875	-0
6.21875	0
6.21875	-0
6.25	0
6.25	-0
6.28125	0
6.28125	-0
6.3125	0
6.3125	-0
6.34375	0
6.34375	-0
6.375	0
6.375	-0
6.40625	0
6.40625	-0
6.4375	0
6.4375	-0
6.46875	0
6.46875	-0
6.5	0
6.5	-0
6.53125	0
6.53125	-0
6.5625	0
6.5625	-0
6.59375	0
6.59375	-0
6.625	0
6.625	-0
6.65625	0
6.65625	-0
6.6875	0
6.6875	-0
6.71875	0
6.71875	-0
6.75	0
6.75	-0
6.78125	0
6.78125	-0
6.8125	0
6.8125	-0
6.84375	0
6.84375	-0
6.875	0
6.875	-0
6.90625	0
6.90625	-0
6.9375	0
6.9375	-0
6.96875	0
6.96875	-0
7	0
7	-0
7.03125	0
7.03125	-0
7.0625	0
7.0625	-0
7.09375	0
7.09375	-0
7.125	0
7.125	-0
7.15625	0
7.15625	-0
7.1875	0
7.1875	-0
7.21875	0
7.21875	-0
7.25	0
7.25	-0
7.28125	0
7.28125	-0
7.3125	0
7.3125	-0
7.34375	0
7.34375	-0
7.375	0
7.375	-0
7.40625	0
7.40625	-0
7.4375	0
7.4375	-0
7.46875	0
7.46875	-0
7.5	0
7.5	-0
7.53125	0
7.53125	-0
7.5625	0
7.5625	-0
7.59375	0
7.59375	-0
7.625	0
7.625	-0
7.65625	0
7.65625	-0
7.6875	0
7.6875	-0
7.71875	0
7.71875	-0
7.75	0
7.75	-0
7.78125	0
7.78125	-0
7.8125	0
7.8125	-0
7.84375	0
7.84375	-0
7.875	0
7.875	-0
7.90625	0
7.90625	-0
7.9375	0
7.9375	-0
7.96875	0
7.96875	-0
8	0
8	0.00620117187499999
8.03125	0.00620117187499999
8.03125	0.006103515625
8.0625	0.006103515625
8.0625	0.00600585937500001
8.09375	0.00600585937500001
8.09375	0.00590820312500001
8.125	0.00590820312500001
8.125	0.00581054687499999
8.15625	0.00581054687499999
8.15625	0.00571289062499999
8.1875	0.00571289062499999
8.1875	0.005615234375
8.21875	0.005615234375
8.21875	0.00551757812500001
8.25	0.00551757812500001
8.25	0.00541992187500001
8.28125	0.00541992187500001
8.28125	0.00532226562499999
8.3125	0.00532226562499999
8.3125	0.00522460937499999
8.34375	0.00522460937499999
8.34375	0.005126953125
8.375	0.005126953125
8.375	0.00502929687500001
8.40625	0.00502929687500001
8.40625	0.00493164062500001
8.4375	0.00493164062500001
8.4375	0.00483398437499999
8.46875	0.00483398437499999
8.46875	0.00473632812500001
8.5	0.00473632812500001
8.5	0.004638671875
8.53125	0.004638671875
8.53125	0.00454101562499999
8.5625	0.00454101562499999
8.5625	0.00444335937500001
8.59375	0.00444335937500001
8.59375	0.00434570312499999
8.625	0.00434570312499999
8.625	0.00424804687500001
8.65625	0.00424804687500001
8.65625	0.004150390625
8.6875	0.004150390625
8.6875	0.00405273437499999
8.71875	0.00405273437499999
8.71875	0.00395507812500001
8.75	0.00395507812500001
8.75	0.003857421875
8.78125	0.003857421875
8.78125	0.00375976562499999
8.8125	0.00375976562499999
8.8125	0.003662109375
8.84375	0.003662109375
8.84375	0.00356445312500001
8.875	0.00356445312500001
8.875	0.003466796875
8.90625	0.003466796875
8.90625	0.003369140625
8.9375	0.003369140625
8.9375	0.003271484375
8.96875	0.003271484375
8.96875	0.003173828125
9	0.003173828125
9	0.003076171875
9.03125	0.003076171875
9.03125	0.002978515625
9.0625	0.002978515625
9.0625	0.002880859375
9.09375	0.002880859375
9.09375	0.002783203125
9.125	0.002783203125
9.125	0.002685546875
9.15625	0.002685546875
9.15625	0.002587890625
9.1875	0.002587890625
9.1875	0.002490234375
9.21875	0.002490234375
9.21875	0.002392578125
9.25	0.002392578125
9.25	0.002294921875
9.28125	0.002294921875
9.28125	0.002197265625
9.3125	0.002197265625
9.3125	0.002099609375
9.34375	0.002099609375
9.34375	0.002001953125
9.375	0.002001953125
9.375	0.001904296875
9.40625	0.001904296875
9.40625	0.001806640625
9.4375	0.001806640625
9.4375	0.001708984375
9.46875	0.001708984375
9.46875	0.001611328125
9.5	0.001611328125
9.5	0.001513671875
9.53125	0.001513671875
9.53125	0.001416015625
9.5625	0.001416015625
9.5625	0.001318359375
9.59375	0.001318359375
9.59375	0.001220703125
9.625	0.001220703125
9.625	0.001123046875
9.65625	0.001123046875
9.65625	0.001025390625
9.6875	0.001025390625
9.6875	0.000927734375
9.71875	0.000927734375
9.71875	0.000830078125
9.75	0.000830078125
9.75	0.000732421875
9.78125	0.000732421875
9.78125	0.000634765625
9.8125	0.000634765625
9.8125	0.000537109375
9.84375	0.000537109375
9.84375	0.000439453125
9.875	0.000439453125
9.875	0.000341796875
9.90625	0.000341796875
9.90625	0.000244140625
9.9375	0.000244140625
9.9375	0.000146484375
9.96875	0.000146484375
9.96875	4.8828125e-05
10	4.8828125e-05
10	-4.8828125e-05
10.03125	-4.8828125e-05
10.03125	-0.000146484375
10.0625	-0.000146484375
10.0625	-0.000244140625
10.09375	-0.000244140625
10.09375	-0.000341796875
10.125	-0.000341796875
10.125	-0.000439453125
10.15625	-0.000439453125
10.15625	-0.000537109375
10.1875	-0.000537109375
10.1875	-0.000634765625
10.21875	-0.000634765625
10.21875	-0.000732421875
10.25	-0.000732421875
10.25	-0.000830078125
10.28125	-0.000830078125
10.28125	-0.000927734375
10.3125	-0.000927734375
10.3125	-0.001025390625
10.34375	-0.001025390625
10.34375	-0.001123046875
10.375	-0.001123046875
10.375	-0.001220703125
10.40625	-0.001220703125
10.40625	-0.001318359375
10.4375	-0.001318359375
10.4375	-0.001416015625
10.46875	-0.001416015625
10.46875	-0.001513671875
10.5	-0.001513671875
10.5	-0.001611328125
10.53125	-0.001611328125
10.53125	-0.001708984375
10.5625	-0.001708984375
10.5625	-0.001806640625
10.59375	-0.001806640625
10.59375	-0.001904296875
10.625	-0.001904296875
10.625	-0.002001953125
10.65625	-0.002001953125
10.65625	-0.002099609375
10.6875	-0.002099609375
10.6875	-0.002197265625
10.71875	-0.002197265625
10.71875	-0.002294921875
10.75	-0.002294921875
10.75	-0.002392578125
10.78125	-0.002392578125
10.78125	-0.002490234375
10.8125	-0.002490234375
10.8125	-0.002587890625
10.84375	-0.002587890625
10.84375	-0.002685546875
10.875	-0.002685546875
10.875	-0.002783203125
10.90625	-0.002783203125
10.90625	-0.002880859375
10.9375	-0.002880859375
10.9375	-0.002978515625
10.96875	-0.002978515625
10.96875	-0.003076171875
11	-0.003076171875
11	-0.003173828125
11.03125	-0.003173828125
11.03125	-0.003271484375
11.0625	-0.003271484375
11.0625	-0.003369140625
11.09375	-0.003369140625
11.09375	-0.003466796875
11.125	-0.003466796875
11.125	-0.00356445312500001
11.15625	-0.00356445312500001
11.15625	-0.003662109375
11.1875	-0.003662109375
11.1875	-0.00375976562499999
11.21875	-0.00375976562499999
11.21875	-0.003857421875
11.25	-0.003857421875
11.25	-0.00395507812500001
11.28125	-0.00395507812500001
11.28125	-0.00405273437499999
11.3125	-0.00405273437499999
11.3125	-0.004150390625
11.34375	-0.004150390625
11.34375	-0.00424804687500001
11.375	-0.00424804687500001
11.375	-0.00434570312499999
11.40625	-0.00434570312499999
11.40625	-0.00444335937500001
11.4375	-0.00444335937500001
11.4375	-0.00454101562499999
11.46875	-0.00454101562499999
11.46875	-0.004638671875
11.5	-0.004638671875
11.5	-0.00473632812500001
11.53125	-0.00473632812500001
11.53125	-0.00483398437499999
11.5625	-0.00483398437499999
11.5625	-0.00493164062500001
11.59375	-0.00493164062500001
11.59375	-0.00502929687500001
11.625	-0.00502929687500001
11.625	-0.005126953125
11.65625	-0.005126953125
11.65625	-0.00522460937499999
11.6875	-0.00522460937499999
11.6875	-0.00532226562499999
11.71875	-0.00532226562499999
11.71875	-0.00541992187500001
11.75	-0.00541992187500001
11.75	-0.00551757812500001
11.78125	-0.00551757812500001
11.78125	-0.005615234375
11.8125	-0.005615234375
11.8125	-0.00571289062499999
11.84375	-0.00571289062499999
11.84375	-0.00581054687499999
11.875	-0.00581054687499999
11.875	-0.00590820312500001
11.90625	-0.00590820312500001
11.90625	-0.00600585937500001
11.9375	-0.00600585937500001
11.9375	-0.006103515625
11.96875	-0.006103515625
11.96875	-0.00620117187499999
12	-0.00620117187499999
12	-0
12.03125	0
12.03125	-0
12.0625	0
12.0625	-0
12.09375	0
12.09375	-0
12.125	0
12.125	-0
12.15625	0
12.15625	-0
12.1875	0
12.1875	-0
12.21875	0
12.21875	-0
12.25	0
12.25	-0
12.28125	0
12.28125	-0
12.3125	0
12.3125	-0
12.34375	0
12.34375	-0
12.375	0
12.375	-0
12.40625	0
12.40625	-0
12.4375	0
12.4375	-0
12.46875	0
12.46875	-0
12.5	0
12.5	-0
12.53125	0
12.53125	-0
12.5625	0
12.5625	-0
12.59375	0
12.59375	-0
12.625	0
12.625	-0
12.65625	0
12.65625	-0
12.6875	0
12.6875	-0
12.71875	0
12.71875	-0
12.75	0
12.75	-0
12.78125	0
12.78125	-0
12.8125	0
12.8125	-0
12.84375	0
12.84375	-0
12.875	0
12.875	-0
12.90625	0
12.90625	-0
12.9375	0
12.9375	-0
12.96875	0
12.96875	-0
13	0
13	-0
13.03125	0
13.03125	-0
13.0625	0
13.0625	-0
13.09375	0
13.09375	-0
13.125	0
13.125	-0
13.15625	0
13.15625	-0
13.1875	0
13.1875	-0
13.21875	0
13.21875	-0
13.25	0
13.25	-0
13.28125	0
13.28125	-0
13.3125	0
13.3125	-0
13.34375	0
13.34375	-0
13.375	0
13.375	-0
13.40625	0
13.40625	-0
13.4375	0
13.4375	-0
13.46875	0
13.46875	-0
13.5	0
13.5	-0
13.53125	0
13.53125	-0
13.5625	0
13.5625	-0
13.59375	0
13.59375	-0
13.625	0
13.625	-0
13.65625	0
13.65625	-0
13.6875	0
13.6875	-0
13.71875	0
13.71875	-0
13.75	0
13.75	-0
13.78125	0
13.78125	-0
13.8125	0
13.8125	-0
13.84375	0
13.84375	-0
13.875	0
13.875	-0
13.90625	0
13.90625	-0
13.9375	0
13.9375	-0
13.96875	0
13.96875	-0
14	0
14	-0
14.03125	0
14.03125	-0
14.0625	0
14.0625	-0
14.09375	0
14.09375	-0
14.125	0
14.125	-0
14.15625	0
14.15625	-0
14.1875	0
14.1875	-0
14.21875	0
14.21875	-0
14.25	0
14.25	-0
14.28125	0
14.28125	-0
14.3125	0
14.3125	-0
14.34375	0
14.34375	-0
14.375	0
14.375	-0
14.40625	0
14.40625	-0
14.4375	0
14.4375	-0
14.46875	0
14.46875	-0
14.5	0
14.5	-0
14.53125	0
14.53125	-0
14.5625	0
14.5625	-0
14.59375	0
14.59375	-0
14.625	0
14.625	-0
14.65625	0
14.65625	-0
14.6875	0
14.6875	-0
14.71875	0
14.71875	-0
14.75	0
14.75	-0
14.78125	0
14.78125	-0
14.8125	0
14.8125	-0
14.84375	0
14.84375	-0
14.875	0
14.875	-0
14.90625	0
14.90625	-0
14.9375	0
14.9375	-0
14.96875	0
14.96875	-0
15	0
15	-0
15.03125	0
15.03125	-0
15.0625	0
15.0625	-0
15.09375	0
15.09375	-0
15.125	0
15.125	-0
15.15625	0
15.15625	-0
15.1875	0
15.1875	-0
15.21875	0
15.21875	-0
15.25	0
15.25	-0
15.28125	0
15.28125	-0
15.3125	0
15.3125	-0
15.34375	0
15.34375	-0
15.375	0
15.375	-0
15.40625	0
15.40625	-0
15.4375	0
15.4375	-0
15.46875	0
15.46875	-0
15.5	0
15.5	-0
15.53125	0
15.53125	-0
15.5625	0
15.5625	-0
15.59375	0
15.59375	-0
15.625	0
15.625	-0
15.65625	0
15.65625	-0
15.6875	0
15.6875	-0
15.71875	0
15.71875	-0
15.75	0
15.75	-0
15.78125	0
15.78125	-0
15.8125	0
15.8125	-0
15.84375	0
15.84375	-0
15.875	0
15.875	-0
15.90625	0
15.90625	-0
15.9375	0
15.9375	-0
15.96875	0
15.96875	-0
16	0
16	-0
16.03125	0
16.03125	-0
16.0625	0
16.0625	-0
16.09375	0
16.09375	-0
16.125	0
16.125	-0
16.15625	0
16.15625	-0
16.1875	0
16.1875	-0
16.21875	0
16.21875	-0
16.25	0
16.25	-0
16.28125	0
16.28125	-0
16.3125	0
16.3125	-0
16.34375	0
16.34375	-0
16.375	0
16.375	-0
16.40625	0
16.40625	-0
16.4375	0
16.4375	-0
16.46875	0
16.46875	-0
16.5	0
16.5	-0
16.53125	0
16.53125	-0
16.5625	0
16.5625	-0
16.59375	0
16.59375	-0
16.625	0
16.625	-0
16.65625	0
16.65625	-0
16.6875	0
16.6875	-0
16.71875	0
16.71875	-0
16.75	0
16.75	-0
16.78125	0
16.78125	-0
16.8125	0
16.8125	-0
16.84375	0
16.84375	-0
16.875	0
16.875	-0
16.90625	0
16.90625	-0
16.9375	0
16.9375	-0
16.96875	0
16.96875	-0
17	0
17	-0
17.03125	0
17.03125	-0
17.0625	0
17.0625	-0
17.09375	0
17.09375	-0
17.125	0
17.125	-0
17.15625	0
17.15625	-0
17.1875	0
17.1875	-0
17.21875	0
17.21875	-0
17.25	0
17.25	-0
17.28125	0
17.28125	-0
17.3125	0
17.3125	-0
17.34375	0
17.34375	-0
17.375	0
17.375	-0
17.40625	0
17.40625	-0
17.4375	0
17.4375	-0
17.46875	0
17.46875	-0
17.5	0
17.5	-0
17.53125	0
17.53125	-0
17.5625	0
17.5625	-0
17.59375	0
17.59375	-0
17.625	0
17.625	-0
17.65625	0
17.65625	-0
17.6875	0
17.6875	-0
17.71875	0
17.71875	-0
17.75	0
17.75	-0
17.78125	0
17.78125	-0
17.8125	0
17.8125	-0
17.84375	0
17.84375	-0
17.875	0
17.875	-0
17.90625	0
17.90625	-0
17.9375	0
17.9375	-0
17.96875	0
17.96875	-0
18	0
18	-0
18.03125	0
18.03125	-0
18.0625	0
18.0625	-0
18.09375	0
18.09375	-0
18.125	0
18.125	-0
18.15625	0
18.15625	-0
18.1875	0
18.1875	-0
18.21875	0
18.21875	-0
18.25	0
18.25	-0
18.28125	0
18.28125	-0
18.3125	0
18.3125	-0
18.34375	0
18.34375	-0
18.375	0
18.375	-0
18.40625	0
18.40625	-0
18.4375	0
18.4375	-0
18.46875	0
18.46875	-0
18.5	0
18.5	-0
18.53125	0
18.53125	-0
18.5625	0
18.5625	-0
18.59375	0
18.59375	-0
18.625	0
18.625	-0
18.65625	0
18.65625	-0
18.6875	0
18.6875	-0
18.71875	0
18.71875	-0
18.75	0
18.75	-0
18.78125	0
18.78125	-0
18.8125	0
18.8125	-0
18.84375	0
18.84375	-0
18.875	0
18.875	-0
18.90625	0
18.90625	-0
18.9375	0
18.9375	-0
18.96875	0
18.96875	-0
19	0
19	-0
19.03125	0
19.03125	-0
19.0625	0
19.0625	-0
19.09375	0
19.09375	-0
19.125	0
19.125	-0
19.15625	0
19.15625	-0
19.1875	0
19.1875	-0
19.21875	0
19.21875	-0
19.25	0
19.25	-0
19.28125	0
19.28125	-0
19.3125	0
19.3125	-0
19.34375	0
19.34375	-0
19.375	0
19.375	-0
19.40625	0
19.40625	-0
19.4375	0
19.4375	-0
19.46875	0
19.46875	-0
19.5	0
19.5	-0
19.53125	0
19.53125	-0
19.5625	0
19.5625	-0
19.59375	0
19.59375	-0
19.625	0
19.625	-0
19.65625	0
19.65625	-0
19.6875	0
19.6875	-0
19.71875	0
19.71875	-0
19.75	0
19.75	-0
19.78125	0
19.78125	-0
19.8125	0
19.8125	-0
19.84375	0
19.84375	-0
19.875	0
19.875	-0
19.90625	0
19.90625	-0
19.9375	0
19.9375	-0
19.96875	0
19.96875	-0
20	0
