3	1
80
0	0.3
2.5	0.3
2.5	0.3
5	0.3
5	0.3
7.5	0.3
7.5	0.3
10	0.3
10	0.3
12.5	0.3
12.5	0.3
15	0.3
15	0.3
17.5	0.3
17.5	0.3
20	0.3
20	0.3
22.5	0.3
22.5	0.3
25	0.3
25	0.3
27.5	0.3
27.5	0.3
30	0.3
30	0.3
32.5	0.3
32.5	0.3
35	0.3
35	0.3
37.5	0.3
37.5	0.333893123762013
40	0.173509140092946
40	0.173509140092946
42.5	0.333893123762013
42.5	0.3
45	0.3
45	0.3
47.5	0.3
47.5	0.3
50	0.3
50	0.3
52.5	0.3
52.5	0.3
55	0.3
55	0.3
57.5	0.3
57.5	0.3
60	0.3
60	0.3
62.5	0.3
62.5	0.3
65	0.3
65	0.3
67.5	0.3
67.5	0.3
70	0.3
70	0.3
72.5	0.3
72.5	0.3
75	0.3
75	0.3
77.5	0.3
77.5	0.3
80	0.3
80	0.3
82.5	0.3
82.5	0.3
85	0.3
85	0.3
87.5	0.3
87.5	0.3
90	0.3
90	0.3
92.5	0.3
92.5	0.3
95	0.3
95	0.3
97.5	0.3
97.5	0.3
100	0.3
0	0.056
2.5	0.056
2.5	0.056
5	0.056
5	0.056
7.5	0.056
7.5	0.056
10	0.056
10	0.056
12.5	0.056
12.5	0.056
15	0.056
15	0.056
17.5	0.056
17.5	0.056
20	0.056
20	0.056
22.5	0.056
22.5	0.056
25	0.056
25	0.056
27.5	0.056
27.5	0.056
30	0.056
30	0.056
32.5	0.056
32.5	0.056
35	0.056
35	0.056
37.5	0.056
37.5	0.056
40	0.028
40	0.028
42.5	0.056
42.5	0.056
45	0.056
45	0.056
47.5	0.056
47.5	0.056
50	0.056
50	0.056
52.5	0.056
52.5	0.056
55	0.056
55	0.056
57.5	0.056
57.5	0.056
60	0.056
60	0.056
62.5	0.056
62.5	0.056
65	0.056
65	0.056
67.5	0.056
67.5	0.056
70	0.056
70	0.056
72.5	0.056
72.5	0.056
75	0.056
75	0.056
77.5	0.056
77.5	0.056
80	0.056
80	0.056
82.5	0.056
82.5	0.056
85	0.056
85	0.056
87.5	0.056
87.5	0.056
90	0.056
90	0.056
92.5	0.056
92.5	0.056
95	0.056
95	0.056
97.5	0.056
97.5	0.056
100	0.056
0	-0.1
2.5	-0.1
2.5	-0.1
5	-0.1
5	-0.1
7.5	-0.1
7.5	-0.1
10	-0.1
10	-0.1
12.5	-0.1
12.5	-0.1
15	-0.1
15	-0.1
17.5	-0.1
17.5	-0.1
20	-0.1
20	-0.1
22.5	-0.1
22.5	-0.1
25	-0.1
25	-0.1
27.5	-0.1
27.5	-0.1
30	-0.1
30	-0.1
32.5	-0.1
32.5	-0.1
35	-0.1
35	-0.1
37.5	-0.1
37.5	-0.1
40	0
40	0
42.5	-0.1
42.5	-0.1
45	-0.1
45	-0.1
47.5	-0.1
47.5	-0.1
50	-0.1
50	-0.1
52.5	-0.1
52.5	-0.1
55	-0.1
55	-0.1
57.5	-0.1
57.5	-0.1
60	-0.1
60	-0.1
62.5	-0.1
62.5	-0.1
65	-0.1
65	-0.1
67.5	-0.1
67.5	-0.1
70	-0.1
70	-0.1
72.5	-0.1
72.5	-0.1
75	-0.1
75	-0.1
77.5	-0.1
77.5	-0.1
80	-0.1
80	-0.1
82.5	-0.1
82.5	-0.1
85	-0.1
85	-0.1
87.5	-0.1
87.5	-0.1
90	-0.1
90	-0.1
92.5	-0.1
92.5	-0.1
95	-0.1
95	-0.1
97.5	-0.1
97.5	-0.1
100	-0.1
0	-0
2.5	0
2.5	-0
5	0
5	-0
7.5	0
7.5	-0
10	0
10	-0
12.5	0
12.5	-0
15	0
15	-0
17.5	0
17.5	-0
20	0
20	-0
22.5	0
22.5	-0
25	0
25	-0
27.5	0
27.5	-0
30	0
30	-0
32.5	0
32.5	-0
35	0
35	-0
37.5	0
37.5	0.1
40	0.1
40	-0.1
42.5	-0.1
42.5	-0
45	0
45	-0
47.5	0
47.5	-0
50	0
50	-0
52.5	0
52.5	-0
55	0
55	-0
57.5	0
57.5	-0
60	0
60	-0
62.5	0
62.5	-0
65	0
65	-0
67.5	0
67.5	-0
70	0
70	-0
72.5	0
72.5	-0
75	0
75	-0
77.5	0
77.5	-0
80	0
80	-0
82.5	0
82.5	-0
85	0
85	-0
87.5	0
87.5	-0
90	0
90	-0
92.5	0
92.5	-0
95	0
95	-0
97.5	0
97.5	-0
100	0
