3	1
160
0	1.19999971009528
0.25	1.20000071861724
0.25	1.20000122762407
0.5	1.19997067385304
0.5	1.19996968178513
0.75	1.19999844206925
0.75	1.19999921785299
1	1.19997908020478
1	1.19997832685121
1.25	1.20000095587327
1.25	1.20000123006852
1.5	1.20000328946435
1.5	1.2000036498493
1.75	1.19998208904186
1.75	1.19998081048682
2	1.20002911473546
2	1.20003083550012
2.25	1.19996579054043
2.25	1.19996338934065
2.5	1.20003169998942
2.5	1.2000336051816
2.75	1.19997792096291
2.75	1.1999763552563
3	1.20000799388159
3	1.2000082768961
3.25	1.20002176912794
3.25	1.20002268724851
3.5	1.19996965985244
3.5	1.19996757711305
3.75	1.20003752681049
3.75	1.20003951250982
4	1.19997435180823
4	1.19997271099486
4.25	1.20000187226535
4.25	1.20000204925222
4.5	1.20002263744293
4.5	1.20002367005065
4.75	1.19996586162762
4.75	1.19996404127517
5	1.20002300434221
5	1.20002400882397
5.25	1.20000844355723
5.25	1.20000891546303
5.5	1.19995803908245
5.5	1.1999557182181
5.75	1.20005231998527
5.75	1.20005465863907
6	1.19997790531939
6	1.19997701422574
6.25	1.19996149966431
6.25	1.19995905344251
6.5	1.20009118621846
6.5	1.20009551416211
6.75	1.19991260609113
6.75	1.19990816668118
7	1.20001127720375
7	1.20001141221875
7.25	1.20009646432785
7.25	1.20010098005395
7.5	1.19985139076152
7.5	1.19984384367999
7.75	1.20008332495248
7.75	1.20008682308147
8	1.20006868244691
8	1.20007145206448
8.25	1.19982500446687
8.25	1.19981693253224
8.5	1.20011843533992
8.5	1.20012325093992
8.75	1.20006687493968
8.75	1.2000688103734
9	1.19982161830175
9	1.19981491522744
9.25	1.20006240962595
9.25	1.2000645605495
9.5	1.20015260568226
9.5	1.20015667949701
9.75	1.19986290396893
9.75	1.19985970391817
10	1.19983781181315
10	1.19983181185851
10.25	1.20027829907288
10.25	1.20028427536855
10.5	1.20016026558938
10.5	1.20016710558817
10.75	1.19946464930974
10.75	1.1994503895558
11	1.19990402007011
11	1.19989751884412
11.25	1.20084768921522
11.25	1.20086637379314
11.5	1.19998789979926
11.5	1.20000198408023
11.75	1.19741734504407
11.75	1.19742306370552
12	1.1940064840262
12	1.19401109915162
12.25	1.19018533290264
12.25	1.19017633135588
12.5	1.18711966080753
12.5	1.18711096615969
12.75	1.18485471464137
12.75	1.1848579220378
13	1.18253380157352
13	1.18252554534047
13.25	1.18095946235593
13.25	1.18094696880956
13.5	1.180451875808
13.5	1.18045580499277
13.75	1.17984235093653
13.75	1.17983757720593
14	1.17976295067208
14	1.17974380723926
14.25	1.1812854759205
14.25	1.18128508407973
14.5	1.18305837441254
14.5	1.18306348016994
14.75	1.18460704057302
14.75	1.18458678529686
15	1.18794539118537
15	1.18792416157044
15.25	1.19322608942785
15.25	1.1932351427852
15.5	1.19772693491723
15.5	1.19774983417268
15.75	1.19979450434869
15.75	1.19980809063537
16	1.20016247769893
16	1.20016507423012
16.25	1.20005569725986
16.25	1.20005466805883
16.5	1.19999435979858
16.5	1.19999382909911
16.75	1.19999448674209
16.75	1.1999945158569
17	1.19999999633412
17	1.20000003598173
17.25	1.20000099643348
17.25	1.20000101367874
17.5	1.19999991449862
17.5	1.19999989570843
17.75	1.20000005838754
17.75	1.20000005751022
18	1.20000040269059
18	1.20000041428976
18.25	1.19999987177648
18.25	1.19999985656495
18.5	1.20000026145618
18.5	1.20000026776646
18.75	1.200000260488
18.75	1.20000026401475
19	1.19999994000392
19	1.19999992960892
19.25	1.2000002905874
19.25	1.20000029809972
19.5	1.20000015292859
19.5	1.20000014904957
19.75	1.20000011597096
19.75	1.20000012412127
20	1.20000012671449
0	0.475400356155735
0.25	0.475399308951382
0.25	0.475398866938089
0.5	0.47539762095438
0.5	0.475397682506443
0.75	0.475398414329447
0.75	0.475398612053936
1	0.475398646458094
1	0.475398166077686
1.25	0.475399240794782
1.25	0.475400078004154
1.5	0.47540019004614
1.5	0.475399099256811
1.75	0.47539909363578
1.75	0.475399902488636
2	0.47540104099173
2	0.475400366581974
2.25	0.475399098191501
2.25	0.475398950899342
2.5	0.475400387828458
2.5	0.475401123449152
2.75	0.475400074609613
2.75	0.475398743382796
3	0.475399446143623
3	0.475401201894892
3.25	0.475402153846108
3.25	0.475400531307219
3.5	0.475398616893829
3.5	0.475399150441372
3.75	0.475401487599422
3.75	0.475401892544124
4	0.475399732837771
4	0.475398380201039
4.25	0.47539888056497
4.25	0.47540065877871
4.5	0.475402256805581
4.5	0.475400955308688
4.75	0.47539801951446
4.75	0.475397831534102
5	0.475400920721237
5	0.475402487189139
5.25	0.47540137177672
5.25	0.475399271314815
5.5	0.475397261647136
5.5	0.475398076801153
5.75	0.475403121362379
5.75	0.475404347139343
6	0.475399578087724
6	0.47539640709421
6.25	0.475397017456701
6.25	0.475399913683719
6.5	0.475406112693355
6.5	0.475405227655069
6.75	0.475396022988131
6.75	0.475392934678949
7	0.475398456146196
7	0.47540405774628
7.25	0.475408510134907
7.25	0.475403903668485
7.5	0.475391172062659
7.5	0.475389749755256
7.75	0.475402627067264
7.75	0.475409298013329
8	0.475408680893867
8	0.475401700277103
8.25	0.475387192386069
8.25	0.475387585060808
8.5	0.47540581999258
8.5	0.47541205065719
8.75	0.47540989675072
8.75	0.475403302927221
9	0.47538500197388
9	0.475384647961003
9.25	0.475402306469044
9.25	0.475408003532099
9.5	0.475417073632294
9.5	0.475414817681882
9.75	0.475388047625811
9.75	0.475382551596441
10	0.475384254494751
10	0.475387403369218
10.25	0.475425811335011
10.25	0.475433594457667
10.5	0.475417074942164
10.5	0.475407774577531
10.75	0.475351606151619
10.75	0.475342438930315
11	0.475386038999337
11	0.475400508801322
11.25	0.475484120817164
11.25	0.475494740272086
11.5	0.475401936403597
11.5	0.475398488400708
11.75	0.475112355289387
11.75	0.475112428202938
12	0.474722523397545
12	0.474717699258445
12.25	0.474295410359451
12.25	0.474287379693453
12.5	0.473936304048064
12.5	0.473941608121116
12.75	0.473668448055015
12.75	0.473668404650342
13	0.473412088179408
13	0.473401579377796
13.25	0.473224896802494
13.25	0.47322925322883
13.5	0.473154165615685
13.5	0.473158502106687
13.75	0.473096197303887
13.75	0.473082249389297
14	0.473090905377405
14	0.473089918408618
14.25	0.47325039296929
14.25	0.473262381900142
14.5	0.473464207040906
14.5	0.473453881232281
14.75	0.473659075822475
14.75	0.473642279394834
15	0.474033149219394
15	0.474042720429626
15.25	0.474622773468776
15.25	0.474641879018606
15.5	0.475140375197126
15.5	0.475144714030422
15.75	0.47538058512798
15.75	0.475375883478531
16	0.475422057385364
16	0.475418281789095
16.25	0.475407796707726
16.25	0.475407162790572
16.5	0.475399693428955
16.5	0.475400149320299
16.75	0.475399913607306
16.75	0.475400045039096
17	0.47540072334341
17	0.475400701523569
17.25	0.475400808482279
17.25	0.475400793056232
17.5	0.475400715684219
17.5	0.475400705608176
17.75	0.475400708808118
17.75	0.475400726365754
18	0.475400761891329
18	0.475400752253539
18.25	0.475400731435338
18.25	0.475400727401433
18.5	0.475400752059413
18.5	0.475400764295124
18.75	0.475400776595268
18.75	0.475400766448284
19	0.475400750868376
19	0.475400753110002
19.25	0.475400773583015
19.25	0.475400777893946
19.5	0.475400780105307
19.5	0.475400770581967
19.75	0.475400774346583
19.75	0.47540082784542
20	0.475400726373819
0	-0.199999742545861
0.25	-0.200000842083694
0.25	-0.200001384727667
0.5	-0.199970854611261
0.5	-0.199970027298636
0.75	-0.199998452759872
0.75	-0.199999254076384
1	-0.199979324559231
1	-0.199978680998703
1.25	-0.200000858950771
1.25	-0.200001113373591
1.5	-0.200003494481142
1.5	-0.200003892401607
1.75	-0.199982038913131
1.75	-0.199980921864026
2	-0.200029035003572
2	-0.200030786785195
2.25	-0.199965942000192
2.25	-0.199963868975279
2.5	-0.200031323407176
2.5	-0.200033263849358
2.75	-0.19997825452794
2.75	-0.199976899582385
3	-0.200007597052378
3	-0.200007933646282
3.25	-0.2000219626635
3.25	-0.20002282266224
3.5	-0.199969602932002
3.5	-0.199967886744648
3.75	-0.200037212294453
3.75	-0.200039131291154
4	-0.199974662823166
4	-0.199973281726428
4.25	-0.200001473455054
4.25	-0.200001735890948
4.5	-0.200022792685012
4.5	-0.200023684852655
4.75	-0.199965904795804
4.75	-0.199964501075582
5	-0.200022611673461
5	-0.200023479236254
5.25	-0.200008736046095
5.25	-0.200009237523252
5.5	-0.199957898680854
5.5	-0.19995607236529
5.75	-0.200051867446379
5.75	-0.200053885502985
6	-0.199978416195148
6	-0.19997788030776
6.25	-0.199960967370699
6.25	-0.199958967481531
6.5	-0.200090874650676
6.5	-0.200094784936705
6.75	-0.199913209185111
6.75	-0.199909779861706
7	-0.200010099115927
7	-0.200010246124292
7.25	-0.200096828052387
7.25	-0.200100873042054
7.5	-0.199851707846
7.5	-0.199845893766
7.75	-0.20008163987592
7.75	-0.200084737317937
8	-0.200069621853989
8	-0.200072042168141
8.25	-0.199824966059001
8.25	-0.199818939794242
8.5	-0.200116725749602
8.5	-0.20012087018803
8.75	-0.200067841790221
8.75	-0.20006929272775
9	-0.199821707348715
9	-0.199817030871198
9.25	-0.200060960355617
9.25	-0.200062847010243
9.5	-0.200152675731201
9.5	-0.200155383440786
9.75	-0.199863890364625
9.75	-0.199862216434836
10	-0.199837164583958
10	-0.19983309857601
10.25	-0.200276062435374
10.25	-0.20027992364198
10.5	-0.200161411647813
10.5	-0.200167084261907
10.75	-0.199466984329811
10.75	-0.199457917384434
11	-0.199900631367149
11	-0.199896330917843
11.25	-0.200843581815502
11.25	-0.200855677109418
11.5	-0.199992540327697
11.5	-0.199999784224538
11.75	-0.197436972670355
11.75	-0.197439255178613
12	-0.194048884550852
12	-0.194052643552807
12.25	-0.190252185210516
12.25	-0.190246762511564
12.5	-0.187205223647673
12.5	-0.187200068961558
12.75	-0.18495858890968
12.75	-0.184962400504335
13	-0.182654043344705
13	-0.182649513350093
13.25	-0.181087289219482
13.25	-0.181079555450139
13.5	-0.180585670736529
13.5	-0.180589957179801
13.75	-0.17998227383636
13.75	-0.179980624865539
14	-0.179898735484718
14	-0.179886771406516
14.25	-0.181411415397774
14.25	-0.181412439079564
14.5	-0.183176914188442
14.5	-0.18318214748505
14.75	-0.184711094318286
14.75	-0.184699661976179
15	-0.188021425096847
15	-0.188008906874255
15.25	-0.193270698540013
15.25	-0.193276596447182
15.5	-0.197747210974228
15.5	-0.19776041120907
15.75	-0.199800418094961
15.75	-0.199807547481815
16	-0.200162859261575
16	-0.200163837882677
16.25	-0.200055057322797
16.25	-0.200054379305177
16.5	-0.199993949555859
16.5	-0.199993725585462
16.75	-0.199994303493686
16.75	-0.1999943493875
17	-0.19999982744655
17	-0.199999842955549
17.25	-0.200000806122753
17.25	-0.20000081894054
17.5	-0.199999723476426
17.5	-0.199999709781378
17.75	-0.199999860570722
17.75	-0.19999986108792
18	-0.200000206880195
18	-0.200000216591169
18.25	-0.199999673552687
18.25	-0.199999661675834
18.5	-0.200000056834372
18.5	-0.200000062910218
18.75	-0.200000058108803
18.75	-0.200000060728893
19	-0.199999734116751
19	-0.199999726197331
19.25	-0.200000082462344
19.25	-0.200000089551867
19.5	-0.199999946498492
19.5	-0.199999943740037
19.75	-0.199999904771426
19.75	-0.199999900309927
20	-0.199999930282822
0	1.93273972493103e-06
0.25	1.93273972493103e-06
0.25	3.39345927079474e-06
0.5	3.39345927079474e-06
0.5	6.61394104915628e-06
0.75	6.61394104915628e-06
0.75	5.1719982036922e-06
1	5.1719982036922e-06
1	5.02247034784633e-06
1.25	5.02247034784633e-06
1.25	1.82800471124893e-06
1.5	1.82800471124893e-06
1.5	2.40258492421976e-06
1.75	2.40258492421976e-06
1.75	8.52373539441154e-06
2	8.52373539441154e-06
2	1.14718912899678e-05
2.25	1.14718912899678e-05
2.25	1.60081901930091e-05
2.5	1.60081901930091e-05
2.5	1.27013417847944e-05
2.75	1.27013417847944e-05
2.75	1.0438199327706e-05
3	1.0438199327706e-05
3	1.88672688641372e-06
3.25	1.88672688641372e-06
3.25	6.12093762993072e-06
3.5	6.12093762993072e-06
3.5	1.38851250754269e-05
3.75	1.38851250754269e-05
3.75	1.32381185833937e-05
4	1.32381185833937e-05
4	1.09390029626034e-05
4.25	1.09390029626034e-05
4.25	1.17986291457031e-06
4.5	1.17986291457031e-06
4.5	6.88426150493716e-06
4.75	6.88426150493716e-06
4.75	1.21360202419971e-05
5	1.21360202419971e-05
5	6.69659520058887e-06
5.25	6.69659520058887e-06
5.25	3.14614367647788e-06
5.5	3.14614367647788e-06
5.5	1.54726873305214e-05
5.75	1.54726873305214e-05
5.75	1.55911421088866e-05
6	1.55911421088866e-05
6	5.94093303819875e-06
6.25	5.94093303819875e-06
6.25	1.63080939882729e-05
6.5	1.63080939882729e-05
6.5	2.88534127065869e-05
6.75	2.88534127065869e-05
6.75	2.95976186984849e-05
7	2.95976186984849e-05
7	9.00046868082464e-07
7.25	9.00046868082464e-07
7.25	3.01060489227091e-05
7.5	3.01060489227091e-05
7.5	5.03163580177959e-05
7.75	5.03163580177959e-05
7.75	2.33197173133973e-05
8	2.33197173133973e-05
8	1.84653683968839e-05
8.25	1.84653683968839e-05
8.25	5.38154234525436e-05
8.5	5.38154234525436e-05
8.5	3.21019900108934e-05
8.75	3.21019900108934e-05
8.75	1.29038510155491e-05
9	1.29038510155491e-05
9	4.46903387505143e-05
9.25	4.46903387505143e-05
9.25	1.4338381436546e-05
9.5	1.4338381436546e-05
9.5	2.71591033494746e-05
9.75	2.71591033494746e-05
9.75	2.13366824587633e-05
10	2.13366824587633e-05
10	3.99986622299348e-05
10.25	3.99986622299348e-05
10.25	3.9835149956828e-05
10.5	3.9835149956828e-05
10.5	4.56079615571118e-05
10.75	4.56079615571118e-05
10.75	9.50920597955667e-05
11	9.50920597955667e-05
11	4.33290161388112e-05
11.25	4.33290161388112e-05
11.25	0.000124520881092023
11.5	0.000124520881092023
11.5	9.39964993225073e-05
11.75	9.39964993225073e-05
11.75	3.82606421310875e-05
12	3.82606421310875e-05
12	3.09719835379322e-05
12.25	3.09719835379322e-05
12.25	6.05841289875299e-05
12.5	6.05841289875299e-05
12.5	5.8650060718996e-05
12.75	5.8650060718996e-05
12.75	2.16782954895114e-05
13	2.16782954895114e-05
13	5.58923312621147e-05
13.25	5.58923312621147e-05
13.25	8.46530343077028e-05
13.5	8.46530343077028e-05
13.5	2.66364429158617e-05
13.75	2.66364429158617e-05
13.75	3.23694481314232e-05
14	3.23694481314232e-05
14	0.000129731296983152
14.25	0.000129731296983152
14.25	2.65107087833553e-06
14.5	2.65107087833553e-06
14.5	3.45047522783177e-05
14.75	3.45047522783177e-05
14.75	0.000136599962583031
15	0.000136599962583031
15	0.000142652911881887
15.25	0.000142652911881887
15.25	6.05846849969628e-05
15.5	6.05846849969628e-05
15.5	0.000152819193056833
15.75	0.000152819193056833
15.75	9.05763575856516e-05
16	9.05763575856516e-05
16	1.73081982372084e-05
16.25	1.73081982372084e-05
16.25	6.86140705879228e-06
16.5	6.86140705879228e-06
16.5	3.53800219378578e-06
16.75	3.53800219378578e-06
16.75	1.94132206412715e-07
17	1.94132206412715e-07
17	2.64312782308606e-07
17.25	2.64312782308606e-07
17.25	1.14956784783054e-07
17.5	1.14956784783054e-07
17.5	1.25271278711969e-07
17.75	1.25271278711969e-07
17.75	5.84084076422044e-09
18	5.84084076422044e-09
18	7.73282190480127e-08
18.25	7.73282190480127e-08
18.25	1.01421205701937e-07
18.5	1.01421205701937e-07
18.5	4.20729358670698e-08
18.75	4.20729358670698e-08
18.75	2.35215930424282e-08
19	2.35215930424282e-08
19	6.93040198630239e-08
19.25	6.93040198630239e-08
19.25	5.00782462053746e-08
19.5	5.00782462053746e-08
19.5	2.58603243574298e-08
19.75	2.58603243574298e-08
19.75	5.43332818202805e-08
20	5.43332818202805e-08
