3	1
320
0	1.19999999999177
0.125	1.19999999998973
0.125	1.19999999998959
0.25	1.19999999999873
0.25	1.19999999999886
0.375	1.19999999999032
0.375	1.19999999999043
0.5	1.19999999997374
0.5	1.19999999997337
0.625	1.20000000000957
0.625	1.20000000000945
0.75	1.20000000006266
0.75	1.20000000006306
0.875	1.20000000006103
0.875	1.20000000006108
1	1.20000000003457
1	1.20000000003462
1.125	1.2000000000132
1.125	1.20000000001278
1.25	1.20000000002694
1.25	1.20000000002762
1.375	1.2000000000028
1.375	1.2000000000015
1.5	1.20000000005334
1.5	1.20000000005587
1.625	1.19999999995566
1.625	1.19999999995082
1.75	1.20000000014314
1.75	1.20000000015232
1.875	1.19999999978681
1.875	1.19999999976955
2	1.20000000045916
2	1.20000000049131
2.125	1.19999999920301
2.125	1.19999999914367
2.25	1.20000000152873
2.25	1.20000000163718
2.375	1.19999999726575
2.375	1.19999999706954
2.5	1.20000000500121
2.5	1.20000000535247
2.625	1.19999999111412
2.625	1.19999999049218
2.75	1.20000001577099
2.75	1.20000001685966
2.875	1.1999999724972
2.875	1.1999999706143
3	1.20000004753057
3	1.20000005074648
3.125	1.19999991907196
3.125	1.19999991365128
3.25	1.20000013608076
3.25	1.20000014509197
3.375	1.19999977459916
3.375	1.19999975983651
3.5	1.20000036786739
3.5	1.20000039168152
3.625	1.19999940936906
3.625	1.1999993715779
3.75	1.20000093230691
3.75	1.2000009912418
3.875	1.19999855523698
3.875	1.19999846502418
4	1.20000219541639
4	1.20000233077274
4.125	1.19999673415919
4.125	1.19999653539951
4.25	1.20000474754545
4.25	1.20000503264609
4.375	1.19999327069456
4.375	1.1999928720798
4.5	1.20000927616466
4.5	1.20000981791803
4.625	1.19998760559109
4.625	1.19998689216671
4.75	1.20001598598373
4.75	1.2000168923343
4.875	1.19998020776319
4.875	1.19997910292722
5	1.20002334425253
5	1.20002462625662
5.125	1.19997406582728
5.125	1.19997266551411
5.25	1.20002664879587
5.25	1.20002806181634
5.375	1.19997550959877
5.375	1.19997423614672
5.5	1.20001862966722
5.5	1.20001957628397
5.625	1.19999122606892
5.625	1.19999079692027
5.75	1.19999560976406
5.75	1.19999537720815
5.875	1.20001884082082
5.875	1.2000197696923
6	1.19996883475175
6	1.19996734276685
6.125	1.20003708930055
6.125	1.20003881662125
6.25	1.19996725213344
6.25	1.19996577273445
6.375	1.2000166155557
6.375	1.20001732984196
6.5	1.20000852593957
6.5	1.20000892935738
6.625	1.1999653344636
6.625	1.19996383636293
6.75	1.20005006944964
6.75	1.2000521455937
6.875	1.19995604628242
6.875	1.1999543025707
7	1.20001346490117
7	1.2000139398812
7.125	1.20003050536378
7.125	1.2000317149031
7.25	1.19993612481089
7.25	1.19993376385989
7.375	1.20006050823215
7.375	1.20006260196308
7.5	1.1999882045213
7.5	1.19998791252168
7.625	1.19994293706025
7.625	1.19994095316213
7.75	1.20009262986542
7.75	1.20009556773302
7.875	1.1999491572925
7.875	1.19994771598511
8	1.19994902220279
8	1.19994748474234
8.125	1.20011955804428
8.125	1.20012264453835
8.25	1.19994277048236
8.25	1.19994178604962
8.375	1.19989196068842
8.375	1.1998888539622
8.5	1.20018180342373
8.5	1.2001859449404
8.625	1.19999736007893
8.625	1.19999745548085
8.75	1.19976150371477
8.75	1.19975790445858
8.875	1.20007119412625
8.875	1.20007014045173
9	1.20040394446688
9	1.20041171739537
9.125	1.19952716992909
9.125	1.19953117321898
9.25	1.19769534304154
9.25	1.19769764815095
9.375	1.19544010881929
9.375	1.19543819363455
9.5	1.19337161923547
9.5	1.19337121019701
9.625	1.19144685783627
9.625	1.19144624361422
9.75	1.18966394893389
9.75	1.18966250622437
9.875	1.1880787643158
9.875	1.18807940728256
10	1.18653273638774
10	1.18653034532823
10.125	1.185261477184
10.125	1.18526232589531
10.25	1.18401496283583
10.25	1.18401330001014
10.375	1.18298898115908
10.375	1.18298816818995
10.5	1.18211985981388
10.5	1.18212035622793
10.625	1.18130086573574
10.625	1.1812981175878
10.75	1.18079747221195
10.75	1.18079874426939
10.875	1.18028096789198
10.875	1.18027917809534
11	1.18000430699545
11	1.18000295903948
11.125	1.1799350878793
11.125	1.17993645021638
11.25	1.17983826695617
11.25	1.17983492794884
11.375	1.18012534030548
11.375	1.18012598295513
11.5	1.18044658829104
11.5	1.18044669242778
11.625	1.18084632438524
11.625	1.18084270394312
11.75	1.18167358258243
11.75	1.18167553298172
11.875	1.18240280265569
11.875	1.18240174723057
12	1.18332082954029
12	1.18331718111927
12.125	1.18469216112658
12.125	1.18469478968896
12.25	1.18587284125095
12.25	1.18587169466344
12.375	1.18725820779895
12.375	1.18725367521695
12.5	1.18922639910062
12.5	1.18922894159163
12.625	1.19096784225303
12.625	1.19096897601986
12.75	1.19264703817053
12.75	1.19264104907764
12.875	1.19516950879195
12.875	1.19516787031636
13	1.19792058046408
13	1.1979270382922
13.125	1.19959333845641
13.125	1.19959954299662
13.25	1.20006421416796
13.25	1.20006603880854
13.375	1.20004371280347
13.375	1.20004344789789
13.5	1.19999897950475
13.5	1.19999875293158
13.625	1.1999965390867
13.625	1.19999655263872
13.75	1.2000001333883
13.75	1.20000015440543
13.875	1.20000025730826
13.875	1.20000025496162
14	1.19999996616491
14	1.19999996455163
14.125	1.19999998467401
14.125	1.19999998507617
14.25	1.20000000472741
14.25	1.20000000480052
14.375	1.20000000025936
14.375	1.20000000021333
14.5	1.19999999952692
14.5	1.19999999953012
14.625	1.20000000000692
14.625	1.20000000000992
14.75	1.19999999996036
14.75	1.19999999995941
14.875	1.19999999993632
14.875	1.19999999993632
15	1.19999999994657
15	1.19999999994664
15.125	1.19999999994661
15.125	1.19999999994659
15.25	1.19999999994667
15.25	1.19999999994667
15.375	1.19999999994745
15.375	1.19999999994745
15.5	1.19999999994795
15.5	1.19999999994794
15.625	1.19999999994852
15.625	1.19999999994852
15.75	1.19999999994889
15.75	1.19999999994888
15.875	1.19999999994954
15.875	1.19999999994955
16	1.19999999994968
16	1.19999999994967
16.125	1.19999999995064
16.125	1.19999999995066
16.25	1.19999999995018
16.25	1.19999999995015
16.375	1.19999999995198
16.375	1.19999999995203
16.5	1.19999999995014
16.5	1.19999999995005
16.625	1.19999999995392
16.625	1.19999999995404
16.75	1.19999999994913
16.75	1.19999999994894
16.875	1.199999999957
16.875	1.19999999995727
17	1.1999999999466
17	1.19999999994623
17.125	1.19999999996172
17.125	1.19999999996221
17.25	1.19999999994236
17.25	1.19999999994173
17.375	1.19999999996772
17.375	1.19999999996849
17.5	1.19999999993765
17.5	1.19999999993676
17.625	1.19999999997246
17.625	1.19999999997342
17.75	1.19999999993661
17.75	1.19999999993568
17.875	1.1999999999703
17.875	1.19999999997106
18	1.19999999994582
18	1.19999999994539
18.125	1.19999999995509
18.125	1.199999999955
18.25	1.19999999996881
18.25	1.19999999996956
18.375	1.19999999992859
18.375	1.19999999992714
18.5	1.19999999999627
18.5	1.19999999999834
18.625	1.19999999990819
18.625	1.19999999990572
18.75	1.20000000000555
18.75	1.20000000000808
18.875	1.19999999991489
18.875	1.19999999991264
19	1.19999999998702
19	1.1999999999888
19.125	1.19999999993847
19.125	1.19999999993713
19.25	1.19999999997207
19.25	1.19999999997325
19.375	1.19999999993722
19.375	1.19999999993584
19.5	1.19999999999101
19.5	1.19999999999285
19.625	1.19999999991342
19.625	1.19999999991111
19.75	1.20000000000627
19.75	1.20000000000882
19.875	1.19999999991337
19.875	1.19999999991075
20	1.20000000000353
0	0.396166666695149
0.125	0.396166666695572
0.125	0.396166666695603
0.25	0.396166666693381
0.25	0.39616666669335
0.375	0.396166666695312
0.375	0.396166666695287
0.5	0.39616666669918
0.5	0.396166666699267
0.625	0.396166666690644
0.625	0.396166666690672
0.75	0.396166666678022
0.75	0.396166666677927
0.875	0.396166666678353
0.875	0.396166666678341
1	0.396166666684559
1	0.396166666684547
1.125	0.396166666689557
1.125	0.396166666689656
1.25	0.396166666686249
1.25	0.396166666686087
1.375	0.396166666691904
1.375	0.396166666692212
1.5	0.396166666679891
1.5	0.396166666679293
1.625	0.396166666702955
1.625	0.3961666667041
1.75	0.396166666658534
1.75	0.396166666656362
1.875	0.396166666742807
1.875	0.396166666746891
2	0.396166666583646
2	0.396166666576037
2.125	0.396166666880855
2.125	0.396166666894897
2.25	0.39616666633043
2.25	0.396166666304766
2.375	0.396166667339196
2.375	0.396166667385628
2.5	0.396166665508581
2.5	0.396166665425458
2.625	0.396166668794851
2.625	0.396166668942031
2.75	0.396166662959856
2.75	0.396166662702228
2.875	0.396166673200365
2.875	0.396166673645945
3	0.39616665544399
3	0.39616665468296
3.125	0.396166685843125
3.125	0.396166687125905
3.25	0.39616663448887
3.25	0.396166632356406
3.375	0.396166720031902
3.375	0.396166723525417
3.5	0.396166579637464
3.5	0.396166574001942
3.625	0.396166806461966
3.625	0.396166815405059
3.75	0.396166446065208
3.75	0.396166432118463
3.875	0.396167008588684
3.875	0.396167029937027
4	0.396166147155873
4	0.396166115124086
4.125	0.39616743953935
4.125	0.396167486574396
4.25	0.396165543206303
4.25	0.396165475737306
4.375	0.396168259155229
4.375	0.396168353483604
4.5	0.396164471531115
4.5	0.3961643433239
4.625	0.396169599783148
4.625	0.396169768606365
4.75	0.396162883689156
4.75	0.396162669197308
4.875	0.396171350458228
4.875	0.396171611903503
5	0.396161142398026
5	0.396160839008342
5.125	0.396172803930349
5.125	0.396173135303949
5.25	0.396160360393256
5.25	0.396160026012149
5.375	0.396172462256841
5.375	0.396172763628502
5.5	0.396162258063315
5.5	0.39616203407093
5.625	0.396168742998811
5.625	0.396168844568285
5.75	0.396167705622723
5.75	0.396167760647154
5.875	0.396162208118346
5.875	0.396161988271108
6	0.396174041871383
6	0.396174394907045
6.125	0.396157889728421
6.125	0.396157480964019
6.25	0.396174416360217
6.25	0.396174766498736
6.375	0.396162734676086
6.375	0.396162565685991
6.5	0.396164649068934
6.5	0.396164553570967
6.625	0.396174870233768
6.625	0.396175224661947
6.75	0.396154818105001
6.75	0.396154326769376
6.875	0.396177068197332
6.875	0.39617748093992
7	0.396163480239495
7	0.396163367891681
7.125	0.396159447816093
7.125	0.39615916143565
7.25	0.396181782749534
7.25	0.396182341350104
7.375	0.396152347787296
7.375	0.39615185249956
7.5	0.396169457961783
7.5	0.396169527120255
7.625	0.396180170689666
7.625	0.396180639822413
7.75	0.396144746728311
7.75	0.396144051538235
7.875	0.396178698310861
7.875	0.39617903975449
8	0.396178730630041
8	0.396179093966171
8.125	0.396138374760375
8.125	0.396137644334803
8.25	0.396180209608498
8.25	0.396180443073311
8.375	0.39619223487581
8.375	0.396192968681012
8.5	0.396123645642102
8.5	0.396122666478052
8.625	0.3961672908218
8.625	0.396167267887826
8.75	0.396223110672149
8.75	0.396223961782017
8.875	0.396149817767991
8.875	0.396150066833726
9	0.396071089693526
9	0.396069239098796
9.125	0.396278569358913
9.125	0.39627757699887
9.25	0.396712534941862
9.25	0.396711957394966
9.375	0.397247764946452
9.375	0.397248231804986
9.5	0.397739621564025
9.5	0.397739726726841
9.625	0.39819807845253
9.625	0.398198232220417
9.75	0.398623419179902
9.75	0.398623773620045
9.875	0.3990021356992
9.875	0.399001982821146
10	0.399371981219716
10	0.399372565894029
10.125	0.399676471631409
10.125	0.399676268419648
10.25	0.399975343341951
10.25	0.399975750211081
10.375	0.400221584166596
10.375	0.400221783942145
10.5	0.400430343490197
10.5	0.40043022527034
10.625	0.400627200416878
10.625	0.400627868103013
10.75	0.400748272258158
10.75	0.400747965843903
10.875	0.400872543817627
10.875	0.400872977717518
11	0.400939134516941
11	0.400939460163551
11.125	0.400955797980323
11.125	0.400955469941325
11.25	0.400979106095151
11.25	0.400979908606901
11.375	0.400910001815579
11.375	0.400909846779485
11.5	0.400832692081212
11.5	0.400832665991166
11.625	0.400736522662085
11.625	0.40073738423832
11.75	0.400537595949755
11.75	0.400537129577596
11.875	0.400362370232966
11.875	0.400362618068569
12	0.400141921380114
12	0.400142778666188
12.125	0.399812929936535
12.125	0.399812307485895
12.25	0.399530007301126
12.25	0.399530272090787
12.375	0.399198379624355
12.375	0.399199429192166
12.5	0.398727888207021
12.5	0.398727294138844
12.625	0.398312300607844
12.625	0.398312032480537
12.75	0.397912140796652
12.75	0.39791350443238
12.875	0.39731203657426
12.875	0.397312403053859
13	0.396659064174727
13	0.396657611874162
13.125	0.396262872246238
13.125	0.396261445756718
13.25	0.396151467528813
13.25	0.396151039316624
13.375	0.396156322424106
13.375	0.396156385085366
13.5	0.396166908150793
13.5	0.396166961800927
13.625	0.39616748569893
13.625	0.39616748249176
13.75	0.396166635121495
13.75	0.396166630148092
13.875	0.396166605796606
13.875	0.396166606351927
14	0.396166674694454
14	0.39616667507623
14.125	0.396166670314381
14.125	0.396166670219212
14.25	0.396166665568858
14.25	0.396166665551559
14.375	0.396166666626232
14.375	0.396166666637124
14.5	0.396166666799588
14.5	0.396166666798831
14.625	0.396166666686025
14.625	0.396166666685315
14.75	0.396166666697068
14.75	0.396166666697294
14.875	0.396166666702784
14.875	0.396166666702783
15	0.396166666700387
15	0.396166666700369
15.125	0.396166666700406
15.125	0.396166666700411
15.25	0.396166666700422
15.25	0.396166666700423
15.375	0.396166666700263
15.375	0.396166666700262
15.5	0.39616666670017
15.5	0.396166666700169
15.625	0.396166666700062
15.625	0.396166666700061
15.75	0.396166666700004
15.75	0.396166666700005
15.875	0.396166666699878
15.875	0.396166666699876
16	0.396166666699875
16	0.396166666699878
16.125	0.396166666699678
16.125	0.396166666699673
16.25	0.396166666699815
16.25	0.396166666699823
16.375	0.396166666699419
16.375	0.396166666699406
16.5	0.396166666699885
16.5	0.396166666699905
16.625	0.39616666669902
16.625	0.39616666669899
16.75	0.396166666700182
16.75	0.396166666700226
16.875	0.39616666669835
16.875	0.396166666698287
17	0.396166666700842
17	0.396166666700929
17.125	0.396166666697293
17.125	0.396166666697177
17.25	0.396166666701905
17.25	0.396166666702055
17.375	0.396166666695934
17.375	0.396166666695751
17.5	0.396166666703079
17.5	0.396166666703291
17.625	0.396166666694871
17.625	0.396166666694643
17.75	0.396166666703385
17.75	0.396166666703606
17.875	0.396166666695444
17.875	0.396166666695263
18	0.396166666701266
18	0.396166666701367
18.125	0.396166666699104
18.125	0.396166666699125
18.25	0.396166666695888
18.25	0.396166666695712
18.375	0.396166666705438
18.375	0.396166666705782
18.5	0.396166666689451
18.5	0.39616666668896
18.625	0.396166666710326
18.625	0.396166666710909
18.75	0.396166666687316
18.75	0.396166666686718
18.875	0.396166666708803
18.875	0.396166666709337
19	0.396166666691765
19	0.396166666691343
19.125	0.396166666703284
19.125	0.396166666703603
19.25	0.396166666695367
19.25	0.396166666695089
19.375	0.396166666703647
19.375	0.396166666703974
19.5	0.39616666669095
19.5	0.396166666690513
19.625	0.396166666709341
19.625	0.396166666709886
19.75	0.396166666687402
19.75	0.396166666686798
19.875	0.396166666709419
19.875	0.39616666671004
20	0.396166666688118
0	-0.200000000003704
0.125	-0.200000000001653
0.125	-0.200000000001521
0.25	-0.200000000010567
0.25	-0.200000000010699
0.375	-0.200000000002191
0.375	-0.2000000000023
0.5	-0.199999999985698
0.5	-0.199999999985331
0.625	-0.200000000021256
0.625	-0.20000000002114
0.75	-0.200000000073959
0.75	-0.200000000074358
0.875	-0.20000000007231
0.875	-0.200000000072363
1	-0.200000000046006
1	-0.200000000046054
1.125	-0.200000000024762
1.125	-0.200000000024345
1.25	-0.200000000038375
1.25	-0.200000000039055
1.375	-0.200000000014384
1.375	-0.20000000001309
1.5	-0.20000000006455
1.5	-0.200000000067062
1.625	-0.199999999967514
1.625	-0.199999999962706
1.75	-0.200000000153689
1.75	-0.200000000162807
1.875	-0.199999999799774
1.875	-0.199999999782634
2	-0.20000000046749
2	-0.200000000499421
2.125	-0.199999999219922
2.125	-0.19999999916099
2.25	-0.200000001529692
2.25	-0.2000000016374
2.375	-0.199999997295893
2.375	-0.199999997101028
2.5	-0.200000004978341
2.5	-0.200000005327191
2.625	-0.199999991186355
2.625	-0.199999990568672
2.75	-0.200000015674296
2.75	-0.200000016755503
2.875	-0.199999972696923
2.875	-0.199999970826924
3	-0.200000047216273
3	-0.200000050410146
3.125	-0.199999919637615
3.125	-0.19999991425407
3.25	-0.200000135159824
3.25	-0.200000144109299
3.375	-0.199999776154453
3.375	-0.199999761492933
3.5	-0.200000365358596
3.5	-0.2000003890096
3.625	-0.199999413426247
3.625	-0.19999937589399
3.75	-0.200000925931488
3.75	-0.200000984462704
3.875	-0.199998565145151
3.875	-0.199998475550476
4	-0.200002180388173
4	-0.200002314817605
4.125	-0.199996756542103
4.125	-0.199996559144654
4.25	-0.20000471503402
4.25	-0.200004998183048
4.375	-0.19999331680256
4.375	-0.199992920921222
4.5	-0.200009212629569
4.5	-0.200009750676998
4.625	-0.19998769050453
4.625	-0.199986981976531
4.75	-0.200015876480766
4.75	-0.200016776637645
4.875	-0.199980343348621
4.875	-0.199979246103871
5	-0.200023184336142
5	-0.200024457589298
5.125	-0.199974243478925
5.125	-0.199972852796224
5.25	-0.200026466235822
5.25	-0.20002786961617
5.375	-0.199975677358114
5.375	-0.199974412662728
5.5	-0.20001850204582
5.5	-0.200019442197619
5.625	-0.199991286177757
5.625	-0.199990859974911
5.75	-0.1999956398487
5.75	-0.199995408889689
5.875	-0.200018711763165
5.875	-0.200019634292802
6	-0.199969048238068
6	-0.199967566524819
6.125	-0.200036835207585
6.125	-0.200038550764947
6.25	-0.199967476442804
6.25	-0.199966007232547
6.375	-0.200016501726134
6.375	-0.200017211138684
6.5	-0.200008467543749
6.5	-0.200008868211185
6.625	-0.199965571933209
6.625	-0.199964084158021
6.75	-0.200049726423462
6.75	-0.200051788460608
6.875	-0.199956347327575
6.875	-0.199954615651341
7	-0.200013372646757
7	-0.200013844400432
7.125	-0.200030296403292
7.125	-0.200031497719284
7.25	-0.199936562331992
7.25	-0.199934217727026
7.375	-0.200060093636891
7.375	-0.200062173179116
7.5	-0.199988285292089
7.5	-0.199987995346651
7.625	-0.199943327963391
7.625	-0.199941357822129
7.75	-0.200091995192792
7.75	-0.200094913244843
7.875	-0.199949505439603
7.875	-0.199948074162623
8	-0.199949371431851
8	-0.199947844698422
8.125	-0.200118738874195
8.125	-0.200121804655051
8.25	-0.199943162300494
8.25	-0.199942184865722
8.375	-0.199892700816604
8.375	-0.199889615955632
8.5	-0.200180557500954
8.5	-0.200184671511255
8.625	-0.199997377903985
8.625	-0.199997473277714
8.75	-0.199763137260932
8.75	-0.199759563715012
8.875	-0.200070705708977
8.875	-0.200069660712912
9	-0.200401177031182
9	-0.200408902656907
9.125	-0.199530403742374
9.125	-0.199534407351777
9.25	-0.197711121355528
9.25	-0.197713468875046
9.375	-0.195471369794671
9.375	-0.195469533359293
9.5	-0.193417125397399
9.5	-0.193416775054039
9.625	-0.191505640901798
9.625	-0.191505079168176
9.75	-0.189735050175293
9.75	-0.189733657407233
9.875	-0.188160834998546
9.875	-0.188161507849187
10	-0.1866255160942
10	-0.186623169883963
10.125	-0.185363078314547
10.125	-0.185363943343514
10.25	-0.184125217803742
10.25	-0.18412358495756
10.375	-0.183106369263515
10.375	-0.183105574695794
10.5	-0.182243294369304
10.5	-0.182243797366386
10.625	-0.18143000070437
10.625	-0.181427278304717
10.75	-0.180930115611448
10.75	-0.18093138245381
10.875	-0.180417209362694
10.875	-0.180415434519725
11	-0.180142477883555
11	-0.180141139912301
11.125	-0.180073741734457
11.125	-0.180075094676594
11.25	-0.179977595648211
11.25	-0.179974280544101
11.375	-0.180262667616875
11.375	-0.18026330708479
11.5	-0.180581677036138
11.5	-0.180581782257938
11.625	-0.180978628211487
11.625	-0.180975038736907
11.75	-0.181800122997724
11.75	-0.181802068399582
11.875	-0.182524270687305
11.875	-0.182523232089713
12	-0.183435912471351
12	-0.183432308146728
12.125	-0.184797711305512
12.125	-0.184800344711491
12.25	-0.185970203285249
12.25	-0.185969087573364
12.375	-0.187345964334762
12.375	-0.187341503007409
12.5	-0.189300519989538
12.5	-0.189303093496112
12.625	-0.191029937003563
12.625	-0.191031103751431
12.75	-0.192697548948141
12.75	-0.192691663923495
12.875	-0.195202621228088
12.875	-0.195201090886382
13	-0.197934781797746
13	-0.197941269380724
13.125	-0.199596104150252
13.125	-0.199602288078409
13.25	-0.200063772688927
13.25	-0.200065586431888
13.375	-0.200043413351881
13.375	-0.200043150277194
13.5	-0.199998986473004
13.5	-0.199998761466545
13.625	-0.19999656278712
13.625	-0.199996576246425
13.75	-0.200000132466581
13.75	-0.200000153339834
13.875	-0.200000255537737
13.875	-0.200000253207171
14	-0.199999966388792
14	-0.199999964786566
14.125	-0.199999984771089
14.125	-0.199999985170493
14.25	-0.200000004687113
14.25	-0.200000004759716
14.375	-0.200000000249658
14.375	-0.200000000203946
14.5	-0.199999999522222
14.5	-0.199999999525398
14.625	-0.199999999998924
14.625	-0.200000000001904
14.75	-0.199999999952675
14.75	-0.199999999951727
14.875	-0.199999999928791
14.875	-0.199999999928792
15	-0.199999999938956
15	-0.19999999993903
15.125	-0.199999999938983
15.125	-0.199999999938963
15.25	-0.199999999939031
15.25	-0.199999999939031
15.375	-0.1999999999398
15.375	-0.199999999939802
15.5	-0.199999999940284
15.5	-0.199999999940282
15.625	-0.199999999940841
15.625	-0.199999999940844
15.75	-0.199999999941199
15.75	-0.199999999941194
15.875	-0.199999999941839
15.875	-0.199999999941847
16	-0.199999999941966
16	-0.199999999941953
16.125	-0.199999999942903
16.125	-0.199999999942924
16.25	-0.199999999942437
16.25	-0.199999999942403
16.375	-0.199999999944211
16.375	-0.199999999944265
16.5	-0.199999999942372
16.5	-0.199999999942288
16.625	-0.199999999946113
16.625	-0.199999999946239
16.75	-0.19999999994135
16.75	-0.199999999941165
16.875	-0.199999999949158
16.875	-0.199999999949422
17	-0.199999999938814
17	-0.199999999938449
17.125	-0.199999999953818
17.125	-0.199999999954306
17.25	-0.199999999934578
17.25	-0.199999999933951
17.375	-0.199999999959755
17.375	-0.199999999960523
17.5	-0.199999999929881
17.5	-0.199999999928993
17.625	-0.19999999996444
17.625	-0.199999999965395
17.75	-0.199999999928825
17.75	-0.199999999927899
17.875	-0.199999999962272
17.875	-0.199999999963032
18	-0.199999999937947
18	-0.199999999937523
18.125	-0.199999999947139
18.125	-0.199999999947051
18.25	-0.199999999960759
18.25	-0.199999999961497
18.375	-0.1999999999208
18.375	-0.199999999919361
18.5	-0.199999999988008
18.5	-0.199999999990066
18.625	-0.199999999900515
18.625	-0.199999999898066
18.75	-0.199999999997204
18.75	-0.199999999999715
18.875	-0.199999999907152
18.875	-0.199999999904911
19	-0.199999999978767
19	-0.199999999980538
19.125	-0.199999999930547
19.125	-0.199999999929212
19.25	-0.199999999963905
19.25	-0.199999999965073
19.375	-0.199999999929278
19.375	-0.199999999927906
19.5	-0.199999999982683
19.5	-0.199999999984516
19.625	-0.199999999905613
19.625	-0.199999999903324
19.75	-0.199999999997816
19.75	-0.200000000000353
19.875	-0.199999999905545
19.875	-0.199999999902937
20	-0.199999999995071
0	1.09784773865247e-10
0.125	1.09784773865247e-10
0.125	1.77931743414124e-12
0.25	1.77931743414124e-12
0.25	1.77043564994356e-12
0.375	1.77043564994356e-12
0.375	1.45661260832995e-12
0.5	1.45661260832995e-12
0.5	4.92346903990602e-12
0.625	4.92346903990602e-12
0.625	1.55727282916076e-12
0.75	1.55727282916076e-12
0.75	5.3468340863183e-12
0.875	5.3468340863183e-12
0.875	7.1942451992843e-13
1	7.1942451992843e-13
1	6.54291435832722e-13
1.125	6.54291435832722e-13
1.125	5.59552404401819e-12
1.25	5.59552404401819e-12
1.25	9.12455296493695e-12
1.375	9.12455296493695e-12
1.375	1.73668486994729e-11
1.5	1.73668486994729e-11
1.5	3.37152528116548e-11
1.625	3.37152528116548e-11
1.625	6.45468863518134e-11
1.75	6.45468863518134e-11
1.75	1.22399868021978e-10
1.875	1.22399868021978e-10
1.875	2.30103343764516e-10
2	2.30103343764516e-10
2	4.28688196107064e-10
2.125	4.28688196107064e-10
2.125	7.91180454263012e-10
2.25	7.91180454263012e-10
2.25	1.44600775863797e-09
2.375	1.44600775863797e-09
2.375	2.61612065118529e-09
2.5	2.61612065118529e-09
2.5	4.68340330170543e-09
2.625	4.68340330170543e-09
2.625	8.2925666117315e-09
2.75	8.2925666117315e-09
2.75	1.45155029381249e-08
2.875	1.45155029381249e-08
2.875	2.51052687850073e-08
3	2.51052687850073e-08
3	4.28786552401736e-08
3.125	4.28786552401736e-08
3.125	7.22756299080259e-08
3.25	7.22756299080259e-08
3.25	1.20149269372116e-07
3.375	1.20149269372116e-07
3.375	1.96835174714546e-07
3.5	1.96835174714546e-07
3.5	3.17521505060617e-07
3.625	3.17521505060617e-07
3.625	5.03881755431484e-07
3.75	5.03881755431484e-07
3.75	7.85798111485125e-07
3.875	7.85798111485125e-07
3.875	1.20283636739147e-06
4	1.20283636739147e-06
4	1.80475138094399e-06
4.125	1.80475138094399e-06
4.125	2.65012693418854e-06
4.25	2.65012693418854e-06
4.25	3.80134374555313e-06
4.375	3.80134374555313e-06
4.375	5.31485795851857e-06
4.5	5.31485795851857e-06
4.5	7.22338561784025e-06
4.625	7.22338561784025e-06
4.625	9.51231372457077e-06
4.75	9.51231372457077e-06
4.75	1.2084690081418e-05
4.875	1.2084690081418e-05
4.875	1.47311337748786e-05
5	1.47311337748786e-05
5	1.70934013682361e-05
5.125	1.70934013682361e-05
5.125	1.86708533723358e-05
5.25	1.86708533723358e-05
5.25	1.88402519638215e-05
5.375	1.88402519638215e-05
5.375	1.69794184553806e-05
5.5	1.69794184553806e-05
5.5	1.26215056349045e-05
5.625	1.26215056349045e-05
5.625	5.72201651907774e-06
5.75	5.72201651907774e-06
5.75	3.10073073114781e-06
5.875	3.10073073114781e-06
5.875	1.2385022601238e-05
6	1.2385022601238e-05
6	1.98931122345189e-05
6.125	1.98931122345189e-05
6.125	2.30309046360263e-05
6.25	2.30309046360263e-05
6.25	1.97254821163709e-05
6.375	1.97254821163709e-05
6.375	9.52372162260328e-06
6.5	9.52372162260328e-06
6.5	5.37897011345551e-06
6.625	5.37897011345551e-06
6.625	1.99745840499319e-05
6.75	1.99745840499319e-05
6.75	2.76818589989181e-05
6.875	2.76818589989181e-05
6.875	2.324982817799e-05
7	2.324982817799e-05
7	6.33295433459791e-06
7.125	6.33295433459791e-06
7.125	1.61274316846206e-05
7.25	1.61274316846206e-05
7.25	3.14794657885392e-05
7.375	3.14794657885392e-05
7.375	2.79158584272348e-05
7.5	2.79158584272348e-05
7.5	3.8934422833991e-06
7.625	3.8934422833991e-06
7.625	2.64516453127174e-05
7.75	2.64516453127174e-05
7.75	3.91708926624414e-05
7.875	3.91708926624414e-05
7.875	1.92182792524089e-05
8	1.92182792524089e-05
8	2.04989393263398e-05
8.125	2.04989393263398e-05
8.125	4.11521985109555e-05
8.25	4.11521985109555e-05
8.25	1.31266993240581e-05
8.375	1.31266993240581e-05
8.375	4.14218519065322e-05
8.5	4.14218519065322e-05
8.5	5.5216066361398e-05
8.625	5.5216066361398e-05
8.625	1.2721771213371e-06
8.75	1.2721771213371e-06
8.75	4.79935724851994e-05
8.875	4.79935724851994e-05
8.875	1.40462368093397e-05
9	1.40462368093397e-05
9	0.000103641745949231
9.125	0.000103641745949231
9.125	5.34389699875781e-05
9.25	5.34389699875781e-05
9.25	3.08229129290143e-05
9.375	3.08229129290143e-05
9.375	2.56554376743592e-05
9.5	2.56554376743592e-05
9.5	5.48856378445596e-06
9.625	5.48856378445596e-06
9.625	8.25459297380865e-06
9.75	8.25459297380865e-06
9.75	1.94162110138753e-05
9.875	1.94162110138753e-05
9.875	8.66456203910268e-06
10	8.66456203910268e-06
10	3.2259978581065e-05
10.125	3.2259978581065e-05
10.125	1.14629083318938e-05
10.25	1.14629083318938e-05
10.25	2.24801003345959e-05
10.375	2.24801003345959e-05
10.375	1.09995067020012e-05
10.5	1.09995067020012e-05
10.5	6.72131579377726e-06
10.625	6.72131579377726e-06
10.625	3.72299982669085e-05
10.75	3.72299982669085e-05
10.75	1.72403823952522e-05
10.875	1.72403823952522e-05
10.875	2.42655298774227e-05
11	2.42655298774227e-05
11	1.82778636405369e-05
11.125	1.82778636405369e-05
11.125	1.84741737473059e-05
11.25	1.84741737473059e-05
11.25	4.52754880138094e-05
11.375	4.52754880138094e-05
11.375	8.71180477469475e-06
11.5	8.71180477469475e-06
11.5	1.41127349123894e-06
11.625	1.41127349123894e-06
11.625	4.90385161655452e-05
11.75	4.90385161655452e-05
11.75	2.64005247960743e-05
11.875	2.64005247960743e-05
11.875	1.42762312978843e-05
12	1.42762312978843e-05
12	4.9302856849225e-05
12.125	4.9302856849225e-05
12.125	3.54827103053549e-05
12.25	3.54827103053549e-05
12.25	1.54609316024942e-05
12.375	1.54609316024942e-05
12.375	6.10326231984523e-05
12.5	6.10326231984523e-05
12.5	3.41819888024651e-05
12.625	3.41819888024651e-05
12.625	1.52208444402371e-05
12.75	1.52208444402371e-05
12.75	8.02623049757344e-05
12.875	8.02623049757344e-05
12.875	2.19094644949631e-05
13	2.19094644949631e-05
13	8.61934913620305e-05
13.125	8.61934913620305e-05
13.125	8.2738823848842e-05
13.25	8.2738823848842e-05
13.25	2.43274098347436e-05
13.375	2.43274098347436e-05
13.375	3.53202756770962e-06
13.5	3.53202756770962e-06
13.5	3.02098201471716e-06
13.625	3.02098201471716e-06
13.625	1.80695900543354e-07
13.75	1.80695900543354e-07
13.75	2.80228488598957e-07
13.875	2.80228488598957e-07
13.875	3.12887760923214e-08
14	3.12887760923214e-08
14	2.15103731973403e-08
14.125	2.15103731973403e-08
14.125	5.36214630533141e-09
14.25	5.36214630533141e-09
14.25	9.74713641076531e-10
14.375	9.74713641076531e-10
14.375	6.13704642726617e-10
14.5	6.13704642726617e-10
14.5	4.26414459380286e-11
14.625	4.26414459380286e-11
14.625	4.00094772132537e-11
14.75	4.00094772132537e-11
14.75	1.27305573495882e-11
14.875	1.27305573495882e-11
14.875	1.18423789299129e-14
15	1.18423789299129e-14
15	9.94759830108386e-13
15.125	9.94759830108386e-13
15.125	2.63492931189423e-13
15.25	2.63492931189423e-13
15.25	2.96059473246436e-15
15.375	2.96059473246436e-15
15.375	3.55271367895534e-14
15.5	3.55271367895534e-14
15.5	2.66453525921533e-14
15.625	2.66453525921533e-14
15.625	3.8487731521984e-14
15.75	3.8487731521984e-14
15.75	5.92118946491809e-14
15.875	5.92118946491809e-14
15.875	1.0658141036849e-13
16	1.0658141036849e-13
16	1.7171449448249e-13
16.125	1.7171449448249e-13
16.125	2.90138283780695e-13
16.25	2.90138283780695e-13
16.25	4.618527782629e-13
16.375	4.618527782629e-13
16.375	7.34227493648699e-13
16.5	7.34227493648699e-13
16.5	1.12502599833184e-12
16.625	1.12502599833184e-12
16.625	1.69346018696323e-12
16.75	1.69346018696323e-12
16.75	2.48097838579291e-12
16.875	2.48097838579291e-12
16.875	3.5467924894779e-12
17	3.5467924894779e-12
17	4.90570547166518e-12
17.125	4.90570547166518e-12
17.125	6.55179614291512e-12
17.25	6.55179614291512e-12
17.25	8.41104963487755e-12
17.375	8.41104963487755e-12
17.375	1.03087908583893e-11
17.5	1.03087908583893e-11
17.5	1.19282361770239e-11
17.625	1.19282361770239e-11
17.625	1.2828256975683e-11
17.75	1.2828256975683e-11
17.75	1.24463402552187e-11
17.875	1.24463402552187e-11
17.875	1.02110912321727e-11
18	1.02110912321727e-11
18	5.6991448599788e-12
18.125	5.6991448599788e-12
18.125	1.17831670350624e-12
18.25	1.17831670350624e-12
18.25	9.91207116427406e-12
18.375	9.91207116427406e-12
18.375	1.93208412238266e-11
18.5	1.93208412238266e-11
18.5	2.76193882590172e-11
18.625	2.76193882590172e-11
18.625	3.28744439090493e-11
18.75	3.28744439090493e-11
18.75	3.37093316234339e-11
18.875	3.37093316234339e-11
18.875	3.0088524265966e-11
19	3.0088524265966e-11
19	2.37735757013604e-11
19.125	2.37735757013604e-11
19.125	1.79175193207617e-11
19.25	1.79175193207617e-11
19.25	1.56793097030244e-11
19.375	1.56793097030244e-11
19.375	1.84119386409448e-11
19.5	1.84119386409448e-11
19.5	2.46025422266543e-11
19.625	2.46025422266543e-11
19.625	3.07280127279498e-11
19.75	3.07280127279498e-11
19.75	3.4061642396604e-11
19.875	3.4061642396604e-11
19.875	3.50149539005619e-11
20	3.50149539005619e-11
