3	1
80
0	0.2
2.5	0.2
2.5	0.2
5	0.2
5	0.2
7.5	0.2
7.5	0.2
10	0.2
10	0.2
12.5	0.2
12.5	0.2
15	0.2
15	0.2
17.5	0.2
17.5	0.199999999999995
20	0.200000000000005
20	0.200000000010129
22.5	0.199999999979704
22.5	0.199999974874828
25	0.200000050300936
25	0.200027684510561
27.5	0.199945102557474
27.5	0.193821656425127
30	0.36203832020776
30	0.312366023905852
32.5	0.323518668168311
32.5	0.319050925322716
35	0.319557081471453
35	0.318252673075054
37.5	0.317494643821726
37.5	0.321317711807162
40	0.179890383599952
40	0.137144285786464
42.5	0.0959860298912036
42.5	0.0960415317439336
45	0.0972092247810062
45	0.0972760889399705
47.5	0.0980350723702439
47.5	0.0984525498302494
50	0.0979752851300038
50	0.0668751477963047
52.5	0.147183986718927
52.5	0.189173810313742
55	0.190475418655593
55	0.189365184715058
57.5	0.190444768181598
57.5	0.190231351422769
60	0.1922788743776
60	0.192441227784912
62.5	0.193265825591183
62.5	0.193281967309595
65	0.19215644505253
65	0.191768623358158
67.5	0.190862135643054
67.5	0.190554322927683
70	0.190956742631803
70	0.190874689382639
72.5	0.191453893687085
72.5	0.191360907892219
75	0.191528333591372
75	0.19133593180999
77.5	0.191594906412019
77.5	0.191477548293237
80	0.191996248403571
80	0.192062666627404
82.5	0.191888190785174
82.5	0.191771170840667
85	0.190719592552326
85	0.190052660450111
87.5	0.190685067332383
87.5	0.18989963125993
90	0.194581959712172
90	0.194204081970798
92.5	0.201872133751377
92.5	0.202119031147763
95	0.209609962838294
95	0.210723096663194
97.5	0.213483178323888
97.5	0.214726921302268
100	0.209043572545207
0	0.28
2.5	0.28
2.5	0.28
5	0.28
5	0.28
7.5	0.28
7.5	0.28
10	0.28
10	0.28
12.5	0.28
12.5	0.28
15	0.28
15	0.28
17.5	0.28
17.5	0.28
20	0.28
20	0.279999999999993
22.5	0.280000000000011
22.5	0.280000000017467
25	0.279999999964609
25	0.280000821624691
27.5	0.279999966412777
27.5	0.314289013375873
30	0.143322484102926
30	0.212642335660038
32.5	0.208863812906355
32.5	0.215269293589537
35	0.211246178525564
35	0.21240346552192
37.5	0.207395859425238
37.5	0.216938403525223
40	0.197381414683678
40	0.205858426569633
42.5	0.20729239210724
42.5	0.20724465488289
45	0.21057964612625
45	0.210958737044182
47.5	0.213122231827934
47.5	0.213897783316794
50	0.212619075935423
50	0.188622598428478
52.5	0.247219137353483
52.5	0.254887568467219
55	0.252033474580683
55	0.25127045633089
57.5	0.253542120288615
57.5	0.253532978984744
60	0.258523033947824
60	0.259492070106223
62.5	0.261215363223099
62.5	0.26175821911806
65	0.258198059411777
65	0.257607404720801
67.5	0.254704699385162
67.5	0.254290208153566
70	0.254971690058921
70	0.255139542851588
72.5	0.25631894873336
72.5	0.256443680878437
75	0.256523378590841
75	0.25636262318791
77.5	0.256707940399723
77.5	0.256736343780912
80	0.257795855590606
80	0.258321001609307
82.5	0.257498241917834
82.5	0.257520841169994
85	0.254340254229279
85	0.252840901252646
87.5	0.254281754530692
87.5	0.252378300526181
90	0.264889321167788
90	0.264044737086931
92.5	0.285119586778077
92.5	0.286058065768476
95	0.307256505859406
95	0.310723910532197
97.5	0.318649183460305
97.5	0.322428927465209
100	0.305671718020102
0	-0.1
2.5	-0.1
2.5	-0.1
5	-0.1
5	-0.1
7.5	-0.1
7.5	-0.1
10	-0.1
10	-0.1
12.5	-0.1
12.5	-0.1
15	-0.1
15	-0.1
17.5	-0.1
17.5	-0.1
20	-0.1
20	-0.1
22.5	-0.1
22.5	-0.1
25	-0.1
25	-0.1
27.5	-0.1
27.5	-0.1
30	-0.1
30	-0.1
32.5	-0.1
32.5	-0.1
35	-0.1
35	-0.1
37.5	-0.1
37.5	-0.1
40	0
40	0
42.5	-0.1
42.5	-0.1
45	-0.1
45	-0.1
47.5	-0.1
47.5	-0.1
50	-0.1
50	-0.1
52.5	-0.1
52.5	-0.1
55	-0.1
55	-0.1
57.5	-0.1
57.5	-0.1
60	-0.1
60	-0.1
62.5	-0.1
62.5	-0.1
65	-0.1
65	-0.1
67.5	-0.1
67.5	-0.1
70	-0.1
70	-0.1
72.5	-0.1
72.5	-0.1
75	-0.1
75	-0.1
77.5	-0.1
77.5	-0.1
80	-0.1
80	-0.1
82.5	-0.1
82.5	-0.1
85	-0.1
85	-0.1
87.5	-0.1
87.5	-0.1
90	-0.1
90	-0.1
92.5	-0.1
92.5	-0.1
95	-0.1
95	-0.1
97.5	-0.1
97.5	-0.1
100	-0.1
0	0
2.5	0
2.5	0
5	0
5	0
7.5	0
7.5	0
10	0
10	0
12.5	0
12.5	0
15	0
15	0
17.5	0
17.5	0
20	0
20	0
22.5	0
22.5	0
25	0
25	0
27.5	0
27.5	0
30	0
30	0
32.5	0
32.5	0
35	0
35	0
37.5	0
37.5	0.1
40	0.1
40	-0.1
42.5	-0.1
42.5	0
45	0
45	0
47.5	0
47.5	0
50	0
50	0
52.5	0
52.5	0
55	0
55	0
57.5	0
57.5	0
60	0
60	0
62.5	0
62.5	0
65	0
65	0
67.5	0
67.5	0
70	0
70	0
72.5	0
72.5	0
75	0
75	0
77.5	0
77.5	0
80	0
80	0
82.5	0
82.5	0
85	0
85	0
87.5	0
87.5	0
90	0
90	0
92.5	0
92.5	0
95	0
95	0
97.5	0
97.5	0
100	0
