3	1
200
0	10
10	10
10	10
20	10
20	10
30	10
30	10
40	10
40	10
50	10
50	10
60	10
60	10
70	10
70	10
80	10
80	10
90	10
90	10
100	10
100	10
110	10
110	10
120	10
120	10
130	10
130	10
140	10
140	10
150	10
150	10
160	10
160	10
170	10
170	10
180	10
180	10
190	10
190	10
200	10
200	10
210	10
210	10
220	10
220	10
230	10
230	10
240	10
240	10
250	10
250	10
260	10
260	10
270	10
270	10
280	10
280	10
290	10
290	10
300	10
300	9.99978573705389
310	9.84377768364073
310	9.84338007404341
320	9.69487414330467
320	9.69456147155839
330	9.56000029621162
330	9.55980578782706
340	9.44377611081242
340	9.44370593316958
350	9.34858163700376
350	9.34861656736762
360	9.27468200836845
360	9.27478525093566
370	9.22075028419035
370	9.2208779885706
380	9.18461559126454
380	9.18472675000376
390	9.16404643883052
390	9.16411020083346
400	9.15741110971835
400	9.15741110971835
410	9.16411020083346
410	9.16404643883052
420	9.18472675000376
420	9.18461559126454
430	9.2208779885706
430	9.22075028419036
440	9.27478525093566
440	9.27468200836845
450	9.34861656736762
450	9.34858163700376
460	9.44370593316958
460	9.44377611081242
470	9.55980578782706
470	9.56000029621162
480	9.69456147155839
480	9.69487414330467
490	9.84338007404341
490	9.84377768364073
500	9.99978573705389
500	10
510	10
510	10
520	10
520	10
530	10
530	10
540	10
540	10
550	10
550	10
560	10
560	10
570	10
570	10
580	10
580	10
590	10
590	10
600	10
600	10
610	10
610	10
620	10
620	10
630	10
630	10
640	10
640	10
650	10
650	10
660	10
660	10
670	10
670	10
680	10
680	10
690	10
690	10
700	10
700	10
710	10
710	10
720	10
720	10
730	10
730	10
740	10
740	10
750	10
750	10
760	10
760	10
770	10
770	10
780	10
780	10
790	10
790	10
800	10
800	10
810	10
810	10
820	10
820	10
830	10
830	10
840	10
840	10
850	10
850	10
860	10
860	10
870	10
870	10
880	10
880	10
890	10
890	10
900	10
900	10
910	10
910	10
920	10
920	10
930	10
930	10
940	10
940	10
950	10
950	10
960	10
960	10
970	10
970	10
980	10
980	10
990	10
990	10
1000	10
0	10
10	10
10	10
20	10
20	10
30	10
30	10
40	10
40	10
50	10
50	10
60	10
60	10
70	10
70	10
80	10
80	10
90	10
90	10
100	10
100	10
110	10
110	10
120	10
120	10
130	10
130	10
140	10
140	10
150	10
150	10
160	10
160	10
170	10
170	10
180	10
180	10
190	10
190	10
200	10
200	10
210	10
210	10
220	10
220	10
230	10
230	10
240	10
240	10
250	10
250	10
260	10
260	10
270	10
270	10
280	10
280	10
290	10
290	10
300	10
300	10
310	10
310	10
320	10
320	10
330	10
330	10
340	10
340	10
350	10
350	10
360	10
360	10
370	10
370	10
380	10
380	10
390	10
390	10
400	10
400	10
410	10
410	10
420	10
420	10
430	10
430	10
440	10
440	10
450	10
450	10
460	10
460	10
470	10
470	10
480	10
480	10
490	10
490	10
500	10
500	10
510	10
510	10
520	10
520	10
530	10
530	10
540	10
540	10
550	10
550	10
560	10
560	10
570	10
570	10
580	10
580	10
590	10
590	10
600	10
600	10
610	10
610	10
620	10
620	10
630	10
630	10
640	10
640	10
650	10
650	10
660	10
660	10
670	10
670	10
680	10
680	10
690	10
690	10
700	10
700	10
710	10
710	10
720	10
720	10
730	10
730	10
740	10
740	10
750	10
750	10
760	10
760	10
770	10
770	10
780	10
780	10
790	10
790	10
800	10
800	10
810	10
810	10
820	10
820	10
830	10
830	10
840	10
840	10
850	10
850	10
860	10
860	10
870	10
870	10
880	10
880	10
890	10
890	10
900	10
900	10
910	10
910	10
920	10
920	10
930	10
930	10
940	10
940	10
950	10
950	10
960	10
960	10
970	10
970	10
980	10
980	10
990	10
990	10
1000	10
0	0
10	0
10	0
20	0
20	0
30	0
30	0
40	0
40	0
50	0
50	0
60	0
60	0
70	0
70	0
80	0
80	0
90	0
90	0
100	0
100	0
110	0
110	0
120	0
120	0
130	0
130	0
140	0
140	0
150	0
150	0
160	0
160	0
170	0
170	0
180	0
180	0
190	0
190	0
200	0
200	0
210	0
210	0
220	0
220	0
230	0
230	0
240	0
240	0
250	0
250	0
260	0
260	0
270	0
270	0
280	0
280	0
290	0
290	0
300	0
300	0.000214262946103064
310	0.156222316359273
310	0.156619925956593
320	0.305125856695328
320	0.305438528441616
330	0.439999703788379
330	0.440194212172932
340	0.556223889187577
340	0.55629406683042
350	0.651418362996241
350	0.651383432632384
360	0.725317991631552
360	0.725214749064338
370	0.779249715809647
370	0.779122011429399
380	0.815384408735456
380	0.815273249996242
390	0.835953561169478
390	0.835889799166537
400	0.842588890281653
400	0.842588890281653
410	0.835889799166537
410	0.835953561169478
420	0.815273249996242
420	0.815384408735456
430	0.7791220114294
430	0.779249715809647
440	0.725214749064338
440	0.725317991631552
450	0.651383432632384
450	0.651418362996241
460	0.556294066830421
460	0.556223889187577
470	0.440194212172933
470	0.439999703788379
480	0.305438528441616
480	0.305125856695328
490	0.156619925956593
490	0.156222316359272
500	0.000214262946103397
500	0
510	0
510	0
520	0
520	0
530	0
530	0
540	0
540	0
550	0
550	0
560	0
560	0
570	0
570	0
580	0
580	0
590	0
590	0
600	0
600	0
610	0
610	0
620	0
620	0
630	0
630	0
640	0
640	0
650	0
650	0
660	0
660	0
670	0
670	0
680	0
680	0
690	0
690	0
700	0
700	0
710	0
710	0
720	0
720	0
730	0
730	0
740	0
740	0
750	0
750	0
760	0
760	0
770	0
770	0
780	0
780	0
790	0
790	0
800	0
800	0
810	0
810	0
820	0
820	0
830	0
830	0
840	0
840	0
850	0
850	0
860	0
860	0
870	0
870	0
880	0
880	0
890	0
890	0
900	0
900	0
910	0
910	0
920	0
920	0
930	0
930	0
940	0
940	0
950	0
950	0
960	0
960	0
970	0
970	0
980	0
980	0
990	0
990	0
1000	0
0	1
10	1
10	1
20	1
20	1
30	1
30	1
40	1
40	1
50	1
50	1
60	1
60	1
70	1
70	1
80	1
80	1
90	1
90	1
100	1
100	1
110	1
110	1
120	1
120	1
130	1
130	1
140	1
140	1
150	1
150	1
160	1
160	1
170	1
170	1
180	1
180	1
190	1
190	1
200	1
200	1
210	1
210	1
220	1
220	1
230	1
230	1
240	1
240	1
250	1
250	1
260	1
260	1
270	1
270	1
280	1
280	1
290	1
290	1
300	1
300	1
310	1
310	1
320	1
320	1
330	1
330	1
340	1
340	1
350	1
350	1
360	1
360	1
370	1
370	1
380	1
380	1
390	1
390	1
400	1
400	1
410	1
410	1
420	1
420	1
430	1
430	1
440	1
440	1
450	1
450	1
460	1
460	1
470	1
470	1
480	1
480	1
490	1
490	1
500	1
500	1
510	1
510	1
520	1
520	1
530	1
530	1
540	1
540	1
550	1
550	1
560	1
560	1
570	1
570	1
580	1
580	1
590	1
590	1
600	1
600	1
610	1
610	1
620	1
620	1
630	1
630	1
640	1
640	1
650	1
650	1
660	1
660	1
670	1
670	1
680	1
680	1
690	1
690	1
700	1
700	1
710	1
710	1
720	1
720	1
730	1
730	1
740	1
740	1
750	1
750	1
760	1
760	1
770	1
770	1
780	1
780	1
790	1
790	1
800	1
800	1
810	1
810	1
820	1
820	1
830	1
830	1
840	1
840	1
850	1
850	1
860	1
860	1
870	1
870	1
880	1
880	1
890	1
890	1
900	1
900	1
910	1
910	1
920	1
920	1
930	1
930	1
940	1
940	1
950	1
950	1
960	1
960	1
970	1
970	1
980	1
980	1
990	1
990	1
1000	1
