3	1
320
0	1.2
0.125	1.2
0.125	1.2
0.25	1.2
0.25	1.2
0.375	1.2
0.375	1.2
0.5	1.2
0.5	1.2
0.625	1.2
0.625	1.2
0.75	1.2
0.75	1.2
0.875	1.2
0.875	1.2
1	1.2
1	1.2
1.125	1.2
1.125	1.2
1.25	1.2
1.25	1.2
1.375	1.2
1.375	1.2
1.5	1.2
1.5	1.2
1.625	1.2
1.625	1.2
1.75	1.2
1.75	1.2
1.875	1.2
1.875	1.2
2	1.2
2	1.2
2.125	1.2
2.125	1.2
2.25	1.2
2.25	1.2
2.375	1.2
2.375	1.2
2.5	1.2
2.5	1.2
2.625	1.2
2.625	1.2
2.75	1.2
2.75	1.2
2.875	1.2
2.875	1.2
3	1.2
3	1.2
3.125	1.2
3.125	1.2
3.25	1.2
3.25	1.2
3.375	1.2
3.375	1.2
3.5	1.2
3.5	1.2
3.625	1.2
3.625	1.2
3.75	1.2
3.75	1.2
3.875	1.2
3.875	1.2
4	1.2
4	1.2
4.125	1.2
4.125	1.2
4.25	1.2
4.25	1.2
4.375	1.2
4.375	1.2
4.5	1.2
4.5	1.2
4.625	1.2
4.625	1.2
4.75	1.2
4.75	1.2
4.875	1.2
4.875	1.2
5	1.2
5	1.2
5.125	1.2
5.125	1.2
5.25	1.2
5.25	1.2
5.375	1.2
5.375	1.2
5.5	1.2
5.5	1.2
5.625	1.2
5.625	1.2
5.75	1.2
5.75	1.2
5.875	1.2
5.875	1.2
6	1.2
6	1.2
6.125	1.2
6.125	1.2
6.25	1.2
6.25	1.2
6.375	1.2
6.375	1.2
6.5	1.2
6.5	1.2
6.625	1.2
6.625	1.2
6.75	1.2
6.75	1.2
6.875	1.2
6.875	1.2
7	1.2
7	1.2
7.125	1.2
7.125	1.2
7.25	1.2
7.25	1.2
7.375	1.2
7.375	1.2
7.5	1.2
7.5	1.2
7.625	1.2
7.625	1.2
7.75	1.2
7.75	1.2
7.875	1.2
7.875	1.2
8	1.2
8	1.19998697916667
8.125	1.19756510416667
8.125	1.19756510416667
8.25	1.19529947916667
8.25	1.19529947916667
8.375	1.19319010416667
8.375	1.19319010416667
8.5	1.19123697916667
8.5	1.19123697916667
8.625	1.18944010416667
8.625	1.18944010416667
8.75	1.18779947916667
8.75	1.18779947916667
8.875	1.18631510416667
8.875	1.18631510416667
9	1.18498697916667
9	1.18498697916667
9.125	1.18381510416667
9.125	1.18381510416667
9.25	1.18279947916667
9.25	1.18279947916667
9.375	1.18194010416667
9.375	1.18194010416667
9.5	1.18123697916667
9.5	1.18123697916667
9.625	1.18069010416667
9.625	1.18069010416667
9.75	1.18029947916667
9.75	1.18029947916667
9.875	1.18006510416667
9.875	1.18006510416667
10	1.17998697916667
10	1.17998697916667
10.125	1.18006510416667
10.125	1.18006510416667
10.25	1.18029947916667
10.25	1.18029947916667
10.375	1.18069010416667
10.375	1.18069010416667
10.5	1.18123697916667
10.5	1.18123697916667
10.625	1.18194010416667
10.625	1.18194010416667
10.75	1.18279947916667
10.75	1.18279947916667
10.875	1.18381510416667
10.875	1.18381510416667
11	1.18498697916667
11	1.18498697916667
11.125	1.18631510416667
11.125	1.18631510416667
11.25	1.18779947916667
11.25	1.18779947916667
11.375	1.18944010416667
11.375	1.18944010416667
11.5	1.19123697916667
11.5	1.19123697916667
11.625	1.19319010416667
11.625	1.19319010416667
11.75	1.19529947916667
11.75	1.19529947916667
11.875	1.19756510416667
11.875	1.19756510416667
12	1.19998697916667
12	1.2
12.125	1.2
12.125	1.2
12.25	1.2
12.25	1.2
12.375	1.2
12.375	1.2
12.5	1.2
12.5	1.2
12.625	1.2
12.625	1.2
12.75	1.2
12.75	1.2
12.875	1.2
12.875	1.2
13	1.2
13	1.2
13.125	1.2
13.125	1.2
13.25	1.2
13.25	1.2
13.375	1.2
13.375	1.2
13.5	1.2
13.5	1.2
13.625	1.2
13.625	1.2
13.75	1.2
13.75	1.2
13.875	1.2
13.875	1.2
14	1.2
14	1.2
14.125	1.2
14.125	1.2
14.25	1.2
14.25	1.2
14.375	1.2
14.375	1.2
14.5	1.2
14.5	1.2
14.625	1.2
14.625	1.2
14.75	1.2
14.75	1.2
14.875	1.2
14.875	1.2
15	1.2
15	1.2
15.125	1.2
15.125	1.2
15.25	1.2
15.25	1.2
15.375	1.2
15.375	1.2
15.5	1.2
15.5	1.2
15.625	1.2
15.625	1.2
15.75	1.2
15.75	1.2
15.875	1.2
15.875	1.2
16	1.2
16	1.2
16.125	1.2
16.125	1.2
16.25	1.2
16.25	1.2
16.375	1.2
16.375	1.2
16.5	1.2
16.5	1.2
16.625	1.2
16.625	1.2
16.75	1.2
16.75	1.2
16.875	1.2
16.875	1.2
17	1.2
17	1.2
17.125	1.2
17.125	1.2
17.25	1.2
17.25	1.2
17.375	1.2
17.375	1.2
17.5	1.2
17.5	1.2
17.625	1.2
17.625	1.2
17.75	1.2
17.75	1.2
17.875	1.2
17.875	1.2
18	1.2
18	1.2
18.125	1.2
18.125	1.2
18.25	1.2
18.25	1.2
18.375	1.2
18.375	1.2
18.5	1.2
18.5	1.2
18.625	1.2
18.625	1.2
18.75	1.2
18.75	1.2
18.875	1.2
18.875	1.2
19	1.2
19	1.2
19.125	1.2
19.125	1.2
19.25	1.2
19.25	1.2
19.375	1.2
19.375	1.2
19.5	1.2
19.5	1.2
19.625	1.2
19.625	1.2
19.75	1.2
19.75	1.2
19.875	1.2
19.875	1.2
20	1.2
0	0.4754
0.125	0.4754
0.125	0.4754
0.25	0.4754
0.25	0.4754
0.375	0.4754
0.375	0.4754
0.5	0.4754
0.5	0.4754
0.625	0.4754
0.625	0.4754
0.75	0.4754
0.75	0.4754
0.875	0.4754
0.875	0.4754
1	0.4754
1	0.4754
1.125	0.4754
1.125	0.4754
1.25	0.4754
1.25	0.4754
1.375	0.4754
1.375	0.4754
1.5	0.4754
1.5	0.4754
1.625	0.4754
1.625	0.4754
1.75	0.4754
1.75	0.4754
1.875	0.4754
1.875	0.4754
2	0.4754
2	0.4754
2.125	0.4754
2.125	0.4754
2.25	0.4754
2.25	0.4754
2.375	0.4754
2.375	0.4754
2.5	0.4754
2.5	0.4754
2.625	0.4754
2.625	0.4754
2.75	0.4754
2.75	0.4754
2.875	0.4754
2.875	0.4754
3	0.4754
3	0.4754
3.125	0.4754
3.125	0.4754
3.25	0.4754
3.25	0.4754
3.375	0.4754
3.375	0.4754
3.5	0.4754
3.5	0.4754
3.625	0.4754
3.625	0.4754
3.75	0.4754
3.75	0.4754
3.875	0.4754
3.875	0.4754
4	0.4754
4	0.4754
4.125	0.4754
4.125	0.4754
4.25	0.4754
4.25	0.4754
4.375	0.4754
4.375	0.4754
4.5	0.4754
4.5	0.4754
4.625	0.4754
4.625	0.4754
4.75	0.4754
4.75	0.4754
4.875	0.4754
4.875	0.4754
5	0.4754
5	0.4754
5.125	0.4754
5.125	0.4754
5.25	0.4754
5.25	0.4754
5.375	0.4754
5.375	0.4754
5.5	0.4754
5.5	0.4754
5.625	0.4754
5.625	0.4754
5.75	0.4754
5.75	0.4754
5.875	0.4754
5.875	0.4754
6	0.4754
6	0.4754
6.125	0.4754
6.125	0.4754
6.25	0.4754
6.25	0.4754
6.375	0.4754
6.375	0.4754
6.5	0.4754
6.5	0.4754
6.625	0.4754
6.625	0.4754
6.75	0.4754
6.75	0.4754
6.875	0.4754
6.875	0.4754
7	0.4754
7	0.4754
7.125	0.4754
7.125	0.4754
7.25	0.4754
7.25	0.4754
7.375	0.4754
7.375	0.4754
7.5	0.4754
7.5	0.4754
7.625	0.4754
7.625	0.4754
7.75	0.4754
7.75	0.4754
7.875	0.4754
7.875	0.4754
8	0.4754
8	0.4754
8.125	0.4754
8.125	0.4754
8.25	0.4754
8.25	0.4754
8.375	0.4754
8.375	0.4754
8.5	0.4754
8.5	0.4754
8.625	0.4754
8.625	0.4754
8.75	0.4754
8.75	0.4754
8.875	0.4754
8.875	0.4754
9	0.4754
9	0.4754
9.125	0.4754
9.125	0.4754
9.25	0.4754
9.25	0.4754
9.375	0.4754
9.375	0.4754
9.5	0.4754
9.5	0.4754
9.625	0.4754
9.625	0.4754
9.75	0.4754
9.75	0.4754
9.875	0.4754
9.875	0.4754
10	0.4754
10	0.4754
10.125	0.4754
10.125	0.4754
10.25	0.4754
10.25	0.4754
10.375	0.4754
10.375	0.4754
10.5	0.4754
10.5	0.4754
10.625	0.4754
10.625	0.4754
10.75	0.4754
10.75	0.4754
10.875	0.4754
10.875	0.4754
11	0.4754
11	0.4754
11.125	0.4754
11.125	0.4754
11.25	0.4754
11.25	0.4754
11.375	0.4754
11.375	0.4754
11.5	0.4754
11.5	0.4754
11.625	0.4754
11.625	0.4754
11.75	0.4754
11.75	0.4754
11.875	0.4754
11.875	0.4754
12	0.4754
12	0.4754
12.125	0.4754
12.125	0.4754
12.25	0.4754
12.25	0.4754
12.375	0.4754
12.375	0.4754
12.5	0.4754
12.5	0.4754
12.625	0.4754
12.625	0.4754
12.75	0.4754
12.75	0.4754
12.875	0.4754
12.875	0.4754
13	0.4754
13	0.4754
13.125	0.4754
13.125	0.4754
13.25	0.4754
13.25	0.4754
13.375	0.4754
13.375	0.4754
13.5	0.4754
13.5	0.4754
13.625	0.4754
13.625	0.4754
13.75	0.4754
13.75	0.4754
13.875	0.4754
13.875	0.4754
14	0.4754
14	0.4754
14.125	0.4754
14.125	0.4754
14.25	0.4754
14.25	0.4754
14.375	0.4754
14.375	0.4754
14.5	0.4754
14.5	0.4754
14.625	0.4754
14.625	0.4754
14.75	0.4754
14.75	0.4754
14.875	0.4754
14.875	0.4754
15	0.4754
15	0.4754
15.125	0.4754
15.125	0.4754
15.25	0.4754
15.25	0.4754
15.375	0.4754
15.375	0.4754
15.5	0.4754
15.5	0.4754
15.625	0.4754
15.625	0.4754
15.75	0.4754
15.75	0.4754
15.875	0.4754
15.875	0.4754
16	0.4754
16	0.4754
16.125	0.4754
16.125	0.4754
16.25	0.4754
16.25	0.4754
16.375	0.4754
16.375	0.4754
16.5	0.4754
16.5	0.4754
16.625	0.4754
16.625	0.4754
16.75	0.4754
16.75	0.4754
16.875	0.4754
16.875	0.4754
17	0.4754
17	0.4754
17.125	0.4754
17.125	0.4754
17.25	0.4754
17.25	0.4754
17.375	0.4754
17.375	0.4754
17.5	0.4754
17.5	0.4754
17.625	0.4754
17.625	0.4754
17.75	0.4754
17.75	0.4754
17.875	0.4754
17.875	0.4754
18	0.4754
18	0.4754
18.125	0.4754
18.125	0.4754
18.25	0.4754
18.25	0.4754
18.375	0.4754
18.375	0.4754
18.5	0.4754
18.5	0.4754
18.625	0.4754
18.625	0.4754
18.75	0.4754
18.75	0.4754
18.875	0.4754
18.875	0.4754
19	0.4754
19	0.4754
19.125	0.4754
19.125	0.4754
19.25	0.4754
19.25	0.4754
19.375	0.4754
19.375	0.4754
19.5	0.4754
19.5	0.4754
19.625	0.4754
19.625	0.4754
19.75	0.4754
19.75	0.4754
19.875	0.4754
19.875	0.4754
20	0.4754
0	-0.2
0.125	-0.2
0.125	-0.2
0.25	-0.2
0.25	-0.2
0.375	-0.2
0.375	-0.2
0.5	-0.2
0.5	-0.2
0.625	-0.2
0.625	-0.2
0.75	-0.2
0.75	-0.2
0.875	-0.2
0.875	-0.2
1	-0.2
1	-0.2
1.125	-0.2
1.125	-0.2
1.25	-0.2
1.25	-0.2
1.375	-0.2
1.375	-0.2
1.5	-0.2
1.5	-0.2
1.625	-0.2
1.625	-0.2
1.75	-0.2
1.75	-0.2
1.875	-0.2
1.875	-0.2
2	-0.2
2	-0.2
2.125	-0.2
2.125	-0.2
2.25	-0.2
2.25	-0.2
2.375	-0.2
2.375	-0.2
2.5	-0.2
2.5	-0.2
2.625	-0.2
2.625	-0.2
2.75	-0.2
2.75	-0.2
2.875	-0.2
2.875	-0.2
3	-0.2
3	-0.2
3.125	-0.2
3.125	-0.2
3.25	-0.2
3.25	-0.2
3.375	-0.2
3.375	-0.2
3.5	-0.2
3.5	-0.2
3.625	-0.2
3.625	-0.2
3.75	-0.2
3.75	-0.2
3.875	-0.2
3.875	-0.2
4	-0.2
4	-0.2
4.125	-0.2
4.125	-0.2
4.25	-0.2
4.25	-0.2
4.375	-0.2
4.375	-0.2
4.5	-0.2
4.5	-0.2
4.625	-0.2
4.625	-0.2
4.75	-0.2
4.75	-0.2
4.875	-0.2
4.875	-0.2
5	-0.2
5	-0.2
5.125	-0.2
5.125	-0.2
5.25	-0.2
5.25	-0.2
5.375	-0.2
5.375	-0.2
5.5	-0.2
5.5	-0.2
5.625	-0.2
5.625	-0.2
5.75	-0.2
5.75	-0.2
5.875	-0.2
5.875	-0.2
6	-0.2
6	-0.2
6.125	-0.2
6.125	-0.2
6.25	-0.2
6.25	-0.2
6.375	-0.2
6.375	-0.2
6.5	-0.2
6.5	-0.2
6.625	-0.2
6.625	-0.2
6.75	-0.2
6.75	-0.2
6.875	-0.2
6.875	-0.2
7	-0.2
7	-0.2
7.125	-0.2
7.125	-0.2
7.25	-0.2
7.25	-0.2
7.375	-0.2
7.375	-0.2
7.5	-0.2
7.5	-0.2
7.625	-0.2
7.625	-0.2
7.75	-0.2
7.75	-0.2
7.875	-0.2
7.875	-0.2
8	-0.2
8	-0.199986979166667
8.125	-0.197565104166667
8.125	-0.197565104166667
8.25	-0.195299479166667
8.25	-0.195299479166667
8.375	-0.193190104166667
8.375	-0.193190104166667
8.5	-0.191236979166667
8.5	-0.191236979166667
8.625	-0.189440104166667
8.625	-0.189440104166667
8.75	-0.187799479166667
8.75	-0.187799479166667
8.875	-0.186315104166667
8.875	-0.186315104166667
9	-0.184986979166667
9	-0.184986979166667
9.125	-0.183815104166667
9.125	-0.183815104166667
9.25	-0.182799479166667
9.25	-0.182799479166667
9.375	-0.181940104166667
9.375	-0.181940104166667
9.5	-0.181236979166667
9.5	-0.181236979166667
9.625	-0.180690104166667
9.625	-0.180690104166667
9.75	-0.180299479166667
9.75	-0.180299479166667
9.875	-0.180065104166667
9.875	-0.180065104166667
10	-0.179986979166667
10	-0.179986979166667
10.125	-0.180065104166667
10.125	-0.180065104166667
10.25	-0.180299479166667
10.25	-0.180299479166667
10.375	-0.180690104166667
10.375	-0.180690104166667
10.5	-0.181236979166667
10.5	-0.181236979166667
10.625	-0.181940104166667
10.625	-0.181940104166667
10.75	-0.182799479166667
10.75	-0.182799479166667
10.875	-0.183815104166667
10.875	-0.183815104166667
11	-0.184986979166667
11	-0.184986979166667
11.125	-0.186315104166667
11.125	-0.186315104166667
11.25	-0.187799479166667
11.25	-0.187799479166667
11.375	-0.189440104166667
11.375	-0.189440104166667
11.5	-0.191236979166667
11.5	-0.191236979166667
11.625	-0.193190104166667
11.625	-0.193190104166667
11.75	-0.195299479166667
11.75	-0.195299479166667
11.875	-0.197565104166667
11.875	-0.197565104166667
12	-0.199986979166667
12	-0.2
12.125	-0.2
12.125	-0.2
12.25	-0.2
12.25	-0.2
12.375	-0.2
12.375	-0.2
12.5	-0.2
12.5	-0.2
12.625	-0.2
12.625	-0.2
12.75	-0.2
12.75	-0.2
12.875	-0.2
12.875	-0.2
13	-0.2
13	-0.2
13.125	-0.2
13.125	-0.2
13.25	-0.2
13.25	-0.2
13.375	-0.2
13.375	-0.2
13.5	-0.2
13.5	-0.2
13.625	-0.2
13.625	-0.2
13.75	-0.2
13.75	-0.2
13.875	-0.2
13.875	-0.2
14	-0.2
14	-0.2
14.125	-0.2
14.125	-0.2
14.25	-0.2
14.25	-0.2
14.375	-0.2
14.375	-0.2
14.5	-0.2
14.5	-0.2
14.625	-0.2
14.625	-0.2
14.75	-0.2
14.75	-0.2
14.875	-0.2
14.875	-0.2
15	-0.2
15	-0.2
15.125	-0.2
15.125	-0.2
15.25	-0.2
15.25	-0.2
15.375	-0.2
15.375	-0.2
15.5	-0.2
15.5	-0.2
15.625	-0.2
15.625	-0.2
15.75	-0.2
15.75	-0.2
15.875	-0.2
15.875	-0.2
16	-0.2
16	-0.2
16.125	-0.2
16.125	-0.2
16.25	-0.2
16.25	-0.2
16.375	-0.2
16.375	-0.2
16.5	-0.2
16.5	-0.2
16.625	-0.2
16.625	-0.2
16.75	-0.2
16.75	-0.2
16.875	-0.2
16.875	-0.2
17	-0.2
17	-0.2
17.125	-0.2
17.125	-0.2
17.25	-0.2
17.25	-0.2
17.375	-0.2
17.375	-0.2
17.5	-0.2
17.5	-0.2
17.625	-0.2
17.625	-0.2
17.75	-0.2
17.75	-0.2
17.875	-0.2
17.875	-0.2
18	-0.2
18	-0.2
18.125	-0.2
18.125	-0.2
18.25	-0.2
18.25	-0.2
18.375	-0.2
18.375	-0.2
18.5	-0.2
18.5	-0.2
18.625	-0.2
18.625	-0.2
18.75	-0.2
18.75	-0.2
18.875	-0.2
18.875	-0.2
19	-0.2
19	-0.2
19.125	-0.2
19.125	-0.2
19.25	-0.2
19.25	-0.2
19.375	-0.2
19.375	-0.2
19.5	-0.2
19.5	-0.2
19.625	-0.2
19.625	-0.2
19.75	-0.2
19.75	-0.2
19.875	-0.2
19.875	-0.2
20	-0.2
0	1
0.125	1
0.125	1
0.25	1
0.25	1
0.375	1
0.375	1
0.5	1
0.5	1
0.625	1
0.625	1
0.75	1
0.75	1
0.875	1
0.875	1
1	1
1	1
1.125	1
1.125	1
1.25	1
1.25	1
1.375	1
1.375	1
1.5	1
1.5	1
1.625	1
1.625	1
1.75	1
1.75	1
1.875	1
1.875	1
2	1
2	1
2.125	1
2.125	1
2.25	1
2.25	1
2.375	1
2.375	1
2.5	1
2.5	1
2.625	1
2.625	1
2.75	1
2.75	1
2.875	1
2.875	1
3	1
3	1
3.125	1
3.125	1
3.25	1
3.25	1
3.375	1
3.375	1
3.5	1
3.5	1
3.625	1
3.625	1
3.75	1
3.75	1
3.875	1
3.875	1
4	1
4	1
4.125	1
4.125	1
4.25	1
4.25	1
4.375	1
4.375	1
4.5	1
4.5	1
4.625	1
4.625	1
4.75	1
4.75	1
4.875	1
4.875	1
5	1
5	1
5.125	1
5.125	1
5.25	1
5.25	1
5.375	1
5.375	1
5.5	1
5.5	1
5.625	1
5.625	1
5.75	1
5.75	1
5.875	1
5.875	1
6	1
6	1
6.125	1
6.125	1
6.25	1
6.25	1
6.375	1
6.375	1
6.5	1
6.5	1
6.625	1
6.625	1
6.75	1
6.75	1
6.875	1
6.875	1
7	1
7	1
7.125	1
7.125	1
7.25	1
7.25	1
7.375	1
7.375	1
7.5	1
7.5	1
7.625	1
7.625	1
7.75	1
7.75	1
7.875	1
7.875	1
8	1
8	1
8.125	1
8.125	1
8.25	1
8.25	1
8.375	1
8.375	1
8.5	1
8.5	1
8.625	1
8.625	1
8.75	1
8.75	1
8.875	1
8.875	1
9	1
9	1
9.125	1
9.125	1
9.25	1
9.25	1
9.375	1
9.375	1
9.5	1
9.5	1
9.625	1
9.625	1
9.75	1
9.75	1
9.875	1
9.875	1
10	1
10	1
10.125	1
10.125	1
10.25	1
10.25	1
10.375	1
10.375	1
10.5	1
10.5	1
10.625	1
10.625	1
10.75	1
10.75	1
10.875	1
10.875	1
11	1
11	1
11.125	1
11.125	1
11.25	1
11.25	1
11.375	1
11.375	1
11.5	1
11.5	1
11.625	1
11.625	1
11.75	1
11.75	1
11.875	1
11.875	1
12	1
12	1
12.125	1
12.125	1
12.25	1
12.25	1
12.375	1
12.375	1
12.5	1
12.5	1
12.625	1
12.625	1
12.75	1
12.75	1
12.875	1
12.875	1
13	1
13	1
13.125	1
13.125	1
13.25	1
13.25	1
13.375	1
13.375	1
13.5	1
13.5	1
13.625	1
13.625	1
13.75	1
13.75	1
13.875	1
13.875	1
14	1
14	1
14.125	1
14.125	1
14.25	1
14.25	1
14.375	1
14.375	1
14.5	1
14.5	1
14.625	1
14.625	1
14.75	1
14.75	1
14.875	1
14.875	1
15	1
15	1
15.125	1
15.125	1
15.25	1
15.25	1
15.375	1
15.375	1
15.5	1
15.5	1
15.625	1
15.625	1
15.75	1
15.75	1
15.875	1
15.875	1
16	1
16	1
16.125	1
16.125	1
16.25	1
16.25	1
16.375	1
16.375	1
16.5	1
16.5	1
16.625	1
16.625	1
16.75	1
16.75	1
16.875	1
16.875	1
17	1
17	1
17.125	1
17.125	1
17.25	1
17.25	1
17.375	1
17.375	1
17.5	1
17.5	1
17.625	1
17.625	1
17.75	1
17.75	1
17.875	1
17.875	1
18	1
18	1
18.125	1
18.125	1
18.25	1
18.25	1
18.375	1
18.375	1
18.5	1
18.5	1
18.625	1
18.625	1
18.75	1
18.75	1
18.875	1
18.875	1
19	1
19	1
19.125	1
19.125	1
19.25	1
19.25	1
19.375	1
19.375	1
19.5	1
19.5	1
19.625	1
19.625	1
19.75	1
19.75	1
19.875	1
19.875	1
20	1
