3	1
320
0	1.19999999999624
0.125	1.20000000005902
0.125	1.20000000005009
0.25	1.20000000067512
0.25	1.20000000069625
0.375	1.19999999887338
0.375	1.19999999886081
0.5	1.19999999917181
0.5	1.19999999914401
0.625	1.20000000330645
0.625	1.20000000333367
0.75	1.20000000348695
0.75	1.20000000351058
0.875	1.19999999953515
0.875	1.19999999951669
1	1.19999999799255
1	1.19999999797857
1.125	1.19999999922995
1.125	1.19999999923454
1.25	1.20000000013447
1.25	1.20000000013982
1.375	1.20000000008778
1.375	1.20000000008572
1.5	1.20000000004978
1.5	1.20000000005218
1.625	1.19999999992909
1.625	1.19999999992352
1.75	1.20000000017811
1.75	1.20000000018888
1.875	1.19999999972298
1.875	1.19999999970291
2	1.20000000057181
2	1.20000000060895
2.125	1.19999999899216
2.125	1.199999998924
2.25	1.20000000189974
2.25	1.20000000202365
2.375	1.19999999659719
2.375	1.19999999637421
2.5	1.2000000061661
2.5	1.20000000656316
2.625	1.1999999890774
2.625	1.19999998837805
2.75	1.20000001925821
2.75	1.20000002047596
2.875	1.19999996656596
2.875	1.19999996447075
3	1.2000000574561
3	1.20000006101617
3.125	1.19999990265116
3.125	1.19999989668105
3.25	1.20000016283177
3.25	1.20000017270595
3.375	1.19999973163297
3.375	1.19999971553802
3.5	1.2000004357642
3.5	1.20000046159774
3.625	1.19999930382553
3.625	1.19999926303294
3.75	1.20000109344442
3.75	1.20000115674712
3.875	1.19999831382577
3.875	1.19999821739963
4	1.20000254975849
4	1.20000269373745
4.125	1.19999622534639
4.125	1.19999601493899
4.25	1.20000546090675
4.25	1.20000576127875
4.375	1.19999229629748
4.375	1.19999187831076
4.5	1.2000105693143
4.5	1.20001113473705
4.625	1.19998594369131
4.625	1.19998520254782
4.75	1.20001804543513
4.75	1.200018982663
4.875	1.19997776071436
4.875	1.19997662344975
5	1.20002611058593
5	1.20002742422096
5.125	1.19997112454505
5.125	1.19996969615266
5.25	1.20002953620667
5.25	1.20003097104069
5.375	1.19997298068443
5.375	1.19997169346536
5.5	1.20002045491951
5.5	1.2000214072014
5.625	1.19999042463598
5.625	1.19998999555262
5.75	1.19999518456258
5.75	1.19999495092216
5.875	1.20002047786559
5.875	1.20002140295463
6	1.19996629305862
6	1.19996481436475
6.125	1.20003993156216
6.125	1.20004163573855
6.25	1.19996490572875
6.25	1.19996345287804
6.375	1.20001770239781
6.375	1.20001839970524
6.5	1.20000913046497
6.5	1.2000095262752
6.625	1.19996320206698
6.625	1.19996174452051
6.75	1.20005289844948
6.75	1.20005490893108
6.875	1.19995377680017
6.875	1.19995209591709
7	1.20001404989142
7	1.20001450414356
7.125	1.20003194396746
7.125	1.20003310448215
7.25	1.19993347461852
7.25	1.19993122127486
7.375	1.20006270426635
7.375	1.20006469198733
7.5	1.19998799109781
7.5	1.19998772223625
7.625	1.19994093443409
7.625	1.19993904900885
7.75	1.20009539295761
7.75	1.2000981716844
7.875	1.19994777422065
7.875	1.19994640902943
8	1.19994812022277
8	1.1999466967253
8.125	1.20012128295082
8.125	1.20012413650498
8.25	1.19994283990456
8.25	1.19994196973452
8.375	1.199889206245
8.375	1.19988625723298
8.5	1.20018511967372
8.5	1.20018903181285
8.625	1.19999590560838
8.625	1.19999590621609
8.75	1.19976214139009
8.75	1.19975893240614
8.875	1.20006835998523
8.875	1.20006725263947
9	1.20040803084291
9	1.20041531653783
9.125	1.19952466452575
9.125	1.19952820147293
9.25	1.19769777876959
9.25	1.19770002021121
9.375	1.19543793330609
9.375	1.19543608257807
9.5	1.19337267128136
9.5	1.19337234401164
9.625	1.19144700964203
9.625	1.19144645468898
9.75	1.18966248885984
9.75	1.18966109985981
9.875	1.18808118530098
9.875	1.18808188449919
10	1.18652977729883
10	1.18652745627418
10.125	1.18526408049332
10.125	1.18526497067657
10.25	1.18401340860088
10.25	1.18401182102961
10.375	1.18298880868241
10.375	1.18298805492727
10.5	1.18212166633603
10.5	1.18212219734634
10.625	1.18129795036716
10.625	1.18129531531786
10.75	1.18080019481485
10.75	1.18080146623972
10.875	1.1802795813336
10.875	1.18027789127425
11	1.18000352139156
11	1.18000225438856
11.125	1.1799375784217
11.125	1.17993891879915
11.25	1.17983534825186
11.25	1.17983218703491
11.375	1.18012679627442
11.375	1.18012743162972
11.5	1.18044746342922
11.5	1.18044759140125
11.625	1.180843621495
11.625	1.18084021660303
11.75	1.18167594911945
11.75	1.1816778060218
11.875	1.18240259837135
11.875	1.18240162970769
12	1.18331863542867
12	1.18331522761673
12.125	1.18469449975865
12.125	1.18469696783576
12.25	1.18587265985141
12.25	1.18587160951278
12.375	1.18725606688408
12.375	1.18725185931039
12.5	1.18922800777687
12.5	1.18923036814461
12.625	1.19096874078168
12.625	1.19096980268309
12.75	1.19264519981316
12.75	1.19263967698843
12.875	1.19516907861297
12.875	1.19516756235298
13	1.1979217698859
13	1.1979277066948
13.125	1.19959385905839
13.125	1.19959956188632
13.25	1.20006402186775
13.25	1.20006569962699
13.375	1.20004359662004
13.375	1.2000433550272
13.5	1.19999900678175
13.5	1.19999879901411
13.625	1.19999655447427
13.625	1.19999656659763
13.75	1.20000012882341
13.75	1.20000014807081
13.875	1.20000025602662
13.875	1.20000025392223
14	1.19999996686074
14	1.19999996538028
14.125	1.19999998469879
14.125	1.1999999850618
14.25	1.20000000466087
14.25	1.20000000472904
14.375	1.20000000027982
14.375	1.20000000023801
14.5	1.19999999953704
14.5	1.19999999953976
14.625	1.20000000001098
14.625	1.20000000001375
14.75	1.19999999996681
14.75	1.19999999996595
14.875	1.19999999994257
14.875	1.19999999994257
15	1.19999999995255
15	1.19999999995262
15.125	1.19999999995257
15.125	1.19999999995256
15.25	1.19999999995256
15.25	1.19999999995256
15.375	1.19999999995329
15.375	1.1999999999533
15.5	1.19999999995371
15.5	1.19999999995371
15.625	1.19999999995425
15.625	1.19999999995425
15.75	1.19999999995454
15.75	1.19999999995453
15.875	1.19999999995521
15.875	1.19999999995522
16	1.19999999995518
16	1.19999999995516
16.125	1.19999999995627
16.125	1.1999999999563
16.25	1.19999999995547
16.25	1.19999999995543
16.375	1.19999999995769
16.375	1.19999999995775
16.5	1.1999999999551
16.5	1.199999999955
16.625	1.19999999995992
16.625	1.19999999996007
16.75	1.1999999999535
16.75	1.19999999995327
16.875	1.19999999996365
16.875	1.19999999996397
17	1.19999999994993
17	1.19999999994949
17.125	1.19999999996953
17.125	1.19999999997012
17.25	1.19999999994412
17.25	1.19999999994336
17.375	1.19999999997718
17.375	1.19999999997811
17.5	1.19999999993755
17.5	1.19999999993646
17.625	1.19999999998357
17.625	1.19999999998475
17.75	1.19999999993513
17.75	1.19999999993395
17.875	1.19999999998192
17.875	1.19999999998294
18	1.1999999999448
18	1.19999999994411
18.125	1.19999999996484
18.125	1.19999999996499
18.25	1.19999999997083
18.25	1.19999999997137
18.375	1.1999999999343
18.375	1.19999999993303
18.5	1.20000000000234
18.5	1.20000000000427
18.625	1.19999999991069
18.625	1.19999999990835
18.75	1.20000000001278
18.75	1.20000000001518
18.875	1.19999999991867
18.875	1.19999999991657
19	1.19999999999067
19	1.19999999999224
19.125	1.19999999994667
19.125	1.19999999994559
19.25	1.19999999997202
19.25	1.19999999997289
19.375	1.19999999994664
19.375	1.1999999999456
19.5	1.19999999999202
19.5	1.19999999999352
19.625	1.19999999992072
19.625	1.19999999991877
19.75	1.20000000000823
19.75	1.20000000001041
19.875	1.19999999992168
19.875	1.19999999991946
20	1.20000000000368
0	0.396166666690849
0.125	0.396166666680203
0.125	0.396166666680362
0.25	0.396166666532035
0.25	0.3961666665272
0.375	0.39616666695855
0.375	0.396166666961511
0.5	0.396166666887854
0.5	0.396166666894435
0.625	0.396166665909359
0.625	0.396166665902915
0.75	0.39616666586659
0.75	0.396166665860997
0.875	0.396166666801712
0.875	0.39616666680608
1	0.396166667166707
1	0.396166667170015
1.125	0.396166666873829
1.125	0.396166666872741
1.25	0.396166666659725
1.25	0.396166666658459
1.375	0.396166666670722
1.375	0.396166666671208
1.5	0.396166666679661
1.5	0.396166666679093
1.625	0.396166666708172
1.625	0.39616666670949
1.75	0.396166666649189
1.75	0.396166666646641
1.875	0.396166666756843
1.875	0.396166666761591
2	0.396166666555919
2	0.396166666547131
2.125	0.396166666929687
2.125	0.396166666945818
2.25	0.396166666241574
2.25	0.396166666212251
2.375	0.39616666749635
2.375	0.396166667549118
2.5	0.396166665231863
2.5	0.396166665137899
2.625	0.396166669275783
2.625	0.39616666944128
2.75	0.396166662133574
2.75	0.3961666618454
2.875	0.396166674602924
2.875	0.396166675098746
3	0.396166653094114
3	0.396166652251637
3.125	0.396166689727994
3.125	0.396166691140795
3.25	0.396166628157319
3.25	0.396166625820633
3.375	0.396166730198628
3.375	0.396166734007425
3.5	0.396166563568942
3.5	0.396166557455529
3.625	0.396166831437366
3.625	0.396166841090722
3.75	0.396166407931692
3.75	0.396166392951294
3.875	0.396167065716628
3.875	0.396167088535271
4	0.396166063301401
4	0.396166029228979
4.125	0.396167559946926
4.125	0.396167609738082
4.25	0.396165374391826
4.25	0.396165303308393
4.375	0.396168489741986
4.375	0.39616858865366
4.5	0.396164165513332
4.5	0.39616403170312
4.625	0.396169993066305
4.625	0.396170168446287
4.75	0.396162396332027
4.75	0.396162174528871
4.875	0.396171929547109
4.875	0.396172198660471
5	0.396160487764285
5	0.396160176881762
5.125	0.396173499980948
5.125	0.396173837991132
5.25	0.396159677108646
5.25	0.396159337557823
5.375	0.396173060720702
5.375	0.396173365344682
5.5	0.396161826128997
5.5	0.396161600793041
5.625	0.396168932655305
5.625	0.396169034207899
5.75	0.396167806245226
5.75	0.396167861523579
5.875	0.396161820722576
5.875	0.396161601763668
6	0.39617464336174
6	0.396174993241224
6.125	0.396157217132033
6.125	0.396156813833067
6.25	0.396174971636872
6.25	0.396175315484724
6.375	0.396162477483835
6.375	0.396162312506697
6.5	0.396164506013961
6.5	0.396164412308883
6.625	0.396175374866775
6.625	0.396175719684072
6.75	0.396154148651554
6.75	0.39615367283787
6.875	0.396177605275063
6.875	0.396178003136001
7	0.396163341812091
7	0.396163234357319
7.125	0.396159107388729
7.125	0.39615883259202
7.25	0.396182409927606
7.25	0.396182943040942
7.375	0.396151828124682
7.375	0.396151357901633
7.5	0.396169508483667
7.5	0.39616957214084
7.625	0.396180644629275
7.625	0.396181090426906
7.75	0.396144092884793
7.75	0.396143435320705
7.875	0.396179025635293
7.875	0.396179349024674
8	0.396178944117083
8	0.396179280441885
8.125	0.396137966593053
8.125	0.396137291253285
8.25	0.39618019320993
8.25	0.396180399554777
8.375	0.396192886801876
8.375	0.396193583183098
8.5	0.396122860930762
8.5	0.396121935946979
8.625	0.396167635108254
8.625	0.396167634491215
8.75	0.396222959797798
8.75	0.396223718443688
8.875	0.396150488520794
8.875	0.396150749970178
9	0.396070123064109
9	0.396068387343514
9.125	0.396279162453375
9.125	0.396278279775988
9.25	0.396711958870639
9.25	0.396711389990128
9.375	0.397248286096099
9.375	0.397248726791813
9.5	0.397739378186092
9.5	0.397739451419657
9.625	0.398198047603907
9.625	0.398198177047235
9.75	0.398623772427009
9.75	0.398624105516475
9.875	0.3990015611961
9.875	0.399001387131464
10	0.399372692476
10	0.399373254597225
10.125	0.399675851127862
10.125	0.399675632447557
10.25	0.399975718014184
10.25	0.399976103013034
10.375	0.400221627666742
10.375	0.400221809886025
10.5	0.400429910776491
10.5	0.400429781795584
10.625	0.400627902236376
10.625	0.400628541119659
10.75	0.400747618301123
10.75	0.400747310725509
10.875	0.400872877702887
10.875	0.400873287040792
11	0.400939323984941
11	0.400939629711896
11.125	0.400955198523697
11.125	0.400954875672427
11.25	0.400979808741242
11.25	0.400980568411578
11.375	0.400909651356297
11.375	0.400909497988254
11.5	0.400832481634995
11.5	0.400832449593853
11.625	0.400737172993936
11.625	0.400737982184346
11.75	0.400537027193223
11.75	0.400536582303984
11.875	0.400362420338932
11.875	0.400362645700433
12	0.400142448767799
12	0.400143246223148
12.125	0.399812370207704
12.125	0.399811782781957
12.25	0.399530053431915
12.25	0.399530290844352
12.375	0.399198893630508
12.375	0.399199860803889
12.5	0.398727506392617
12.5	0.398726948198457
12.625	0.398312091649218
12.625	0.398311831693152
12.75	0.397912582513462
12.75	0.397913827442499
12.875	0.397312142410232
12.875	0.397312467422652
13	0.39665879081062
13	0.396657443600476
13.125	0.396262758802489
13.125	0.39626143826067
13.25	0.396151516004847
13.25	0.396151119527505
13.375	0.396156349960379
13.375	0.396156407064127
13.5	0.396166901692717
13.5	0.396166950891765
13.625	0.396167482059401
13.625	0.396167479187682
13.75	0.396166636200599
13.75	0.396166631646141
13.875	0.396166606098987
13.875	0.396166606596926
14	0.396166674528833
14	0.396166674879168
14.125	0.39616667030756
14.125	0.396166670221648
14.25	0.396166665583641
14.25	0.396166665567503
14.375	0.396166666620422
14.375	0.396166666630312
14.5	0.396166666796223
14.5	0.396166666795578
14.625	0.396166666684093
14.625	0.396166666683439
14.75	0.396166666694573
14.75	0.396166666694775
14.875	0.396166666700333
14.875	0.396166666700334
15	0.396166666697997
15	0.39616666669798
15.125	0.396166666698018
15.125	0.396166666698021
15.25	0.396166666698046
15.25	0.396166666698046
15.375	0.396166666697901
15.375	0.3961666666979
15.5	0.396166666697827
15.5	0.396166666697828
15.625	0.396166666697727
15.625	0.396166666697727
15.75	0.396166666697686
15.75	0.396166666697687
15.875	0.396166666697555
15.875	0.396166666697553
16	0.396166666697588
16	0.396166666697592
16.125	0.396166666697357
16.125	0.396166666697351
16.25	0.396166666697572
16.25	0.396166666697582
16.375	0.396166666697076
16.375	0.39616666669706
16.5	0.396166666697715
16.5	0.39616666669774
16.625	0.396166666696603
16.625	0.396166666696567
16.75	0.396166666698149
16.75	0.396166666698203
16.875	0.396166666695773
16.875	0.396166666695697
17	0.396166666699046
17	0.396166666699151
17.125	0.396166666694436
17.125	0.396166666694297
17.25	0.396166666700477
17.25	0.396166666700656
17.375	0.396166666692685
17.375	0.396166666692464
17.5	0.396166666702093
17.5	0.396166666702349
17.625	0.396166666691231
17.625	0.396166666690951
17.75	0.396166666702722
17.75	0.396166666703002
17.875	0.396166666691679
17.875	0.396166666691436
18	0.396166666700489
18	0.396166666700651
18.125	0.396166666695774
18.125	0.396166666695738
18.25	0.396166666694384
18.25	0.396166666694258
18.375	0.396166666703058
18.375	0.39616666670336
18.5	0.396166666686987
18.5	0.39616666668653
18.625	0.396166666708704
18.625	0.396166666709258
18.75	0.396166666684574
18.75	0.396166666684008
18.875	0.396166666706876
18.875	0.396166666707371
19	0.396166666689867
19	0.396166666689495
19.125	0.39616666670031
19.125	0.396166666700566
19.25	0.396166666694339
19.25	0.396166666694133
19.375	0.396166666700375
19.375	0.396166666700623
19.5	0.396166666689668
19.5	0.396166666689314
19.625	0.396166666706572
19.625	0.396166666707033
19.75	0.396166666685891
19.75	0.396166666685376
19.875	0.396166666706405
19.875	0.396166666706929
20	0.39616666668703
0	-0.200000000006692
0.125	-0.200000000070936
0.125	-0.200000000061184
0.25	-0.200000000681753
0.25	-0.200000000702809
0.375	-0.199999998892412
0.375	-0.199999998879922
0.5	-0.199999999188773
0.5	-0.199999999161161
0.625	-0.200000003295057
0.625	-0.2000000033221
0.75	-0.200000003474299
0.75	-0.200000003497768
0.875	-0.199999999549543
0.875	-0.199999999531212
1	-0.199999998017491
1	-0.199999998003609
1.125	-0.199999999246386
1.125	-0.199999999250952
1.25	-0.20000000014469
1.25	-0.200000000150002
1.375	-0.200000000098294
1.375	-0.200000000096255
1.5	-0.200000000060534
1.5	-0.200000000062921
1.625	-0.199999999940643
1.625	-0.199999999935111
1.75	-0.200000000187939
1.75	-0.200000000198633
1.875	-0.1999999997359
1.875	-0.199999999715976
2	-0.2000000005789
2	-0.20000000061578
2.125	-0.199999999010049
2.125	-0.199999998942354
2.25	-0.200000001897684
2.25	-0.200000002020744
2.375	-0.199999996631442
2.375	-0.199999996409988
2.5	-0.200000006134777
2.5	-0.200000006529119
2.625	-0.199999989163115
2.625	-0.19999998846856
2.75	-0.200000019137163
2.75	-0.200000020346565
2.875	-0.199999966805846
2.875	-0.199999964724989
3	-0.200000057073336
3	-0.200000060609024
3.125	-0.199999903328839
3.125	-0.199999897399625
3.25	-0.200000161727108
3.25	-0.200000171533653
3.375	-0.199999733482136
3.375	-0.199999717497444
3.5	-0.200000432789824
3.5	-0.200000458446417
3.625	-0.199999308605251
3.625	-0.199999268092138
3.75	-0.20000108596468
3.75	-0.200001148833813
3.875	-0.199998325387205
3.875	-0.199998229621791
4	-0.200002532302437
4	-0.200002675295504
4.125	-0.199996251214308
4.125	-0.199996042249119
4.25	-0.20000542350802
4.25	-0.200005721824162
4.375	-0.199992349079723
4.375	-0.199991933959825
4.5	-0.200010496919903
4.5	-0.200011058475791
4.625	-0.199986039988149
4.625	-0.199985303932922
4.75	-0.20001792182278
4.75	-0.200018852648515
4.875	-0.199977913060767
4.875	-0.199976783613801
5	-0.200025931716756
5	-0.200027236389489
5.125	-0.199971322342396
5.125	-0.199969903778573
5.25	-0.200029333864038
5.25	-0.20003075891359
5.375	-0.199973165765198
5.375	-0.199971887400341
5.5	-0.200020314793233
5.5	-0.200021260572228
5.625	-0.199990490234559
5.625	-0.199990064095955
5.75	-0.199995217559928
5.75	-0.199994985524063
5.875	-0.20002033759266
5.875	-0.200021256369064
6	-0.19996652395353
6	-0.19996505544649
6.125	-0.200039657995196
6.125	-0.20004135057257
6.25	-0.19996514610935
6.25	-0.199963703266994
6.375	-0.200017581123323
6.375	-0.200018273671208
6.5	-0.200009067928965
6.5	-0.200009461041124
6.625	-0.199963454142308
6.625	-0.199962006649856
6.75	-0.200052536039145
6.75	-0.200054532870477
6.875	-0.199954093389684
6.875	-0.199952424110602
7	-0.200013953632477
7	-0.200014404795248
7.125	-0.20003172515361
7.125	-0.200032877784254
7.25	-0.199933930289089
7.25	-0.199931692562242
7.375	-0.200062274624801
7.375	-0.200064248878749
7.5	-0.199988073337529
7.5	-0.199987806362489
7.625	-0.199941339057832
7.625	-0.199939466721558
7.75	-0.200094739348557
7.75	-0.20009749935271
7.875	-0.199948131847903
7.875	-0.199946776147279
8	-0.199948475643372
8	-0.199947062086066
8.125	-0.200120451957932
8.125	-0.200123286386848
8.25	-0.199943231260786
8.25	-0.199942367274951
8.375	-0.199889965260607
8.375	-0.19988703703939
8.5	-0.200183851011252
8.5	-0.200187737198241
8.625	-0.199995933437735
8.625	-0.199995934599823
8.75	-0.199763770593738
8.75	-0.199760584571451
8.875	-0.200067891028508
8.875	-0.200066792654857
9	-0.200405235450413
9	-0.200412477161126
9.125	-0.199527915489874
9.125	-0.199531455343491
9.25	-0.197713541018522
9.25	-0.197715822727107
9.375	-0.195469211171491
9.375	-0.19546743370335
9.5	-0.193418173323239
9.5	-0.193417898661325
9.625	-0.191505794046319
9.625	-0.19150528669545
9.75	-0.189733602279106
9.75	-0.189732258859559
9.875	-0.188163241134001
9.875	-0.188163966606804
10	-0.186622578814986
10	-0.186620299363286
10.125	-0.185365665057443
10.125	-0.185366568950309
10.25	-0.184123675178583
10.25	-0.184122115317316
10.375	-0.183106198919173
10.375	-0.183105461613402
10.5	-0.182245088928961
10.5	-0.182245625300023
10.625	-0.181427106003072
10.625	-0.181424495115448
10.75	-0.180932819681618
10.75	-0.180934085370796
10.875	-0.18041583255691
10.875	-0.180414156501667
11	-0.18014169791817
11	-0.180140440135913
11.125	-0.180076214953294
11.125	-0.180077546060491
11.25	-0.179974697281158
11.25	-0.179971558745972
11.375	-0.180264113427085
11.375	-0.180264745606642
11.5	-0.18058254613556
11.5	-0.180582674888957
11.625	-0.180975944226506
11.625	-0.180972568677212
11.75	-0.181802473103187
11.75	-0.181804325163136
11.875	-0.18252406828532
11.875	-0.182523115061672
12	-0.183433733932409
12	-0.183430367786156
12.125	-0.184800034134853
12.125	-0.184802506545089
12.25	-0.185970024342898
12.25	-0.185969002197297
12.375	-0.187343839066098
12.375	-0.187339698613128
12.5	-0.189302118607328
12.5	-0.189304507812744
12.625	-0.191030831707107
12.625	-0.19103192294601
12.75	-0.19269572502438
12.75	-0.192690299687789
12.875	-0.195202195620671
12.875	-0.195200781209432
13	-0.197935966907095
13	-0.197941928791251
13.125	-0.199596625571632
13.125	-0.199602305482338
13.25	-0.200063583037236
13.25	-0.200065249551853
13.375	-0.200043297984252
13.375	-0.200043058044332
13.5	-0.1999990135625
13.5	-0.199998807232478
13.625	-0.199996578070888
13.625	-0.199996590110187
13.75	-0.200000127933222
13.75	-0.200000147048954
13.875	-0.200000254265251
13.875	-0.20000025217527
14	-0.199999967080215
14	-0.199999965609906
14.125	-0.199999984796061
14.125	-0.199999985156587
14.25	-0.20000000462139
14.25	-0.200000004689099
14.375	-0.200000000270338
14.375	-0.200000000228823
14.5	-0.199999999532644
14.5	-0.199999999535345
14.625	-0.200000000003331
14.625	-0.200000000006074
14.75	-0.199999999959446
14.75	-0.199999999958595
14.875	-0.199999999935368
14.875	-0.199999999935363
15	-0.199999999945267
15	-0.199999999945335
15.125	-0.199999999945282
15.125	-0.199999999945264
15.25	-0.19999999994526
15.25	-0.19999999994526
15.375	-0.199999999945974
15.375	-0.199999999945976
15.5	-0.199999999946381
15.5	-0.199999999946379
15.625	-0.199999999946902
15.625	-0.199999999946905
15.75	-0.199999999947181
15.75	-0.199999999947175
15.875	-0.199999999947837
15.875	-0.199999999947846
16	-0.199999999947797
16	-0.199999999947781
16.125	-0.19999999994887
16.125	-0.199999999948896
16.25	-0.199999999948069
16.25	-0.199999999948027
16.375	-0.199999999950255
16.375	-0.199999999950321
16.5	-0.19999999994768
16.5	-0.199999999947579
16.625	-0.199999999952452
16.625	-0.199999999952604
16.75	-0.199999999946063
16.75	-0.199999999945841
16.875	-0.199999999956141
16.875	-0.199999999956458
17	-0.199999999942507
17	-0.199999999942069
17.125	-0.199999999961955
17.125	-0.19999999996254
17.25	-0.199999999936713
17.25	-0.199999999935961
17.375	-0.199999999969531
17.375	-0.199999999970456
17.5	-0.19999999993016
17.5	-0.199999999929082
17.625	-0.199999999975854
17.625	-0.199999999977029
17.75	-0.199999999927741
17.75	-0.199999999926571
17.875	-0.199999999974195
17.875	-0.199999999975212
18	-0.19999999993732
18	-0.199999999936641
18.125	-0.199999999957214
18.125	-0.199999999957364
18.25	-0.199999999963155
18.25	-0.199999999963685
18.375	-0.199999999926864
18.375	-0.199999999925598
18.5	-0.199999999994426
18.5	-0.199999999996342
18.625	-0.199999999903391
18.625	-0.199999999901066
18.75	-0.200000000004772
18.75	-0.200000000007153
18.875	-0.19999999991129
18.875	-0.199999999909209
19	-0.199999999982786
19	-0.199999999984349
19.125	-0.199999999939077
19.125	-0.199999999938002
19.25	-0.199999999964244
19.25	-0.199999999965109
19.375	-0.199999999939031
19.375	-0.199999999937989
19.5	-0.199999999984082
19.5	-0.199999999985571
19.625	-0.199999999913256
19.625	-0.199999999911323
19.75	-0.200000000000165
19.75	-0.200000000002325
19.875	-0.199999999914189
19.875	-0.199999999911988
20	-0.199999999995619
0	5.01820807119016e-11
0.125	5.01820807119016e-11
0.125	1.19169859129888e-10
0.25	1.19169859129888e-10
0.25	2.8168874645314e-10
0.375	2.8168874645314e-10
0.375	1.67608149719006e-10
0.5	1.67608149719006e-10
0.5	3.70710869030666e-10
0.625	3.70710869030666e-10
0.625	3.63057730994304e-10
0.75	3.63057730994304e-10
0.75	3.15072412204579e-10
0.875	3.15072412204579e-10
0.875	2.46090555596443e-10
1	2.46090555596443e-10
1	1.86369438617179e-10
1.125	1.86369438617179e-10
1.125	6.12931927596203e-11
1.25	6.12931927596203e-11
1.25	7.13118453109604e-11
1.375	7.13118453109604e-11
1.375	2.73766194883445e-11
1.5	2.73766194883445e-11
1.5	3.20454773830306e-11
1.625	3.20454773830306e-11
1.625	7.42635582627152e-11
1.75	7.42635582627152e-11
1.75	1.43565159765601e-10
1.875	1.43565159765601e-10
1.875	2.67489734035735e-10
2	2.67489734035735e-10
2	4.95126902523056e-10
2.125	4.95126902523056e-10
2.125	9.08828567646221e-10
2.25	9.08828567646221e-10
2.25	1.65212140359672e-09
2.375	1.65212140359672e-09
2.375	2.97306771479419e-09
2.5	2.97306771479419e-09
2.5	5.29415327354407e-09
2.625	5.29415327354407e-09
2.625	9.32459143966348e-09
2.75	9.32459143966348e-09
2.75	1.62365618124079e-08
2.875	1.62365618124079e-08
2.875	2.79360976242038e-08
3	2.79360976242038e-08
3	4.74676216635785e-08
3.125	4.74676216635785e-08
3.125	7.96014108947563e-08
3.25	7.96014108947563e-08
3.25	1.31655672356637e-07
3.375	1.31655672356637e-07
3.375	2.14599157497112e-07
3.5	2.14599157497112e-07
3.5	3.44447082327667e-07
3.625	3.44447082327667e-07
3.625	5.43900689561449e-07
3.75	5.43900689561449e-07
3.75	8.4403570026269e-07
3.875	8.4403570026269e-07
3.875	1.28568082162111e-06
4	1.28568082162111e-06
4	1.91971966334767e-06
4.125	1.91971966334767e-06
4.125	2.8054294659002e-06
4.25	2.8054294659002e-06
4.25	4.00496235832537e-06
4.375	4.00496235832537e-06
4.375	5.57314973785781e-06
4.5	5.57314973785781e-06
4.5	7.53897874746545e-06
4.625	7.53897874746545e-06
4.625	9.88190012441862e-06
4.75	9.88190012441862e-06
4.75	1.24963898827587e-05
4.875	1.24963898827587e-05
4.875	1.51635134207773e-05
5	1.51635134207773e-05
5	1.75151486450926e-05
5.125	1.75151486450926e-05
5.125	1.90452438962157e-05
5.25	1.90452438962157e-05
5.25	1.91310960588282e-05
5.375	1.91310960588282e-05
5.375	1.71629845635965e-05
5.5	1.71629845635965e-05
5.5	1.26970351213788e-05
5.625	1.26970351213788e-05
5.625	5.72114891664351e-06
5.75	5.72114891664351e-06
5.75	3.11518927881713e-06
5.875	3.11518927881713e-06
5.875	1.23345944776564e-05
6	1.23345944776564e-05
6	1.97158965158321e-05
6.125	1.97158965158321e-05
6.125	2.27223101672073e-05
6.25	2.27223101672073e-05
6.25	1.93715122857625e-05
6.375	1.93715122857625e-05
6.375	9.29733304920069e-06
6.5	9.29733304920069e-06
6.5	5.27753779929782e-06
6.625	5.27753779929782e-06
6.625	1.94338582067399e-05
6.75	1.94338582067399e-05
6.75	2.68063562892472e-05
6.875	2.68063562892472e-05
6.875	2.24121163668457e-05
7	2.24121163668457e-05
7	6.05658250108052e-06
7.125	6.05658250108052e-06
7.125	1.54737687022326e-05
7.25	1.54737687022326e-05
7.25	3.00447007698998e-05
7.375	3.00447007698998e-05
7.375	2.65024003218942e-05
7.5	2.65024003218942e-05
7.5	3.58492916887539e-06
7.625	3.58492916887539e-06
7.625	2.51386811181543e-05
7.75	2.51386811181543e-05
7.75	3.70490334589251e-05
7.875	3.70490334589251e-05
7.875	1.82033689974938e-05
8	1.82033689974938e-05
8	1.89794661549119e-05
8.125	1.89794661549119e-05
8.125	3.80463896731164e-05
8.25	3.80463896731164e-05
8.25	1.16031026197596e-05
8.375	1.16031026197596e-05
8.375	3.9319042676257e-05
8.5	3.9319042676257e-05
8.5	5.21578938956374e-05
8.625	5.21578938956374e-05
8.625	8.12590203030748e-09
8.75	8.12590203030748e-09
8.75	4.27895994184522e-05
8.875	4.27895994184522e-05
8.875	1.47617036886605e-05
9	1.47617036886605e-05
9	9.7145085508481e-05
9.125	9.7145085508481e-05
9.125	4.72138823638645e-05
9.25	4.72138823638645e-05
9.25	2.99715741142568e-05
9.375	2.99715741142568e-05
9.375	2.47919988086487e-05
9.5	2.47919988086487e-05
9.5	4.39137059176066e-06
9.625	4.39137059176066e-06
9.625	7.45807435085417e-06
9.75	7.45807435085417e-06
9.75	1.86933728141705e-05
9.875	1.86933728141705e-05
9.875	9.42233274538315e-06
10	9.42233274538315e-06
10	3.13150784552587e-05
10.125	3.13150784552587e-05
10.125	1.20230323975147e-05
10.25	1.20230323975147e-05
10.25	2.14627349701909e-05
10.375	2.14627349701909e-05
10.375	1.01983319040795e-05
10.5	1.01983319040795e-05
10.5	7.18974177765631e-06
10.625	7.18974177765631e-06
10.625	3.56978186647651e-05
10.75	3.56978186647651e-05
10.75	1.7231798902694e-05
10.875	1.7231798902694e-05
10.875	2.29133420476162e-05
11	2.29133420476162e-05
11	1.71801541039371e-05
11.125	1.71801541039371e-05
11.125	1.81763899685094e-05
11.25	1.81763899685094e-05
11.25	4.28647523075146e-05
11.375	4.28647523075146e-05
11.375	8.61291302365781e-06
11.5	8.61291302365781e-06
11.5	1.73428717210924e-06
11.625	1.73428717210924e-06
11.625	4.61189152170078e-05
11.75	4.61189152170078e-05
11.75	2.51349324763157e-05
11.875	2.51349324763157e-05
11.875	1.31026631844009e-05
12	1.31026631844009e-05
12	4.60513848353995e-05
12.125	4.60513848353995e-05
12.125	3.331630785124e-05
12.25	3.331630785124e-05
12.25	1.41630959616625e-05
12.375	1.41630959616625e-05
12.375	5.66562913830345e-05
12.5	5.66562913830345e-05
12.5	3.17334406139501e-05
12.625	3.17334406139501e-05
12.625	1.42560556438604e-05
12.75	1.42560556438604e-05
12.75	7.40137099937248e-05
12.875	7.40137099937248e-05
12.875	2.02752067208509e-05
13	2.02752067208509e-05
13	7.92393408858684e-05
13.125	7.92393408858684e-05
13.125	7.60483932254354e-05
13.25	7.60483932254354e-05
13.25	2.23690871609344e-05
13.375	2.23690871609344e-05
13.375	3.22119544841533e-06
13.5	3.22119544841533e-06
13.5	2.77024089172639e-06
13.625	2.77024089172639e-06
13.625	1.61646909719632e-07
13.75	1.61646909719632e-07
13.75	2.5663197316804e-07
13.875	2.5663197316804e-07
13.875	2.8058761619773e-08
14	2.8058761619773e-08
14	1.97394164382461e-08
14.125	1.97394164382461e-08
14.125	4.84015496423497e-09
14.25	4.84015496423497e-09
14.25	9.09000280555518e-10
14.375	9.09000280555518e-10
14.375	5.57364524956126e-10
14.5	5.57364524956126e-10
14.5	3.62584036936786e-11
14.625	3.62584036936786e-11
14.625	3.68297984705303e-11
14.75	3.68297984705303e-11
14.75	1.14308562619763e-11
14.875	1.14308562619763e-11
14.875	6.8093678846652e-14
15	6.8093678846652e-14
15	9.14823772327267e-13
15.125	9.14823772327267e-13
15.125	2.36847578596064e-13
15.25	2.36847578596064e-13
15.25	5.92118946489977e-15
15.375	5.92118946489977e-15
15.375	3.25665420569331e-14
15.5	3.25665420569331e-14
15.5	2.96059473244729e-14
15.625	2.96059473244729e-14
15.625	4.4408920986694e-14
15.75	4.4408920986694e-14
15.75	7.69754630435724e-14
15.875	7.69754630435724e-14
15.875	1.33226762959993e-13
16	1.33226762959993e-13
16	2.19084010200783e-13
16.125	2.19084010200783e-13
16.125	3.55271367893111e-13
16.25	3.55271367893111e-13
16.25	5.62512999163776e-13
16.375	5.62512999163776e-13
16.375	8.82257230267493e-13
16.5	8.82257230267493e-13
16.5	1.35299179272449e-12
16.625	1.35299179272449e-12
16.625	2.04281036538386e-12
16.75	2.04281036538386e-12
16.75	2.98131889556328e-12
16.875	2.98131889556328e-12
16.875	4.25141403578378e-12
17	4.25141403578378e-12
17	5.87678054388079e-12
17.125	5.87678054388079e-12
17.125	7.85445782516211e-12
17.25	7.85445782516211e-12
17.25	1.01015492270572e-11
17.375	1.01015492270572e-11
17.375	1.2422655497309e-11
17.5	1.2422655497309e-11
17.5	1.44832294310593e-11
17.625	1.44832294310593e-11
17.625	1.57799699238657e-11
17.75	1.57799699238657e-11
17.75	1.57177974345109e-11
17.875	1.57177974345109e-11
17.875	1.36542629059344e-11
18	1.36542629059344e-11
18	9.11567118120142e-12
18.125	9.11567118120142e-12
18.125	2.01616501277319e-12
18.25	2.01616501277319e-12
18.25	7.11430914207762e-12
18.375	7.11430914207762e-12
18.375	1.70026955482506e-11
18.5	1.70026955482506e-11
18.5	2.57305288196243e-11
18.625	2.57305288196243e-11
18.625	3.12076290745556e-11
18.75	3.12076290745556e-11
18.75	3.19596201364238e-11
18.875	3.19596201364238e-11
18.875	2.79450536795784e-11
19	2.79450536795784e-11
19	2.09906166527806e-11
19.125	2.09906166527806e-11
19.125	1.44328993206225e-11
19.25	1.44328993206225e-11
19.25	1.16173737300671e-11
19.375	1.16173737300671e-11
19.375	1.3991770705373e-11
19.5	1.3991770705373e-11
19.5	1.99899356334319e-11
19.625	1.99899356334319e-11
19.625	2.5952573424427e-11
19.75	2.5952573424427e-11
19.75	2.90049465934945e-11
19.875	2.90049465934945e-11
19.875	2.95437748349046e-11
20	2.95437748349046e-11
