3	1
640
0	1.19999999999539
0.0625	1.20000000008926
0.0625	1.20000000009329
0.125	1.19999999981055
0.125	1.19999999980792
0.1875	1.19999999994746
0.1875	1.19999999994272
0.25	1.20000000049401
0.25	1.20000000050568
0.3125	1.19999999960647
0.3125	1.19999999960189
0.375	1.19999999945205
0.375	1.19999999943814
0.4375	1.20000000103309
0.4375	1.20000000104942
0.5	1.20000000030168
0.5	1.2000000003117
0.5625	1.19999999825395
0.5625	1.19999999822934
0.625	1.19999999990762
0.625	1.19999999989911
0.6875	1.20000000295761
0.6875	1.20000000298305
0.75	1.20000000193883
0.75	1.20000000195202
0.8125	1.19999999836419
0.8125	1.19999999834959
0.875	1.19999999700456
0.875	1.19999999699099
0.9375	1.19999999829816
0.9375	1.19999999829958
1	1.19999999972295
1	1.19999999972863
1.0625	1.20000000014129
1.0625	1.20000000014311
1.125	1.2000000000605
1.125	1.20000000006
1.1875	1.19999999999305
1.1875	1.19999999999273
1.25	1.19999999999463
1.25	1.19999999999467
1.3125	1.2000000000021
1.3125	1.20000000000214
1.375	1.20000000000214
1.375	1.20000000000213
1.4375	1.20000000000147
1.4375	1.20000000000146
1.5	1.20000000000154
1.5	1.20000000000154
1.5625	1.20000000000163
1.5625	1.20000000000163
1.625	1.20000000000162
1.625	1.20000000000162
1.6875	1.20000000000159
1.6875	1.20000000000159
1.75	1.20000000000156
1.75	1.20000000000156
1.8125	1.20000000000151
1.8125	1.20000000000151
1.875	1.20000000000146
1.875	1.20000000000146
1.9375	1.20000000000138
1.9375	1.20000000000138
2	1.20000000000131
2	1.20000000000131
2.0625	1.20000000000121
2.0625	1.20000000000121
2.125	1.20000000000116
2.125	1.20000000000116
2.1875	1.20000000000101
2.1875	1.20000000000101
2.25	1.20000000000103
2.25	1.20000000000103
2.3125	1.20000000000073
2.3125	1.20000000000073
2.375	1.20000000000101
2.375	1.20000000000103
2.4375	1.2000000000003
2.4375	1.20000000000027
2.5	1.20000000000135
2.5	1.20000000000139
2.5625	1.19999999999931
2.5625	1.19999999999923
2.625	1.20000000000272
2.625	1.20000000000286
2.6875	1.19999999999667
2.6875	1.19999999999643
2.75	1.20000000000702
2.75	1.20000000000743
2.8125	1.19999999998916
2.8125	1.19999999998846
2.875	1.20000000001955
2.875	1.20000000002075
2.9375	1.19999999996801
2.9375	1.19999999996599
3	1.20000000005479
3	1.20000000005816
3.0625	1.19999999990966
3.0625	1.19999999990406
3.125	1.2000000001507
3.125	1.20000000015992
3.1875	1.19999999975325
3.1875	1.19999999973817
3.25	1.20000000040383
3.25	1.20000000042831
3.3125	1.19999999934699
3.3125	1.19999999930757
3.375	1.20000000105047
3.375	1.20000000111346
3.4375	1.19999999832677
3.4375	1.19999999822694
3.5	1.20000000264571
3.5	1.2000000028026
3.5625	1.19999999585579
3.5625	1.1999999956114
3.625	1.20000000643615
3.625	1.20000000681342
3.6875	1.19999999010012
3.6875	1.1999999895232
3.75	1.20000001508388
3.75	1.20000001595757
3.8125	1.19999997725043
3.8125	1.19999997594064
3.875	1.20000003395678
3.875	1.20000003589976
3.9375	1.19999994986772
3.9375	1.19999994701694
4	1.20000007317761
4	1.20000007731264
4.0625	1.19999989445247
4.0625	1.19999988852621
4.125	1.20000015034606
4.125	1.20000015873317
4.1875	1.19999978864544
4.1875	1.19999977693188
4.25	1.20000029302148
4.25	1.20000030915357
4.3125	1.1999995996965
4.3125	1.19999957780583
4.375	1.20000053836785
4.375	1.20000056760823
4.4375	1.19999928797528
4.4375	1.19999924956976
4.5	1.20000092489949
4.5	1.20000097443765
4.5625	1.19999882176993
4.5625	1.19999875911154
4.625	1.20000146936772
4.625	1.20000154694413
4.6875	1.19999821002744
4.6875	1.19999811621766
4.75	1.20000212418236
4.75	1.20000223467506
4.8125	1.19999755302409
4.8125	1.19999742670871
4.875	1.20000272334683
4.875	1.20000286283477
4.9375	1.19999709122093
4.9375	1.19999694341966
5	1.20000295192338
5	1.20000310068634
5.0625	1.1999972000615
5.0625	1.19999706015849
5.125	1.20000240712219
5.125	1.20000252630642
5.1875	1.19999825360232
5.1875	1.19999816802317
5.25	1.20000082283593
5.25	1.2000008625116
5.3125	1.20000031329993
5.3125	1.20000032904227
5.375	1.19999844274922
5.375	1.19999836739766
5.4375	1.2000027488985
5.4375	1.20000288025863
5.5	1.19999631524802
5.5	1.19999614104062
5.5625	1.2000041464341
5.5625	1.20000434041623
5.625	1.19999605437067
5.625	1.19999587178895
5.6875	1.20000298106526
5.6875	1.20000311730313
5.75	1.19999870424873
5.75	1.19999864626906
5.8125	1.19999911746773
5.8125	1.19999907657345
5.875	1.20000313899344
5.875	1.20000328011408
5.9375	1.19999507420515
5.9375	1.19999485588156
6	1.20000568016943
6	1.20000592866678
6.0625	1.19999500670205
6.0625	1.19999479125848
6.125	1.20000279183484
6.125	1.20000290998843
6.1875	1.20000053173452
6.1875	1.20000055612145
6.25	1.19999588849511
6.25	1.19999571441784
6.3125	1.2000067795732
6.3125	1.20000706156473
6.375	1.19999258128347
6.375	1.19999227755958
6.4375	1.20000542037494
6.4375	1.20000563819875
6.5	1.19999891512933
6.5	1.19999887444095
6.5625	1.19999575755269
6.5625	1.19999558703369
6.625	1.20000847152628
6.625	1.20000880389528
6.6875	1.19999047434491
6.6875	1.19999010771417
6.75	1.20000634952678
6.75	1.20000658817407
6.8125	1.20000027414081
6.8125	1.20000028869007
6.875	1.19999238076869
6.875	1.19999209508038
6.9375	1.20001195723575
6.9375	1.20001239447415
7	1.19998961770386
7	1.19998924727223
7.0625	1.20000274188257
7.0625	1.20000283315965
7.125	1.20000751564567
7.125	1.20000778351381
7.1875	1.19998546686925
7.1875	1.19998496611309
7.25	1.20001323338624
7.25	1.20001367610509
7.3125	1.1999970061657
7.3125	1.19999691525563
7.375	1.19998931033681
7.375	1.19998895407892
7.4375	1.20001856917543
7.4375	1.20001916454886
7.5	1.19998632360257
7.5	1.19998590218042
7.5625	1.19999748828094
7.5625	1.19999739808921
7.625	1.20001894792641
7.625	1.20001952741769
7.6875	1.19997819601651
7.6875	1.19997755708442
7.75	1.20000601497677
7.75	1.20000617267676
7.8125	1.20001753760005
7.8125	1.20001804609322
7.875	1.19997207984152
7.875	1.19997131499517
7.9375	1.20001222715175
7.9375	1.20001253156826
8	1.20001857282531
8	1.20001908324824
8.0625	1.19996560365468
8.0625	1.19996472822776
8.125	1.20001435727268
8.125	1.20001468599591
8.1875	1.20002562522076
8.1875	1.20002625743637
8.25	1.19995928039589
8.25	1.19995836476593
8.3125	1.20000570118695
8.3125	1.20000576133101
8.375	1.20004424898156
8.375	1.20004524636489
8.4375	1.19995768958042
8.4375	1.19995683712027
8.5	1.19997825607135
8.5	1.19997779374137
8.5625	1.20006393895895
8.5625	1.20006507069086
8.625	1.199992534181
8.625	1.19999257484607
8.6875	1.19992054988628
8.6875	1.19991912107651
8.75	1.20004479498564
8.75	1.20004540967528
8.8125	1.20008666119871
8.8125	1.20008792583903
8.875	1.19992891014024
8.875	1.19992833212787
8.9375	1.19987407801417
8.9375	1.19987229381104
9	1.20009582895668
9	1.20009644701728
9.0625	1.20020316138656
9.0625	1.20020565672983
9.125	1.19980925423761
9.125	1.19981164791067
9.1875	1.19890805114623
9.1875	1.19890893343001
9.25	1.19777372114491
9.25	1.19777360954038
9.3125	1.19662467915726
9.3125	1.19662449021093
9.375	1.19551931727326
9.375	1.19551897344519
9.4375	1.1944715735569
9.4375	1.19447158399227
9.5	1.19344617623418
9.5	1.19344584781416
9.5625	1.19246886457445
9.5625	1.19246884793412
9.625	1.19151493695035
9.625	1.1915146836039
9.6875	1.19060389586688
9.6875	1.19060374037358
9.75	1.18972808400856
9.75	1.18972800480419
9.8125	1.18888101415744
9.8125	1.18888068202984
9.875	1.18808393290886
9.875	1.18808398825815
9.9375	1.1873046894501
9.9375	1.18730430364053
10	1.18658009737356
10	1.18658009421073
10.0625	1.1858784862172
10.0625	1.18587826992939
10.125	1.1852174953957
10.125	1.18521724059361
10.1875	1.18460093422499
10.1875	1.18460098296509
10.25	1.18400278284301
10.25	1.18400233019337
10.3125	1.18346608040731
10.3125	1.183466177935
10.375	1.18294390429366
10.375	1.18294358848624
10.4375	1.18247156278399
10.4375	1.18247135581245
10.5	1.18204034630742
10.5	1.18204040623456
10.5625	1.18162651958636
10.5625	1.18162600165652
10.625	1.18128117338171
10.625	1.18128133492324
10.6875	1.18094460736751
10.6875	1.18094426776216
10.75	1.18066084142218
10.75	1.18066057937094
10.8125	1.18042388916782
10.8125	1.18042404997019
10.875	1.18019509263396
10.875	1.18019448153419
10.9375	1.1800447358351
10.9375	1.18004489026733
11	1.17990350185133
11	1.17990329454184
11.0625	1.17980378489008
11.0625	1.17980329669859
11.125	1.17977276871469
11.125	1.17977310701542
11.1875	1.17973282398859
11.1875	1.1797322153595
11.25	1.17977287581843
11.25	1.17977277101725
11.3125	1.17984633102548
11.3125	1.17984652146685
11.375	1.17992366672618
11.375	1.17992287463481
11.4375	1.18010067032708
11.4375	1.18010094846194
11.5	1.18027349411674
11.5	1.18027335103864
11.5625	1.18048225045008
11.5625	1.18048150965701
11.625	1.18078810311034
11.625	1.18078862195975
11.6875	1.18106393203186
11.6875	1.18106344711032
11.75	1.18141083066139
11.75	1.18141025407602
11.8125	1.18184033480231
11.8125	1.18184096571954
11.875	1.18222542461762
11.875	1.18222468074849
11.9375	1.18271061109894
11.9375	1.18271017478573
12	1.18326531217718
12	1.18326601803946
12.0625	1.18376390079354
12.0625	1.18376300125949
12.125	1.18438269923231
12.125	1.1843822684763
12.1875	1.18507188321791
12.1875	1.18507271510322
12.25	1.18568603608698
12.25	1.18568511770874
12.3125	1.18642672734135
12.3125	1.18642606229895
12.375	1.1872671434889
12.375	1.18726815400021
12.4375	1.18800465261844
12.4375	1.18800400803479
12.5	1.18884012862721
12.5	1.18883892020155
12.5625	1.18984730755443
12.5625	1.18984828279328
12.625	1.19074635974344
12.625	1.19074658964931
12.6875	1.19163204073949
12.6875	1.1916302997882
12.75	1.19277224351954
12.75	1.19277219050962
12.8125	1.19393465847089
12.8125	1.19393615921191
12.875	1.19489289857954
12.875	1.19489221747877
12.9375	1.19597143995643
12.9375	1.1959692497655
13	1.19740687820227
13	1.19740697040264
13.0625	1.19881409097063
13.0625	1.19881680794362
13.125	1.19969638209111
13.125	1.19969905084755
13.1875	1.20001051253365
13.1875	1.20001164044169
13.25	1.20003648798546
13.25	1.20003656812678
13.3125	1.20000821048011
13.3125	1.20000808292144
13.375	1.19999792943976
13.375	1.1999978890932
13.4375	1.19999888953047
13.4375	1.19999889745945
13.5	1.20000008067255
13.5	1.20000008613978
13.5625	1.2000001089938
13.5625	1.20000010858463
13.625	1.19999999654727
13.625	1.19999999596654
13.6875	1.19999999017777
13.6875	1.19999999021177
13.75	1.20000000045718
13.75	1.20000000051315
13.8125	1.20000000081044
13.8125	1.20000000080494
13.875	1.19999999988551
13.875	1.19999999988063
13.9375	1.19999999991534
13.9375	1.19999999991625
14	1.19999999999276
14	1.19999999999311
14.0625	1.19999999998266
14.0625	1.19999999998254
14.125	1.19999999997759
14.125	1.19999999997757
14.1875	1.19999999997936
14.1875	1.19999999997937
14.25	1.19999999997976
14.25	1.19999999997976
14.3125	1.19999999997978
14.3125	1.19999999997978
14.375	1.19999999997999
14.375	1.19999999997999
14.4375	1.19999999998016
14.4375	1.19999999998016
14.5	1.19999999998028
14.5	1.19999999998028
14.5625	1.19999999998042
14.5625	1.19999999998042
14.625	1.19999999998055
14.625	1.19999999998055
14.6875	1.19999999998069
14.6875	1.19999999998069
14.75	1.19999999998082
14.75	1.19999999998082
14.8125	1.19999999998094
14.8125	1.19999999998094
14.875	1.19999999998107
14.875	1.19999999998107
14.9375	1.19999999998119
14.9375	1.19999999998119
15	1.1999999999813
15	1.1999999999813
15.0625	1.19999999998141
15.0625	1.19999999998141
15.125	1.19999999998153
15.125	1.19999999998153
15.1875	1.19999999998164
15.1875	1.19999999998164
15.25	1.19999999998175
15.25	1.19999999998175
15.3125	1.19999999998184
15.3125	1.19999999998184
15.375	1.19999999998195
15.375	1.19999999998195
15.4375	1.19999999998203
15.4375	1.19999999998203
15.5	1.19999999998212
15.5	1.19999999998212
15.5625	1.1999999999822
15.5625	1.1999999999822
15.625	1.1999999999823
15.625	1.1999999999823
15.6875	1.19999999998236
15.6875	1.19999999998236
15.75	1.19999999998247
15.75	1.19999999998247
15.8125	1.1999999999825
15.8125	1.1999999999825
15.875	1.19999999998263
15.875	1.19999999998263
15.9375	1.19999999998261
15.9375	1.19999999998261
16	1.19999999998283
16	1.19999999998284
16.0625	1.19999999998266
16.0625	1.19999999998265
16.125	1.19999999998314
16.125	1.19999999998316
16.1875	1.1999999999825
16.1875	1.19999999998247
16.25	1.19999999998372
16.25	1.19999999998376
16.3125	1.19999999998194
16.3125	1.19999999998187
16.375	1.1999999999849
16.375	1.199999999985
16.4375	1.19999999998044
16.4375	1.19999999998028
16.5	1.19999999998744
16.5	1.19999999998768
16.5625	1.19999999997696
16.5625	1.1999999999766
16.625	1.19999999999283
16.625	1.19999999999337
16.6875	1.19999999996945
16.6875	1.19999999996866
16.75	1.20000000000377
16.75	1.20000000000491
16.8125	1.19999999995444
16.8125	1.19999999995282
16.875	1.20000000002462
16.875	1.20000000002689
16.9375	1.19999999992667
16.9375	1.19999999992354
17	1.20000000006138
17	1.20000000006562
17.0625	1.19999999987971
17.0625	1.19999999987409
17.125	1.20000000012027
17.125	1.20000000012758
17.1875	1.19999999980866
17.1875	1.19999999979935
17.25	1.20000000020337
17.25	1.20000000021493
17.3125	1.19999999971618
17.3125	1.1999999997022
17.375	1.20000000030091
17.375	1.20000000031732
17.4375	1.19999999962163
17.4375	1.19999999960302
17.5	1.20000000038196
17.5	1.2000000004022
17.5625	1.19999999956841
17.5625	1.19999999954745
17.625	1.20000000039174
17.625	1.2000000004121
17.6875	1.19999999961849
17.6875	1.19999999960039
17.75	1.20000000026915
17.75	1.20000000028312
17.8125	1.19999999981991
17.8125	1.19999999981192
17.875	1.19999999999473
17.875	1.19999999999524
17.9375	1.20000000014686
17.9375	1.20000000015459
18	1.19999999965345
18	1.19999999963785
18.0625	1.20000000044967
18.0625	1.20000000047141
18.125	1.19999999945103
18.125	1.19999999942632
18.1875	1.20000000049423
18.1875	1.20000000051767
18.25	1.19999999960222
18.25	1.19999999958471
18.3125	1.20000000014748
18.3125	1.20000000015506
18.375	1.20000000009508
18.375	1.20000000009961
18.4375	1.19999999960965
18.4375	1.19999999959358
18.5	1.20000000054193
18.5	1.20000000056581
18.5625	1.1999999993919
18.5625	1.19999999936656
18.625	1.20000000043767
18.625	1.20000000045711
18.6875	1.19999999982206
18.6875	1.19999999981466
18.75	1.19999999979191
18.75	1.19999999978476
18.8125	1.2000000004754
18.8125	1.20000000049461
18.875	1.19999999937553
18.875	1.19999999935146
18.9375	1.20000000047139
18.9375	1.20000000049085
19	1.19999999982871
19	1.19999999982178
19.0625	1.19999999973973
19.0625	1.19999999973146
19.125	1.20000000051688
19.125	1.20000000053607
19.1875	1.19999999942979
19.1875	1.19999999940925
19.25	1.20000000028014
19.25	1.20000000029183
19.3125	1.20000000009735
19.3125	1.20000000009981
19.375	1.19999999955311
19.375	1.1999999995392
19.4375	1.20000000046037
19.4375	1.20000000047656
19.5	1.19999999976685
19.5	1.19999999975823
19.5625	1.19999999983917
19.5625	1.19999999983608
19.625	1.20000000035392
19.625	1.20000000036475
19.6875	1.19999999969471
19.6875	1.1999999996846
19.75	1.20000000002331
19.75	1.20000000002659
19.8125	1.20000000015612
19.8125	1.20000000015921
19.875	1.19999999984257
19.875	1.19999999983797
19.9375	1.2000000000107
19.9375	1.20000000001346
20	1.20000000000256
0	0.396166666672568
0.0625	0.396166666651597
0.0625	0.396166666650117
0.125	0.396166666716706
0.125	0.396166666717386
0.1875	0.396166666684466
0.1875	0.396166666685578
0.25	0.396166666555466
0.25	0.39616666655271
0.3125	0.396166666764921
0.3125	0.396166666766001
0.375	0.396166666801356
0.375	0.396166666804641
0.4375	0.396166666428224
0.4375	0.39616666642437
0.5	0.396166666600833
0.5	0.396166666598468
0.5625	0.396166667084091
0.5625	0.396166667089899
0.625	0.396166666693819
0.625	0.396166666695828
0.6875	0.396166665974013
0.6875	0.396166665968009
0.75	0.396166666214443
0.75	0.396166666211329
0.8125	0.396166667058057
0.8125	0.396166667061503
0.875	0.396166667378924
0.875	0.396166667382126
0.9375	0.396166667073628
0.9375	0.396166667073292
1	0.396166666737371
1	0.396166666736031
1.0625	0.396166666638636
1.0625	0.396166666638206
1.125	0.396166666657697
1.125	0.396166666657814
1.1875	0.396166666673609
1.1875	0.396166666673685
1.25	0.396166666673233
1.25	0.396166666673224
1.3125	0.396166666671468
1.3125	0.396166666671458
1.375	0.396166666671452
1.375	0.396166666671453
1.4375	0.396166666671605
1.4375	0.396166666671606
1.5	0.396166666671583
1.5	0.396166666671582
1.5625	0.396166666671558
1.5625	0.396166666671558
1.625	0.396166666671555
1.625	0.396166666671555
1.6875	0.396166666671556
1.6875	0.396166666671556
1.75	0.396166666671558
1.75	0.396166666671558
1.8125	0.396166666671561
1.8125	0.396166666671561
1.875	0.396166666671569
1.875	0.39616666667157
1.9375	0.396166666671583
1.9375	0.396166666671583
2	0.396166666671594
2	0.396166666671594
2.0625	0.396166666671613
2.0625	0.396166666671613
2.125	0.396166666671623
2.125	0.396166666671623
2.1875	0.396166666671653
2.1875	0.396166666671654
2.25	0.396166666671646
2.25	0.396166666671645
2.3125	0.39616666667171
2.3125	0.396166666671711
2.375	0.396166666671639
2.375	0.396166666671635
2.4375	0.396166666671799
2.4375	0.396166666671805
2.5	0.396166666671546
2.5	0.396166666671535
2.5625	0.396166666672021
2.5625	0.39616666667204
2.625	0.396166666671211
2.625	0.396166666671178
2.6875	0.396166666672634
2.6875	0.396166666672691
2.75	0.396166666670188
2.75	0.39616666667009
2.8125	0.396166666674398
2.8125	0.396166666674565
2.875	0.396166666667222
2.875	0.396166666666939
2.9375	0.396166666679383
2.9375	0.396166666679859
3	0.3961666666589
3	0.396166666658104
3.0625	0.396166666693148
3.0625	0.396166666694468
3.125	0.396166666636255
3.125	0.396166666634079
3.1875	0.396166666730051
3.1875	0.396166666733609
3.25	0.396166666576505
3.25	0.396166666570729
3.3125	0.396166666825915
3.3125	0.396166666835218
3.375	0.396166666423888
3.375	0.396166666409022
3.4375	0.396166667066679
3.4375	0.39616666709024
3.5	0.396166666047403
3.5	0.396166666010378
3.5625	0.396166667649826
3.5625	0.396166667707503
3.625	0.39616666515285
3.625	0.396166665063816
3.6875	0.396166669008161
3.6875	0.396166669144315
3.75	0.396166663111969
3.75	0.396166662905776
3.8125	0.396166672040686
3.8125	0.396166672349798
3.875	0.396166658657945
3.875	0.396166658199402
3.9375	0.39616667850302
3.9375	0.396166679175805
4	0.396166649401791
4	0.39616664842592
4.0625	0.396166691581049
4.0625	0.39616669297965
4.125	0.396166631189976
4.125	0.396166629210612
4.1875	0.396166716551577
4.1875	0.396166719315983
4.25	0.396166597518471
4.25	0.396166593711284
4.3125	0.396166761143658
4.3125	0.396166766309866
4.375	0.396166539616552
4.375	0.396166532715792
4.4375	0.396166834710095
4.4375	0.396166843773808
4.5	0.396166448394832
4.5	0.396166436703763
4.5625	0.396166944734926
4.5625	0.396166959522311
4.625	0.396166319899997
4.625	0.396166301591852
4.6875	0.396167089106666
4.6875	0.39616711124577
4.75	0.396166165363371
4.75	0.396166139286931
4.8125	0.39616724416003
4.8125	0.396167273970461
4.875	0.396166023960226
4.875	0.396165991040902
4.9375	0.396167353145968
4.9375	0.396167388027139
5	0.396165970015996
5	0.396165934907858
5.0625	0.396167327459425
5.0625	0.396167360476731
5.125	0.396166098589285
5.125	0.396166070461874
5.1875	0.396167078822815
5.1875	0.396167099019713
5.25	0.396166472481787
5.25	0.396166463118385
5.3125	0.396166592732685
5.3125	0.396166589017417
5.375	0.396167034184152
5.375	0.396167051966933
5.4375	0.396166017930111
5.4375	0.396165986928682
5.5	0.396167536276421
5.5	0.396167577389206
5.5625	0.396165688110964
5.5625	0.396165642331015
5.625	0.396167597843469
5.625	0.396167640933178
5.6875	0.396165963138247
5.6875	0.396165930986461
5.75	0.396166972469761
5.75	0.396166986153242
5.8125	0.396166874949982
5.8125	0.396166884600764
5.875	0.396165925867672
5.875	0.396165892562335
5.9375	0.396167829164056
5.9375	0.396167880687902
6	0.39616532614895
6	0.396165267503465
6.0625	0.396167845094123
6.0625	0.39616789593982
6.125	0.396166007796455
6.125	0.396165979912912
6.1875	0.396166541181913
6.1875	0.396166535426205
6.25	0.396167636991054
6.25	0.39616767807188
6.3125	0.396165066690093
6.3125	0.396165000138747
6.375	0.396168417496098
6.375	0.3961684891759
6.4375	0.396165387459519
6.4375	0.396165336054824
6.5	0.396166922701425
6.5	0.396166932304177
6.5625	0.396167667893919
6.5625	0.396167708134036
6.625	0.396164667389773
6.625	0.396164588948166
6.6875	0.39616891473653
6.6875	0.396169001263101
6.75	0.396165168178683
6.75	0.396165111861002
6.8125	0.396166601973859
6.8125	0.396166598539373
6.875	0.396168464820478
6.875	0.396168532238093
6.9375	0.396163844763094
6.9375	0.39616374157333
7	0.396169116903206
7	0.396169204330681
7.0625	0.396166019583672
7.0625	0.396165998043864
7.125	0.396164892979532
7.125	0.396164829754874
7.1875	0.396170096513437
7.1875	0.396170214688723
7.25	0.396163543587314
7.25	0.396163439113804
7.3125	0.396167373215838
7.3125	0.39616739467274
7.375	0.396169189450807
7.375	0.396169273515083
7.4375	0.396162284352394
7.4375	0.396162143842617
7.5	0.396169894312159
7.5	0.396169993782514
7.5625	0.39616725943917
7.5625	0.396167280717268
7.625	0.396162194975909
7.625	0.39616205819775
7.6875	0.396171812445427
7.6875	0.396171963249902
7.75	0.396165247124811
7.75	0.396165209915212
7.8125	0.396162527815995
7.8125	0.396162407780242
7.875	0.396173255889912
7.875	0.396173436405166
7.9375	0.396163781043634
7.9375	0.396163709223631
8	0.396162283509272
8	0.396162163003542
8.0625	0.396174784301588
8.0625	0.396174990915341
8.125	0.396163278326329
8.125	0.396163200779798
8.1875	0.396160619170675
8.1875	0.396160469897886
8.25	0.396176276613192
8.25	0.396176492745291
8.3125	0.396165321158519
8.3125	0.396165306968078
8.375	0.396156224056598
8.375	0.396155988582021
8.4375	0.39617665200394
8.4375	0.396176853302736
8.5	0.396171798309712
8.5	0.396171907300283
8.5625	0.396151577308914
8.5625	0.396151310267421
8.625	0.396168428534571
8.625	0.396168418926149
8.6875	0.396185417509145
8.6875	0.39618575455767
8.75	0.396156094945164
8.75	0.396155950097062
8.8125	0.396146215327307
8.8125	0.396145916498759
8.875	0.396183443973007
8.875	0.396183580741172
8.9375	0.396196385951328
8.9375	0.396196806289921
9	0.396144050977665
9	0.396143905704181
9.0625	0.396118724524714
9.0625	0.39611813308656
9.125	0.39621168380666
9.125	0.396211108437737
9.1875	0.39642447216408
9.1875	0.39642425669776
9.25	0.396692543425449
9.25	0.396692568880912
9.3125	0.396964361333847
9.3125	0.396964406468993
9.375	0.397226097006242
9.375	0.397226179196213
9.4375	0.39747441552865
9.4375	0.397474412664197
9.5	0.397717649259077
9.5	0.39771772775417
9.5625	0.397949673768672
9.5625	0.397949677461294
9.625	0.398176330209227
9.625	0.398176390854568
9.6875	0.398392967781568
9.6875	0.398393004917055
9.75	0.39860138474564
9.75	0.398601403640713
9.8125	0.398803108228332
9.8125	0.39880318794795
9.875	0.398993059501444
9.875	0.398993046082035
9.9375	0.399178882170452
9.9375	0.399178974941594
10	0.399351782973617
10	0.399351783658809
10.0625	0.399519299655103
10.0625	0.399519351728181
10.125	0.399677208920673
10.125	0.399677270232303
10.1875	0.399824583262579
10.1875	0.399824571560209
10.25	0.39996762965114
10.25	0.399967738688352
10.3125	0.400096042935284
10.3125	0.400096019479374
10.375	0.400221035154153
10.375	0.400221111306005
10.4375	0.400334146625794
10.4375	0.400334196506122
10.5	0.40043744888086
10.5	0.400437434551838
10.5625	0.400536620102894
10.5625	0.400536744894662
10.625	0.400619407530346
10.625	0.400619368710307
10.6875	0.40070011234747
10.6875	0.400700194218408
10.75	0.400768174631066
10.75	0.400768237748995
10.8125	0.400825020786838
10.8125	0.400824982190503
10.875	0.400879920738118
10.875	0.400880067806998
10.9375	0.400916005272652
10.9375	0.400915968182309
11	0.400949904020902
11	0.400949953927022
11.0625	0.400973840541859
11.0625	0.400973957847554
11.125	0.400981286301441
11.125	0.400981205065071
11.1875	0.400990875528979
11.1875	0.400991021638239
11.25	0.400981260565831
11.25	0.400981285663073
11.3125	0.400963627454982
11.3125	0.400963581723654
11.375	0.400945064072163
11.375	0.400945253786475
11.4375	0.400902580825094
11.4375	0.40090251411083
11.5	0.400861107430713
11.5	0.400861141492117
11.5625	0.400811018787587
11.5625	0.400811195713132
11.625	0.400737648354166
11.625	0.400737524167488
11.6875	0.400671497671435
11.6875	0.400671613119335
11.75	0.40058832304108
11.75	0.400588460236472
11.8125	0.400485375955171
11.8125	0.400485225237456
11.875	0.400393107833528
11.875	0.40039328442151
11.9375	0.40027689618666
11.9375	0.400276999499223
12	0.400144093302871
12	0.40014392506591
12.0625	0.400024779612838
12.0625	0.400024992331846
12.125	0.399876764767744
12.125	0.399876866264864
12.1875	0.399712006085361
12.1875	0.399711808457621
12.25	0.399565268323143
12.25	0.399565484406206
12.3125	0.399388392203074
12.3125	0.399388548368198
12.375	0.399187836734976
12.375	0.39918759778718
12.4375	0.399011961245694
12.4375	0.399012111581838
12.5	0.398812848400493
12.5	0.398813131063656
12.5625	0.398572999477953
12.5625	0.398572770211939
12.625	0.398359081057503
12.625	0.398359025437966
12.6875	0.398148498310695
12.6875	0.398148903270045
12.75	0.397877621553156
12.75	0.397877633259998
12.8125	0.397601745812325
12.8125	0.397601395316296
12.875	0.397374538208729
12.875	0.39737469394373
12.9375	0.397119011704079
12.9375	0.397119515789441
13	0.396779281688498
13	0.396779261296961
13.0625	0.396446650439993
13.0625	0.396446025575377
13.125	0.396238319360224
13.125	0.396237697341164
13.1875	0.396164185090875
13.1875	0.396163919453669
13.25	0.396158055666243
13.25	0.396158036693167
13.3125	0.396164728977102
13.3125	0.396164759097368
13.375	0.39616715532423
13.375	0.396167164845762
13.4375	0.396166928741455
13.4375	0.396166926870238
13.5	0.396166647630995
13.5	0.39616664634074
13.5625	0.396166640947185
13.5625	0.396166641043747
13.625	0.396166667484646
13.625	0.396166667621698
13.6875	0.396166668987851
13.6875	0.396166668979827
13.75	0.396166666561906
13.75	0.396166666548697
13.8125	0.396166666478539
13.8125	0.396166666479838
13.875	0.396166666696825
13.875	0.396166666697975
13.9375	0.396166666689782
13.9375	0.396166666689568
14	0.396166666671515
14	0.396166666671433
14.0625	0.396166666673902
14.0625	0.39616666667393
14.125	0.396166666675098
14.125	0.396166666675102
14.1875	0.396166666674682
14.1875	0.396166666674679
14.25	0.396166666674589
14.25	0.396166666674589
14.3125	0.396166666674585
14.3125	0.396166666674586
14.375	0.39616666667454
14.375	0.39616666667454
14.4375	0.396166666674504
14.4375	0.396166666674504
14.5	0.396166666674475
14.5	0.396166666674475
14.5625	0.396166666674442
14.5625	0.396166666674442
14.625	0.39616666667441
14.625	0.39616666667441
14.6875	0.396166666674379
14.6875	0.396166666674379
14.75	0.396166666674349
14.75	0.396166666674349
14.8125	0.396166666674319
14.8125	0.396166666674319
14.875	0.39616666667429
14.875	0.39616666667429
14.9375	0.396166666674263
14.9375	0.396166666674263
15	0.396166666674239
15	0.396166666674239
15.0625	0.396166666674213
15.0625	0.396166666674213
15.125	0.396166666674187
15.125	0.396166666674187
15.1875	0.396166666674162
15.1875	0.396166666674162
15.25	0.396166666674141
15.25	0.396166666674141
15.3125	0.39616666667412
15.3125	0.396166666674121
15.375	0.396166666674099
15.375	0.396166666674099
15.4375	0.396166666674084
15.4375	0.396166666674084
15.5	0.396166666674065
15.5	0.396166666674065
15.5625	0.396166666674047
15.5625	0.396166666674047
15.625	0.396166666674028
15.625	0.396166666674027
15.6875	0.396166666674017
15.6875	0.396166666674017
15.75	0.396166666673996
15.75	0.396166666673996
15.8125	0.396166666673992
15.8125	0.396166666673992
15.875	0.39616666667396
15.875	0.39616666667396
15.9375	0.396166666673969
15.9375	0.39616666667397
16	0.396166666673918
16	0.396166666673916
16.0625	0.39616666667396
16.0625	0.396166666673962
16.125	0.396166666673848
16.125	0.396166666673845
16.1875	0.396166666674
16.1875	0.396166666674006
16.25	0.396166666673714
16.25	0.396166666673704
16.3125	0.396166666674137
16.3125	0.396166666674153
16.375	0.396166666673441
16.375	0.396166666673416
16.4375	0.396166666674495
16.4375	0.396166666674533
16.5	0.396166666672847
16.5	0.396166666672789
16.5625	0.396166666675319
16.5625	0.396166666675406
16.625	0.396166666671576
16.625	0.396166666671449
16.6875	0.396166666677096
16.6875	0.396166666677282
16.75	0.396166666669001
16.75	0.396166666668732
16.8125	0.396166666680642
16.8125	0.396166666681025
16.875	0.396166666664081
16.875	0.396166666663545
16.9375	0.396166666687201
16.9375	0.39616666668794
17	0.396166666655412
17	0.396166666654413
17.0625	0.396166666698288
17.0625	0.396166666699614
17.125	0.396166666641515
17.125	0.396166666639788
17.1875	0.396166666715056
17.1875	0.396166666717253
17.25	0.396166666621907
17.25	0.396166666619178
17.3125	0.396166666736884
17.3125	0.396166666740185
17.375	0.39616666659889
17.375	0.396166666595016
17.4375	0.396166666759204
17.4375	0.396166666763594
17.5	0.396166666579768
17.5	0.396166666574991
17.5625	0.39616666677177
17.5625	0.396166666776716
17.625	0.396166666577463
17.625	0.396166666572658
17.6875	0.396166666759956
17.6875	0.396166666764228
17.75	0.396166666606402
17.75	0.396166666603105
17.8125	0.396166666712426
17.8125	0.396166666714311
17.875	0.396166666671169
17.875	0.396166666671049
17.9375	0.396166666635269
17.9375	0.396166666633445
18	0.396166666751716
18	0.3961666667554
18.0625	0.396166666563808
18.0625	0.396166666558677
18.125	0.396166666799487
18.125	0.39616666680532
18.1875	0.396166666553292
18.1875	0.39616666654776
18.25	0.396166666763806
18.25	0.39616666676794
18.3125	0.39616666663513
18.3125	0.396166666633339
18.375	0.396166666647499
18.375	0.39616666664643
18.4375	0.396166666762066
18.4375	0.396166666765859
18.5	0.396166666542047
18.5	0.396166666536412
18.5625	0.396166666813456
18.5625	0.396166666819437
18.625	0.396166666566655
18.625	0.396166666562069
18.6875	0.396166666711942
18.6875	0.396166666713689
18.75	0.396166666719057
18.75	0.396166666720745
18.8125	0.396166666557755
18.8125	0.396166666553224
18.875	0.396166666817329
18.875	0.396166666823009
18.9375	0.396166666558706
18.9375	0.396166666554112
19	0.39616666671038
19	0.396166666712015
19.0625	0.396166666731383
19.0625	0.396166666733336
19.125	0.396166666547981
19.125	0.396166666543451
19.1875	0.396166666804535
19.1875	0.396166666809384
19.25	0.396166666603853
19.25	0.396166666601092
19.3125	0.396166666646991
19.3125	0.39616666664641
19.375	0.396166666775436
19.375	0.396166666778718
19.4375	0.396166666561323
19.4375	0.396166666557503
19.5	0.396166666724997
19.5	0.396166666727031
19.5625	0.396166666707931
19.5625	0.396166666708661
19.625	0.396166666586453
19.625	0.396166666583895
19.6875	0.396166666742028
19.6875	0.396166666744414
19.75	0.39616666666448
19.75	0.396166666663707
19.8125	0.396166666633139
19.8125	0.396166666632411
19.875	0.39616666670714
19.875	0.396166666708226
19.9375	0.396166666667465
19.9375	0.396166666666735
20	0.396166666669462
0	-0.199999999997726
0.0625	-0.200000000090616
0.0625	-0.200000000094331
0.125	-0.199999999816149
0.125	-0.199999999813586
0.1875	-0.199999999950845
0.1875	-0.199999999946181
0.25	-0.200000000488457
0.25	-0.200000000499942
0.3125	-0.19999999961542
0.3125	-0.199999999610919
0.375	-0.199999999463529
0.375	-0.199999999449838
0.4375	-0.200000001018722
0.4375	-0.200000001034786
0.5	-0.20000000029926
0.5	-0.200000000309117
0.5625	-0.199999998285001
0.5625	-0.19999999826079
0.625	-0.199999999911641
0.625	-0.199999999903266
0.6875	-0.200000002911782
0.6875	-0.200000002936804
0.75	-0.200000001909645
0.75	-0.200000001922624
0.8125	-0.199999998393426
0.8125	-0.199999998379064
0.875	-0.199999997056019
0.875	-0.199999997042672
0.9375	-0.199999998328471
0.9375	-0.199999998329872
1	-0.199999999729969
1	-0.199999999735554
1.0625	-0.20000000014147
1.0625	-0.200000000143263
1.125	-0.200000000061996
1.125	-0.20000000006151
1.1875	-0.199999999995652
1.1875	-0.199999999995335
1.25	-0.199999999997206
1.25	-0.199999999997244
1.3125	-0.200000000004547
1.3125	-0.200000000004585
1.375	-0.20000000000458
1.375	-0.200000000004575
1.4375	-0.200000000003918
1.4375	-0.200000000003914
1.5	-0.200000000003993
1.5	-0.200000000003994
1.5625	-0.200000000004071
1.5625	-0.200000000004072
1.625	-0.20000000000406
1.625	-0.20000000000406
1.6875	-0.200000000004036
1.6875	-0.200000000004036
1.75	-0.200000000003998
1.75	-0.200000000003998
1.8125	-0.200000000003951
1.8125	-0.200000000003951
1.875	-0.200000000003895
1.875	-0.200000000003895
1.9375	-0.200000000003818
1.9375	-0.200000000003817
2	-0.200000000003748
2	-0.200000000003748
2.0625	-0.200000000003648
2.0625	-0.200000000003648
2.125	-0.200000000003591
2.125	-0.200000000003593
2.1875	-0.200000000003443
2.1875	-0.20000000000344
2.25	-0.200000000003459
2.25	-0.200000000003464
2.3125	-0.200000000003168
2.3125	-0.200000000003159
2.375	-0.200000000003437
2.375	-0.200000000003452
2.4375	-0.200000000002733
2.4375	-0.200000000002707
2.5	-0.200000000003762
2.5	-0.200000000003807
2.5625	-0.20000000000176
2.5625	-0.20000000000168
2.625	-0.200000000005112
2.625	-0.20000000000525
2.6875	-0.199999999999154
2.6875	-0.199999999998915
2.75	-0.200000000009329
2.75	-0.200000000009738
2.8125	-0.199999999991766
2.8125	-0.199999999991069
2.875	-0.200000000021657
2.875	-0.200000000022838
2.9375	-0.199999999970952
2.9375	-0.199999999968967
3	-0.200000000056315
3	-0.200000000059632
3.0625	-0.199999999913552
3.0625	-0.199999999908048
3.125	-0.200000000150658
3.125	-0.200000000159725
3.1875	-0.199999999759693
3.1875	-0.199999999744863
3.25	-0.200000000399646
3.25	-0.20000000042372
3.3125	-0.199999999360068
3.3125	-0.199999999321292
3.375	-0.200000001035709
3.375	-0.200000001097672
3.4375	-0.19999999835652
3.4375	-0.199999998258317
3.5	-0.200000002604866
3.5	-0.20000000275919
3.5625	-0.199999995925918
3.5625	-0.19999999568552
3.625	-0.200000006333357
3.625	-0.200000006704455
3.6875	-0.199999990264317
3.6875	-0.199999989696821
3.75	-0.200000014839745
3.75	-0.20000001569916
3.8125	-0.199999977624627
3.8125	-0.199999976336245
3.875	-0.200000033404194
3.875	-0.200000035315415
3.9375	-0.19999995068945
3.9375	-0.199999947885263
4	-0.200000071984007
4	-0.200000076051457
4.0625	-0.199999896179885
4.0625	-0.199999890350485
4.125	-0.200000147891239
4.125	-0.200000156141268
4.1875	-0.199999792102119
4.1875	-0.199999780580009
4.25	-0.20000028823481
4.25	-0.200000304103246
4.3125	-0.199999606241291
4.3125	-0.199999584708402
4.375	-0.200000529571322
4.375	-0.200000558333818
4.4375	-0.199999299614725
4.4375	-0.199999261836919
4.5	-0.200000909785608
4.5	-0.200000958514184
4.5625	-0.199998841028853
4.5625	-0.199998779394606
4.625	-0.200001445355211
4.625	-0.200001521663865
4.6875	-0.199998239284433
4.6875	-0.199998147008017
4.75	-0.200002089467742
4.75	-0.200002198154834
4.8125	-0.199997593018856
4.8125	-0.199997468768255
4.875	-0.200002678839618
4.875	-0.2000028160482
4.9375	-0.199997138763182
4.9375	-0.199996993377963
5	-0.200002903680339
5	-0.200003050012419
5.0625	-0.199997245824882
5.0625	-0.199997108208799
5.125	-0.200002367783216
5.125	-0.200002485019832
5.1875	-0.199998282147073
5.1875	-0.199998197966754
5.25	-0.200000809390086
5.25	-0.200000848417353
5.3125	-0.200000308181801
5.3125	-0.200000323666871
5.375	-0.199998468202709
5.375	-0.199998394082809
5.4375	-0.200002703973711
5.4375	-0.200002833187325
5.5	-0.19999637547244
5.5	-0.199996204112912
5.5625	-0.20000407866823
5.5625	-0.200004269480822
5.625	-0.199996118858621
5.625	-0.199995939261712
5.6875	-0.200002932345807
5.6875	-0.200003066357499
5.75	-0.199998725428248
5.75	-0.199998668396288
5.8125	-0.19999913189386
5.8125	-0.199999091668036
5.875	-0.20000308769309
5.875	-0.20000322650783
5.9375	-0.199995154712624
5.9375	-0.199994939958414
6	-0.200005587336431
6	-0.200005831773942
6.0625	-0.199995088312421
6.0625	-0.19999487639116
6.125	-0.200002746207998
6.125	-0.200002862430955
6.1875	-0.200000523046329
6.1875	-0.200000547034819
6.25	-0.199995955694378
6.25	-0.199995784463057
6.3125	-0.20000666877196
6.3125	-0.200006946156832
6.375	-0.199992702533577
6.375	-0.19999240377611
6.4375	-0.200005331787527
6.4375	-0.200005546052703
6.5	-0.199998932862111
6.5	-0.199998892839022
6.5625	-0.199995826892152
6.5625	-0.199995659161081
6.625	-0.200008333072202
6.625	-0.200008660012264
6.6875	-0.199990630029399
6.6875	-0.199990269394645
6.75	-0.200006245753061
6.75	-0.20000648050195
6.8125	-0.200000269662461
6.8125	-0.20000028397444
6.875	-0.199992505297042
6.875	-0.199992224280678
6.9375	-0.200011761811265
6.9375	-0.200012191909487
7	-0.19998978738779
7	-0.199989423015014
7.0625	-0.200002697071381
7.0625	-0.200002786857822
7.125	-0.200007392815252
7.125	-0.200007656308408
7.1875	-0.199985704393793
7.1875	-0.199985211830136
7.25	-0.200013017102077
7.25	-0.200013452592519
7.3125	-0.19999705509647
7.3125	-0.199996965674123
7.375	-0.199989485047881
7.375	-0.199989134617901
7.4375	-0.200018265685557
7.4375	-0.200018851341142
7.5	-0.199986547120576
7.5	-0.199986132594288
7.5625	-0.199997529333489
7.5625	-0.199997440618841
7.625	-0.200018638249855
7.625	-0.20001920828336
7.6875	-0.199978552366102
7.6875	-0.199977923893687
7.75	-0.200005916667144
7.75	-0.200006071795509
7.8125	-0.200017250976112
7.8125	-0.200017751171192
7.875	-0.199972536150914
7.875	-0.199971783830403
7.9375	-0.200012027306677
7.9375	-0.200012326759452
8	-0.20001826928375
8	-0.200018771379945
8.0625	-0.199966165806068
8.0625	-0.199965304722561
8.125	-0.200014122608097
8.125	-0.200014445976368
8.1875	-0.200025206420145
8.1875	-0.200025828327618
8.25	-0.199959945883293
8.25	-0.199959045265112
8.3125	-0.200005607995608
8.3125	-0.200005667179269
8.375	-0.200043525801608
8.375	-0.20004450693697
8.4375	-0.199958381043007
8.4375	-0.199957542576008
8.5	-0.199978611454934
8.5	-0.199978156720526
8.5625	-0.200062893941952
8.5625	-0.200064007264297
8.625	-0.199992656162659
8.625	-0.199992696228025
8.6875	-0.199921848414792
8.6875	-0.199920443081714
8.75	-0.2000440627625
8.75	-0.200044667534862
8.8125	-0.200085244911433
8.8125	-0.200086489025143
8.875	-0.199930071842395
8.875	-0.199929503492336
8.9375	-0.19987613619056
8.9375	-0.199874381431167
9	-0.200094262423032
9	-0.20009487084877
9.0625	-0.200199841326739
9.0625	-0.200202296914504
9.125	-0.199812370604239
9.125	-0.199814731023608
9.1875	-0.1989259022018
9.1875	-0.198926783420991
9.25	-0.197810144738532
9.25	-0.197810051551821
9.3125	-0.196679945519882
9.3125	-0.196679775618373
9.375	-0.195592735322683
9.375	-0.195592411656806
9.4375	-0.194562219455277
9.4375	-0.194562243112423
9.5	-0.193553702801885
9.5	-0.193553392386395
9.5625	-0.192592499975961
9.5625	-0.192592495246392
9.625	-0.19165431342458
9.625	-0.191654075180775
9.6875	-0.190758322846918
9.6875	-0.19075817990929
9.75	-0.189896994771723
9.75	-0.189896926168663
9.8125	-0.189063947717215
9.8125	-0.189063629586005
9.875	-0.18828007497422
9.875	-0.188280137152973
9.9375	-0.18751375609558
9.9375	-0.187513383821124
10	-0.18680119344812
10	-0.186801196675627
10.0625	-0.186111239636626
10.0625	-0.186111032785644
10.125	-0.185461240429628
10.125	-0.185460994984681
10.1875	-0.184854939856405
10.1875	-0.184854992388194
10.25	-0.184266749631563
10.25	-0.184266308602689
10.3125	-0.183738991511599
10.3125	-0.183739090888506
10.375	-0.18322552261209
10.375	-0.183225215205645
10.4375	-0.182761062352529
10.4375	-0.182760861386284
10.5	-0.182337044681582
10.5	-0.182337105833039
10.5625	-0.181930129774166
10.5625	-0.181929622341247
10.625	-0.181590554559744
10.625	-0.181590714824642
10.6875	-0.181259614671197
10.6875	-0.181259281977918
10.75	-0.180980594262971
10.75	-0.180980337440555
10.8125	-0.180747605822241
10.8125	-0.180747764600672
10.875	-0.180522637577611
10.875	-0.180522037189852
10.9375	-0.180374797401024
10.9375	-0.18037494949369
11	-0.180235927509396
11	-0.18023572386381
11.0625	-0.180137880025902
11.0625	-0.180137400073145
11.125	-0.180107383207303
11.125	-0.18010771585408
11.1875	-0.180068107273863
11.1875	-0.1800675088575
11.25	-0.180107488505282
11.25	-0.180107385501028
11.3125	-0.180179713882811
11.3125	-0.180179901212887
11.375	-0.180255754928496
11.375	-0.180254976318638
11.4375	-0.180429795603497
11.4375	-0.180430069490931
11.5	-0.180599727287379
11.5	-0.180599587059801
11.5625	-0.180804990817275
11.5625	-0.180804263263566
11.625	-0.18110572745451
11.625	-0.181106238745967
11.6875	-0.181376944721752
11.6875	-0.181376469107628
11.75	-0.181718044946876
11.75	-0.181717479914335
11.8125	-0.182140373268992
11.8125	-0.182140995814462
11.875	-0.18251903321902
11.875	-0.18251830410952
11.9375	-0.182996121444729
11.9375	-0.182995695855539
12	-0.183541570136059
12	-0.18354226781725
12.0625	-0.18403184853308
12.0625	-0.18403096784588
12.125	-0.184640338084817
12.125	-0.18463991994716
12.1875	-0.185318050291711
12.1875	-0.185318873815948
12.25	-0.18592198967693
12.25	-0.185921092227107
12.3125	-0.186650370332566
12.3125	-0.186649724264592
12.375	-0.187476832264638
12.375	-0.187477834062227
12.4375	-0.188202109848712
12.4375	-0.188201483561965
12.5	-0.189023739243359
12.5	-0.18902256153039
12.5625	-0.190014243587545
12.5625	-0.190015214463955
12.625	-0.190898432545436
12.625	-0.190898668520526
12.6875	-0.191769484764632
12.6875	-0.191767785363077
12.75	-0.192890873325601
12.75	-0.192890838137737
12.8125	-0.194034138616581
12.8125	-0.194035629116141
12.875	-0.194976616159388
12.875	-0.194975958936597
12.9375	-0.196037430851302
12.9375	-0.196035296557897
13	-0.197449308156669
13	-0.197449424717767
13.0625	-0.198833471602501
13.0625	-0.198836161797585
13.125	-0.199701340243439
13.125	-0.199703970306192
13.1875	-0.200010340427492
13.1875	-0.200011450165554
13.25	-0.200035891675593
13.25	-0.200035970489155
13.3125	-0.200008076280899
13.3125	-0.200007950815998
13.375	-0.199997963279349
13.375	-0.199997923592064
13.4375	-0.199998907678456
13.4375	-0.199998915477882
13.5	-0.200000079352935
13.5	-0.20000008473082
13.5625	-0.200000107211318
13.5625	-0.200000106808838
13.625	-0.199999996602571
13.625	-0.199999996031335
13.6875	-0.199999990337177
13.6875	-0.199999990370623
13.75	-0.200000000448581
13.75	-0.200000000503637
13.8125	-0.200000000796068
13.8125	-0.200000000790655
13.875	-0.199999999886248
13.875	-0.199999999881452
13.9375	-0.199999999915596
13.9375	-0.199999999916488
14	-0.19999999999175
14	-0.199999999992093
14.0625	-0.199999999981811
14.0625	-0.199999999981691
14.125	-0.199999999976819
14.125	-0.199999999976805
14.1875	-0.199999999978565
14.1875	-0.199999999978577
14.25	-0.19999999997896
14.25	-0.199999999978959
14.3125	-0.199999999978978
14.3125	-0.199999999978976
14.375	-0.19999999997918
14.375	-0.19999999997918
14.4375	-0.199999999979345
14.4375	-0.199999999979345
14.5	-0.199999999979468
14.5	-0.199999999979468
14.5625	-0.199999999979603
14.5625	-0.199999999979603
14.625	-0.199999999979736
14.625	-0.199999999979736
14.6875	-0.199999999979866
14.6875	-0.199999999979866
14.75	-0.199999999979993
14.75	-0.199999999979993
14.8125	-0.199999999980118
14.8125	-0.199999999980118
14.875	-0.199999999980242
14.875	-0.199999999980242
14.9375	-0.199999999980358
14.9375	-0.199999999980358
15	-0.199999999980467
15	-0.199999999980467
15.0625	-0.199999999980579
15.0625	-0.199999999980579
15.125	-0.199999999980693
15.125	-0.199999999980693
15.1875	-0.199999999980804
15.1875	-0.199999999980804
15.25	-0.199999999980903
15.25	-0.199999999980903
15.3125	-0.199999999980998
15.3125	-0.199999999980998
15.375	-0.1999999999811
15.375	-0.1999999999811
15.4375	-0.199999999981178
15.4375	-0.199999999981177
15.5	-0.19999999998127
15.5	-0.19999999998127
15.5625	-0.199999999981353
15.5625	-0.199999999981352
15.625	-0.199999999981447
15.625	-0.199999999981448
15.6875	-0.199999999981508
15.6875	-0.199999999981508
15.75	-0.199999999981612
15.75	-0.199999999981613
15.8125	-0.199999999981642
15.8125	-0.19999999998164
15.875	-0.199999999981769
15.875	-0.199999999981771
15.9375	-0.199999999981746
15.9375	-0.199999999981743
16	-0.199999999981963
16	-0.199999999981968
16.0625	-0.19999999998179
16.0625	-0.19999999998178
16.125	-0.199999999982269
16.125	-0.199999999982285
16.1875	-0.19999999998163
16.1875	-0.199999999981604
16.25	-0.199999999982834
16.25	-0.199999999982876
16.3125	-0.199999999981076
16.3125	-0.19999999998101
16.375	-0.199999999983993
16.375	-0.199999999984095
16.4375	-0.199999999979608
16.4375	-0.19999999997945
16.5	-0.199999999986491
16.5	-0.199999999986729
16.5625	-0.199999999976183
16.5625	-0.199999999975824
16.625	-0.199999999991792
16.625	-0.199999999992324
16.6875	-0.199999999968795
16.6875	-0.199999999968017
16.75	-0.20000000000255
16.75	-0.200000000003673
16.8125	-0.199999999954026
16.8125	-0.19999999995243
16.875	-0.200000000023055
16.875	-0.20000000002529
16.9375	-0.19999999992671
16.9375	-0.199999999923633
17	-0.20000000005922
17	-0.200000000063384
17.0625	-0.199999999880516
17.0625	-0.199999999874987
17.125	-0.200000000117141
17.125	-0.200000000124336
17.1875	-0.199999999810623
17.1875	-0.199999999801466
17.25	-0.200000000198883
17.25	-0.200000000210259
17.3125	-0.19999999971966
17.3125	-0.199999999705901
17.375	-0.200000000294829
17.375	-0.200000000310974
17.4375	-0.199999999626648
17.4375	-0.199999999608349
17.5	-0.200000000374553
17.5	-0.200000000394464
17.5625	-0.199999999574294
17.5625	-0.199999999553678
17.625	-0.200000000384174
17.625	-0.200000000404202
17.6875	-0.199999999623555
17.6875	-0.199999999605748
17.75	-0.200000000263582
17.75	-0.200000000277326
17.8125	-0.199999999821682
17.8125	-0.199999999813822
17.875	-0.19999999999365
17.875	-0.199999999994152
17.9375	-0.20000000014329
17.9375	-0.200000000150893
18	-0.199999999657945
18	-0.199999999642594
18.0625	-0.20000000044115
18.0625	-0.200000000462534
18.125	-0.199999999458834
18.125	-0.199999999434523
18.1875	-0.200000000484981
18.1875	-0.200000000508036
18.25	-0.19999999960755
18.25	-0.199999999590321
18.3125	-0.200000000143891
18.3125	-0.200000000151356
18.375	-0.200000000092349
18.375	-0.200000000096807
18.4375	-0.199999999614853
18.4375	-0.199999999599044
18.5	-0.200000000531899
18.5	-0.200000000555385
18.5625	-0.199999999400664
18.5625	-0.199999999375734
18.625	-0.200000000429342
18.625	-0.200000000448459
18.6875	-0.199999999823791
18.6875	-0.199999999816508
18.75	-0.199999999794135
18.75	-0.199999999787102
18.8125	-0.200000000466454
18.8125	-0.200000000485343
18.875	-0.199999999384554
18.875	-0.199999999360879
18.9375	-0.200000000462501
18.9375	-0.200000000481646
19	-0.19999999983033
19	-0.199999999823515
19.0625	-0.199999999742805
19.0625	-0.199999999734667
19.125	-0.200000000507245
19.125	-0.20000000052613
19.1875	-0.199999999437929
19.1875	-0.199999999417718
19.25	-0.200000000274374
19.25	-0.20000000028588
19.3125	-0.200000000094577
19.3125	-0.200000000096995
19.375	-0.199999999559226
19.375	-0.199999999545546
19.4375	-0.200000000451662
19.4375	-0.200000000467587
19.5	-0.199999999769476
19.5	-0.199999999760996
19.5625	-0.199999999840613
19.5625	-0.199999999837569
19.625	-0.200000000346943
19.625	-0.200000000357602
19.6875	-0.199999999698505
19.6875	-0.19999999968856
19.75	-0.200000000021736
19.75	-0.200000000024961
19.8125	-0.200000000152378
19.8125	-0.200000000155414
19.875	-0.199999999843952
19.875	-0.199999999839422
19.9375	-0.200000000009332
19.9375	-0.200000000012077
20	-0.2000000000013
0	1.2282915425073e-10
0.0625	1.2282915425073e-10
0.0625	1.07439982840696e-10
0.125	1.07439982840696e-10
0.125	7.02430706265102e-11
0.1875	7.02430706265102e-11
0.1875	1.26375946721402e-10
0.25	1.26375946721402e-10
0.25	3.11359826795527e-10
0.3125	3.11359826795527e-10
0.3125	1.22017951346501e-10
0.375	1.22017951346501e-10
0.375	3.71175682709269e-10
0.4375	3.71175682709269e-10
0.4375	4.35515327260047e-10
0.5	4.35515327260047e-10
0.5	2.67235123079085e-10
0.5625	2.67235123079085e-10
0.5625	6.56357931478436e-10
0.625	6.56357931478436e-10
0.625	2.27053930941877e-10
0.6875	2.27053930941877e-10
0.6875	6.78331463681198e-10
0.75	6.78331463681198e-10
0.75	3.5187260508097e-10
0.8125	3.5187260508097e-10
0.8125	3.89335971623947e-10
0.875	3.89335971623947e-10
0.875	3.61843888896077e-10
0.9375	3.61843888896077e-10
0.9375	3.79666668787305e-11
1	3.79666668787305e-11
1	1.51428499377614e-10
1.0625	1.51428499377614e-10
1.0625	4.85892807429393e-11
1.125	4.85892807429393e-11
1.125	1.3186488937523e-11
1.1875	1.3186488937523e-11
1.1875	8.57388234488368e-12
1.25	8.57388234488368e-12
1.25	1.03028696685353e-12
1.3125	1.03028696685353e-12
1.3125	1.03620815631497e-12
1.375	1.03620815631497e-12
1.375	1.3026616822249e-13
1.4375	1.3026616822249e-13
1.4375	1.00660220899222e-13
1.5	1.00660220899222e-13
1.5	2.36847578586387e-14
1.5625	2.36847578586387e-14
1.5625	5.9211894646595e-15
1.625	5.9211894646595e-15
1.625	5.92118946465958e-15
1.6875	5.92118946465958e-15
1.6875	0
1.75	0
1.75	5.92118946465992e-15
1.8125	5.92118946465992e-15
1.8125	5.92118946466017e-15
1.875	5.92118946466017e-15
1.875	5.92118946466049e-15
1.9375	5.92118946466049e-15
1.9375	0
2	0
2	1.18423789293225e-14
2.0625	1.18423789293225e-14
2.0625	1.7763568393985e-14
2.125	1.7763568393985e-14
2.125	3.55271367879729e-14
2.1875	3.55271367879729e-14
2.1875	6.51330841112873e-14
2.25	6.51330841112873e-14
2.25	1.18423789293263e-13
2.3125	1.18423789293263e-13
2.3125	2.19084010192539e-13
2.375	2.19084010192539e-13
2.375	3.90798504667839e-13
2.4375	3.90798504667839e-13
2.4375	7.10542735759621e-13
2.5	7.10542735759621e-13
2.5	1.23160740865048e-12
2.5625	1.23160740865048e-12
2.5625	2.15531296513721e-12
2.625	2.15531296513721e-12
2.625	3.74219174167059e-12
2.6875	3.74219174167059e-12
2.6875	6.46593889540763e-12
2.75	6.46593889540763e-12
2.75	1.1090387867338e-11
2.8125	1.1090387867338e-11
2.8125	1.89004367711556e-11
2.875	1.89004367711556e-11
2.875	3.19921866777483e-11
2.9375	3.19921866777483e-11
2.9375	5.38295334228262e-11
3	5.38295334228262e-11
3	8.99132620221817e-11
3.0625	8.99132620221817e-11
3.0625	1.49202132127287e-10
3.125	1.49202132127287e-10
3.125	2.45830023013495e-10
3.1875	2.45830023013495e-10
3.1875	4.02042843437671e-10
3.25	4.02042843437671e-10
3.25	6.52621660477826e-10
3.3125	6.52621660477826e-10
3.3125	1.05121837145292e-09
3.375	1.05121837145292e-09
3.375	1.67980000319171e-09
3.4375	1.67980000319171e-09
3.4375	2.66226152137794e-09
3.5	2.66226152137794e-09
3.5	4.1836874728731e-09
3.5625	4.1836874728731e-09
3.5625	6.51713941515782e-09
3.625	6.51713941515782e-09
3.625	1.00603555245549e-08
3.6875	1.00603555245549e-08
3.6875	1.53846594427661e-08
3.75	1.53846594427661e-08
3.75	2.32985128146351e-08
3.8125	2.32985128146351e-08
3.8125	3.49277168708891e-08
3.875	3.49277168708891e-08
3.875	5.18126937022346e-08
3.9375	5.18126937022346e-08
3.9375	7.60207949448096e-08
4	7.60207949448096e-08
4	1.10267482369185e-07
4.0625	1.10267482369185e-07
4.0625	1.58033542209282e-07
4.125	1.58033542209282e-07
4.125	2.23656114832336e-07
4.1875	2.23656114832336e-07
4.1875	3.12361446115447e-07
4.25	3.12361446115447e-07
4.25	4.30189014835954e-07
4.3125	4.30189014835954e-07
4.3125	5.83751235366942e-07
4.375	5.83751235366942e-07
4.375	7.7974335683984e-07
4.4375	7.7974335683984e-07
4.4375	1.02414713406986e-06
4.5	1.02414713406986e-06
4.5	1.32101779556262e-06
4.5625	1.32101779556262e-06
4.5625	1.67089025362896e-06
4.625	1.67089025362896e-06
4.625	2.06870471791714e-06
4.6875	2.06870471791714e-06
4.6875	2.50159396416323e-06
4.75	2.50159396416323e-06
4.75	2.94647242319455e-06
4.8125	2.94647242319455e-06
4.8125	3.36840971963792e-06
4.875	3.36840971963792e-06
4.875	3.71967837287622e-06
4.9375	3.71967837287622e-06
4.9375	3.94136741037764e-06
5	3.94136741037764e-06
5	3.96701181560593e-06
5.0625	3.96701181560593e-06
5.0625	3.73074773950177e-06
5.125	3.73074773950177e-06
5.125	3.17824504832074e-06
5.1875	3.17824504832074e-06
5.1875	2.28211165554427e-06
5.25	2.28211165554427e-06
5.25	1.05801734460467e-06
5.3125	1.05801734460467e-06
5.3125	4.19795867886229e-07
5.375	4.19795867886229e-07
5.375	2.00937403699044e-06
5.4375	2.00937403699044e-06
5.4375	3.50293782309942e-06
5.5	3.50293782309942e-06
5.5	4.64553001118682e-06
5.5625	4.64553001118682e-06
5.5625	5.17285578102325e-06
5.625	5.17285578102325e-06
5.625	4.8688481988597e-06
5.6875	4.8688481988597e-06
5.6875	3.63300727173038e-06
5.75	3.63300727173038e-06
5.75	1.54612608525358e-06
5.8125	1.54612608525358e-06
5.8125	1.09051309009175e-06
5.875	1.09051309009175e-06
5.875	3.76321979680554e-06
5.9375	3.76321979680554e-06
5.9375	5.82196114363162e-06
6	5.82196114363162e-06
6	6.62659348331815e-06
6.0625	6.62659348331815e-06
6.0625	5.74516770221351e-06
6.125	5.74516770221351e-06
6.125	3.15075788226465e-06
6.1875	3.15075788226465e-06
6.1875	6.50318919911223e-07
6.25	6.50318919911223e-07
6.25	4.64205557740505e-06
6.3125	4.64205557740505e-06
6.3125	7.51977522614682e-06
6.375	7.51977522614682e-06
6.375	8.09931176961912e-06
6.4375	8.09931176961912e-06
6.4375	5.80862400458708e-06
6.5	5.80862400458708e-06
6.5	1.08502582241903e-06
6.5625	1.08502582241903e-06
6.5625	4.54716580447626e-06
6.625	4.54716580447626e-06
6.625	8.86317610803402e-06
6.6875	8.86317610803402e-06
6.6875	9.77683444342403e-06
6.75	9.77683444342403e-06
6.75	6.36390957067023e-06
6.8125	6.36390957067023e-06
6.8125	3.87981310111383e-07
6.875	3.87981310111383e-07
6.875	7.61834211467382e-06
6.9375	7.61834211467382e-06
6.9375	1.16596810728114e-05
7	1.16596810728114e-05
7	9.8782098262768e-06
7.0625	9.8782098262768e-06
7.0625	2.43404480837244e-06
7.125	2.43404480837244e-06
7.125	7.14317050389878e-06
7.1875	7.14317050389878e-06
7.1875	1.33535077862e-05
7.25	1.33535077862e-05
7.25	1.18057837794084e-05
7.3125	1.18057837794084e-05
7.3125	2.42428251001202e-06
7.375	2.42428251001202e-06
7.375	9.50018061010422e-06
7.4375	9.50018061010422e-06
7.4375	1.58765887995061e-05
7.5	1.58765887995061e-05
7.5	1.1238001977243e-05
7.5625	1.1238001977243e-05
7.5625	2.40509648665645e-06
7.625	2.40509648665645e-06
7.625	1.54531159162192e-05
7.6875	1.54531159162192e-05
7.6875	1.70383058803167e-05
7.75	1.70383058803167e-05
7.75	4.20529181627538e-06
7.8125	4.20529181627538e-06
7.8125	1.3559874028053e-05
7.875	1.3559874028053e-05
7.875	2.03960427867501e-05
7.9375	2.03960427867501e-05
7.9375	8.11766860683599e-06
8	8.11766860683599e-06
8	1.36113652326095e-05
8.0625	1.36113652326095e-05
8.0625	2.33449217548435e-05
8.125	2.33449217548435e-05
8.125	8.76580571968698e-06
8.1875	8.76580571968698e-06
8.1875	1.68591850899523e-05
8.25	1.68591850899523e-05
8.25	2.44171652027451e-05
8.3125	2.44171652027451e-05
8.3125	1.60380822067387e-06
8.375	1.60380822067387e-06
8.375	2.65968567710301e-05
8.4375	2.65968567710301e-05
8.4375	2.27328857866937e-05
8.5	2.27328857866937e-05
8.5	1.23285853876444e-05
8.5625	1.23285853876444e-05
8.5625	3.01787937974004e-05
8.625	3.01787937974004e-05
8.625	1.08444102596892e-06
8.6875	1.08444102596892e-06
8.6875	3.81021673253475e-05
8.75	3.81021673253475e-05
8.75	1.63908219811386e-05
8.8125	1.63908219811386e-05
8.8125	3.37235058892067e-05
8.875	3.37235058892067e-05
8.875	1.54149325928459e-05
8.9375	1.54149325928459e-05
8.9375	4.7579382781577e-05
9	4.7579382781577e-05
9	1.64795589106635e-05
9.0625	1.64795589106635e-05
9.0625	6.65420742899646e-05
9.125	6.65420742899646e-05
9.125	6.38653513890342e-05
9.1875	6.38653513890342e-05
9.1875	2.35601328484879e-05
9.25	2.35601328484879e-05
9.25	2.98308368231635e-06
9.3125	2.98308368231635e-06
9.3125	5.05511642051149e-06
9.375	5.05511642051149e-06
9.375	9.20714793253569e-06
9.4375	9.20714793253569e-06
9.4375	2.79684525321733e-07
9.5	2.79684525321733e-07
9.5	8.8095693287212e-06
9.5625	8.8095693287212e-06
9.5625	4.46723372554886e-07
9.625	4.46723372554886e-07
9.625	6.80661852910979e-06
9.6875	6.80661852910979e-06
9.6875	4.18074933988557e-06
9.75	4.18074933988557e-06
9.75	2.13111078593898e-06
9.8125	2.13111078593898e-06
9.8125	8.94256748424439e-06
9.875	8.94256748424439e-06
9.875	1.49127373576961e-06
9.9375	1.49127373576961e-06
9.9375	1.04014387133463e-05
10	1.04014387133463e-05
10	8.53214367084042e-08
10.0625	8.53214367084042e-08
10.0625	5.8379844117859e-06
10.125	5.8379844117859e-06
10.125	6.88125955748117e-06
10.1875	6.88125955748117e-06
10.1875	1.3169642081996e-06
10.25	1.3169642081996e-06
10.25	1.22365211294151e-05
10.3125	1.22365211294151e-05
10.3125	2.63765465424873e-06
10.375	2.63765465424873e-06
10.375	8.54466296284438e-06
10.4375	8.54466296284438e-06
10.4375	5.60207779877828e-06
10.5	5.60207779877828e-06
10.5	1.62262176338543e-06
10.5625	1.62262176338543e-06
10.5625	1.40282743715918e-05
10.625	1.40282743715918e-05
10.625	4.37665940392153e-06
10.6875	4.37665940392153e-06
10.6875	9.20337718193753e-06
10.75	9.20337718193753e-06
10.75	7.10321033129805e-06
10.8125	7.10321033129805e-06
10.8125	4.35959880020756e-06
10.875	4.35959880020756e-06
10.875	1.6570517868838e-05
10.9375	1.6570517868838e-05
10.9375	4.18808440957066e-06
11	4.18808440957066e-06
11	5.62265001627923e-06
11.0625	5.62265001627923e-06
11.0625	1.32414700772689e-05
11.125	1.32414700772689e-05
11.125	9.17617834871616e-06
11.1875	9.17617834871616e-06
11.1875	1.65086578855329e-05
11.25	1.65086578855329e-05
11.25	2.84252477571222e-06
11.3125	2.84252477571222e-06
11.3125	5.16501500036188e-06
11.375	5.16501500036188e-06
11.375	2.14802299332855e-05
11.4375	2.14802299332855e-05
11.4375	7.54144407386392e-06
11.5	7.54144407386392e-06
11.5	3.87884215527856e-06
11.5625	3.87884215527856e-06
11.5625	2.0078502123712e-05
11.625	2.0078502123712e-05
11.625	1.40594564033408e-05
11.6875	1.40594564033408e-05
11.6875	1.3136641866257e-05
11.75	1.3136641866257e-05
11.75	1.56147065943528e-05
11.8125	1.56147065943528e-05
11.8125	1.70801903483688e-05
11.875	1.70801903483688e-05
11.875	2.01306248955723e-05
11.9375	2.01306248955723e-05
11.9375	1.18023394485482e-05
12	1.18023394485482e-05
12	1.9085177726468e-05
12.0625	1.9085177726468e-05
12.0625	2.43102355781933e-05
12.125	2.43102355781933e-05
12.125	1.16349099217978e-05
12.1875	1.16349099217978e-05
12.1875	2.24572244118616e-05
12.25	2.24572244118616e-05
12.25	2.47780089765368e-05
12.3125	2.47780089765368e-05
12.3125	1.79310090682752e-05
12.375	1.79310090682752e-05
12.375	2.72274936916454e-05
12.4375	2.72274936916454e-05
12.4375	1.73563564054153e-05
12.5	1.73563564054153e-05
12.5	3.25134280731276e-05
12.5625	3.25134280731276e-05
12.5625	2.62183602062019e-05
12.625	2.62183602062019e-05
12.625	6.17617033067989e-06
12.6875	6.17617033067989e-06
12.6875	4.67290578246453e-05
12.75	4.67290578246453e-05
12.75	1.42147103430692e-06
12.8125	1.42147103430692e-06
12.8125	4.02069067837177e-05
12.875	4.02069067837177e-05
12.875	1.82320934054352e-05
12.9375	1.82320934054352e-05
12.9375	5.85667331538125e-05
13	5.85667331538125e-05
13	2.46255391949159e-06
13.0625	2.46255391949159e-06
13.0625	7.24975260683875e-05
13.125	7.24975260683875e-05
13.125	7.11754520724036e-05
13.1875	7.11754520724036e-05
13.1875	3.00769445337282e-05
13.25	3.00769445337282e-05
13.25	2.13706186428566e-06
13.3125	2.13706186428566e-06
13.3125	3.40155617961233e-06
13.375	3.40155617961233e-06
13.375	1.07590991459356e-06
13.4375	1.07590991459356e-06
13.4375	2.11439643299788e-07
13.5	2.11439643299788e-07
13.5	1.45792847412889e-07
13.5625	1.45792847412889e-07
13.5625	1.09110819299937e-08
13.625	1.09110819299937e-08
13.625	1.54860717736644e-08
13.6875	1.54860717736644e-08
13.6875	9.06705825060283e-10
13.75	9.06705825060283e-10
13.75	1.4925542275356e-09
13.8125	1.4925542275356e-09
13.8125	1.46715232513323e-10
13.875	1.46715232513323e-10
13.875	1.30005635897292e-10
13.9375	1.30005635897292e-10
13.9375	2.41584530167593e-11
14	2.41584530167593e-11
14	9.29626745962184e-12
14.0625	9.29626745962184e-12
14.0625	3.22704825829741e-12
14.125	3.22704825829741e-12
14.125	3.90798504675068e-13
14.1875	3.90798504675068e-13
14.1875	3.43428988956563e-13
14.25	3.43428988956563e-13
14.25	2.36847578590693e-14
14.3125	2.36847578590693e-14
14.3125	2.3684757859067e-14
14.375	2.3684757859067e-14
14.375	1.77635683942975e-14
14.4375	1.77635683942975e-14
14.4375	0
14.5	0
14.5	0
14.5625	0
14.5625	0
14.625	0
14.625	0
14.6875	0
14.6875	5.92118946476248e-15
14.75	5.92118946476248e-15
14.75	0
14.8125	0
14.8125	5.92118946476122e-15
14.875	5.92118946476122e-15
14.875	5.92118946476061e-15
14.9375	5.92118946476061e-15
14.9375	0
15	0
15	0
15.0625	0
15.0625	0
15.125	0
15.125	5.92118946475836e-15
15.1875	5.92118946475836e-15
15.1875	1.18423789295156e-14
15.25	1.18423789295156e-14
15.25	0
15.3125	0
15.3125	5.92118946475684e-15
15.375	5.92118946475684e-15
15.375	1.18423789295128e-14
15.4375	1.18423789295128e-14
15.4375	5.92118946475596e-15
15.5	5.92118946475596e-15
15.5	5.92118946475552e-15
15.5625	5.92118946475552e-15
15.5625	5.92118946475507e-15
15.625	5.92118946475507e-15
15.625	5.92118946475468e-15
15.6875	5.92118946475468e-15
15.6875	1.77635683942628e-14
15.75	1.77635683942628e-14
15.75	2.36847578590157e-14
15.8125	2.36847578590157e-14
15.8125	4.14483262532747e-14
15.875	4.14483262532747e-14
15.875	5.92118946475325e-14
15.9375	5.92118946475325e-14
15.9375	1.00660220900797e-13
16	1.00660220900797e-13
16	1.48029736618816e-13
16.0625	1.48029736618816e-13
16.0625	2.54611146984332e-13
16.125	2.54611146984332e-13
16.125	4.26325641462161e-13
16.1875	4.26325641462161e-13
16.1875	7.1054273577011e-13
16.25	7.1054273577011e-13
16.25	1.13686837723241e-12
16.3125	1.13686837723241e-12
16.3125	1.7941204078191e-12
16.375	1.7941204078191e-12
16.375	2.77111666950429e-12
16.4375	2.77111666950429e-12
16.4375	4.27509879354743e-12
16.5	4.27509879354743e-12
16.5	6.47778127444167e-12
16.5625	6.47778127444167e-12
16.5625	9.72259310110788e-12
16.625	9.72259310110788e-12
16.625	1.44121751572239e-11
16.6875	1.44121751572239e-11
16.6875	2.10912768733879e-11
16.75	2.10912768733879e-11
16.75	3.04349138489064e-11
16.8125	3.04349138489064e-11
16.8125	4.3272052608197e-11
16.875	4.3272052608197e-11
16.875	6.05678470352559e-11
16.9375	6.05678470352559e-11
16.9375	8.34236383682244e-11
17	8.34236383682244e-11
17	1.12887477146458e-10
17.0625	1.12887477146458e-10
17.0625	1.4989491129841e-10
17.125	1.4989491129841e-10
17.125	1.95043980971329e-10
17.1875	1.95043980971329e-10
17.1875	2.48251789495369e-10
17.25	2.48251789495369e-10
17.25	3.08428838033917e-10
17.3125	3.08428838033917e-10
17.3125	3.73005330326246e-10
17.375	3.73005330326246e-10
17.375	4.37676561670961e-10
17.4375	4.37676561670961e-10
17.4375	4.96077253352947e-10
17.5	4.96077253352947e-10
17.5	5.39787473984629e-10
17.5625	5.39787473984629e-10
17.5625	5.58889231205197e-10
17.625	5.58889231205197e-10
17.625	5.4294938914523e-10
17.6875	5.4294938914523e-10
17.6875	4.82742734701654e-10
17.75	4.82742734701654e-10
17.75	3.72602689427136e-10
17.8125	3.72602689427136e-10
17.8125	2.13109530040017e-10
17.875	2.13109530040017e-10
17.875	1.36068933890003e-11
17.9375	1.36068933890003e-11
17.9375	2.06092920523701e-10
18	2.06092920523701e-10
18	4.1615895913005e-10
18.0625	4.1615895913005e-10
18.0625	5.7971997574647e-10
18.125	5.7971997574647e-10
18.125	6.59075756955029e-10
18.1875	6.59075756955029e-10
18.1875	6.2501707510122e-10
18.25	6.2501707510122e-10
18.25	4.67075267404023e-10
18.3125	4.67075267404023e-10
18.3125	2.02362571123385e-10
18.375	2.02362571123385e-10
18.375	1.20863319367435e-10
18.4375	1.20863319367435e-10
18.4375	4.28563851049507e-10
18.5	4.28563851049507e-10
18.5	6.36705503146916e-10
18.5625	6.36705503146916e-10
18.5625	6.75838644362812e-10
18.625	6.75838644362812e-10
18.625	5.18240265455812e-10
18.6875	5.18240265455812e-10
18.6875	1.97424299163307e-10
18.75	1.97424299163307e-10
18.75	1.90674143120553e-10
18.8125	1.90674143120553e-10
18.8125	5.12088149690013e-10
18.875	5.12088149690013e-10
18.875	6.41851016827871e-10
18.9375	6.41851016827871e-10
18.9375	5.19010020077394e-10
19	5.19010020077394e-10
19	1.84758874899776e-10
19.0625	1.84758874899776e-10
19.0625	2.20629440620147e-10
19.125	2.20629440620147e-10
19.125	5.11957883501363e-10
19.1875	5.11957883501363e-10
19.1875	5.47899503615524e-10
19.25	5.47899503615524e-10
19.25	3.11940103327029e-10
19.3125	3.11940103327029e-10
19.3125	6.55475673833486e-11
19.375	6.55475673833486e-11
19.375	3.70873702119515e-10
19.4375	3.70873702119515e-10
19.4375	4.31719845014586e-10
19.5	4.31719845014586e-10
19.5	2.29896102193745e-10
19.5625	2.29896102193745e-10
19.5625	8.2523617562538e-11
19.625	8.2523617562538e-11
19.625	2.88989573005403e-10
19.6875	2.88989573005403e-10
19.6875	2.69609519927519e-10
19.75	2.69609519927519e-10
19.75	8.742636243916e-11
19.8125	8.742636243916e-11
19.8125	8.22808488009586e-11
19.875	8.22808488009586e-11
19.875	1.22840996641738e-10
19.9375	1.22840996641738e-10
19.9375	7.36477545610426e-11
20	7.36477545610426e-11
