3	1
320
0	1.20000001755946
0.125	1.20000012205353
0.125	1.20000008175223
0.25	1.20000236972153
0.25	1.20000242596438
0.375	1.1999999201973
0.375	1.19999992837149
0.5	1.19999697604757
0.5	1.19999685996153
0.625	1.20000355137056
0.625	1.20000355049471
0.75	1.20001057793723
0.75	1.20001068147694
0.875	1.20000782196478
0.875	1.20000784391764
1	1.20000167033985
1	1.20000162203178
1.125	1.19999941956728
1.125	1.19999939769979
1.25	1.1999997525581
1.25	1.19999975681988
1.375	1.20000001503036
1.375	1.20000001758508
1.5	1.19999997156026
1.5	1.19999997080069
1.625	1.19999994807216
1.625	1.19999994785397
1.75	1.19999995471663
1.75	1.19999995480661
1.875	1.19999995650842
1.875	1.1999999564775
2	1.19999995802887
2	1.19999995801708
2.125	1.19999996017906
2.125	1.1999999601388
2.25	1.19999996445006
2.25	1.1999999645191
2.375	1.19999996620075
2.375	1.19999996610802
2.5	1.19999997385902
2.5	1.19999997407372
2.625	1.1999999710511
2.625	1.19999997064964
2.75	1.19999998600809
2.75	1.19999998660123
2.875	1.19999996577507
2.875	1.19999996447661
3	1.20000000401266
3	1.2000000058832
3.125	1.19999993669311
3.125	1.19999993281403
3.25	1.20000005118031
3.25	1.20000005663016
3.375	1.19999985549054
3.375	1.19999984439979
3.5	1.20000018170299
3.5	1.200000196712
3.625	1.19999964341747
3.625	1.1999996138592
3.75	1.2000005136887
3.75	1.20000055253952
3.875	1.19999913019723
3.875	1.19999905674542
4	1.20000128892434
4	1.20000138205332
4.125	1.19999799544382
4.125	1.19999782701442
4.25	1.20000291936167
4.25	1.20000312391252
4.375	1.19999575130732
4.375	1.1999953999874
4.5	1.20000593073232
4.5	1.20000633602687
4.625	1.19999192521456
4.625	1.19999127173205
4.75	1.20001059336148
4.75	1.20001130009757
4.875	1.19998668280356
4.875	1.19998563143362
5	1.20001600564799
5	1.20001704747827
5.125	1.19998197386355
5.125	1.19998059017678
5.25	1.20001888817318
5.25	1.20002008525594
5.375	1.19998240842015
5.375	1.19998110188278
5.5	1.20001365794103
5.5	1.20001449608103
5.625	1.19999343290438
5.625	1.19999297072457
5.75	1.19999677035412
5.75	1.19999651420413
5.875	1.20001427743168
5.875	1.2000151406542
6	1.19997598419501
6	1.19997431041155
6.125	1.20002913392382
6.125	1.20003081366182
6.25	1.1999739339838
6.25	1.19997220992716
6.375	1.20001356727994
6.375	1.20001429426047
6.5	1.20000676654706
6.5	1.20000715130874
6.625	1.19997149175714
6.625	1.19996966636217
6.75	1.2000419671493
6.75	1.20004418575888
6.875	1.19996265051302
6.875	1.19996043492718
7	1.20001183500084
7	1.20001235871072
7.125	1.20002626423688
7.125	1.20002760232598
7.25	1.19994401067886
7.25	1.19994086371815
7.375	1.20005421648119
7.375	1.2000567212576
7.5	1.19998884523839
7.5	1.19998833313145
7.625	1.19994890326682
7.625	1.19994618145996
7.75	1.20008462643792
7.75	1.20008825604305
7.875	1.19995303223921
7.875	1.19995092658262
8	1.19995182130417
8	1.19994947004007
8.125	1.20011409037243
8.125	1.20011835476832
8.25	1.199942519298
8.25	1.1999406185364
8.375	1.19989972919342
8.375	1.19989529008527
8.5	1.20017231548311
8.5	1.20017783046434
8.625	1.20000088854807
8.625	1.20000132301234
8.75	1.19976035856468
8.75	1.1997536993366
8.875	1.20007915123187
8.875	1.20007846255561
9	1.20039223657803
9	1.20040396913493
9.125	1.19953365126876
9.125	1.19954157744038
9.25	1.19768903707448
9.25	1.19769215898366
9.375	1.19544782189975
9.375	1.19544530572054
9.5	1.19337037594614
9.5	1.19336921789419
9.625	1.19144807911169
9.625	1.19144688674654
9.75	1.18966981169307
9.75	1.18966779327394
9.875	1.18807328129036
9.875	1.18807330026872
10	1.18654307324256
10	1.18653994362897
10.125	1.18525531910619
10.125	1.18525557092234
10.25	1.18402114910342
10.25	1.18401873322904
10.375	1.18299096309424
10.375	1.18298950884267
10.5	1.18211579406329
10.5	1.18211573517629
10.625	1.18131112331683
10.625	1.18130733013298
10.75	1.18079048666637
10.75	1.1807913033261
10.875	1.18028645812683
10.875	1.18028371130184
11	1.18000788957923
11	1.18000571560659
11.125	1.17992843517027
11.125	1.17992943744474
11.25	1.17984840150751
11.25	1.17984356084945
11.375	1.1801217862579
11.375	1.18012210049918
11.5	1.18044455048717
11.5	1.18044413837187
11.625	1.18085555670348
11.625	1.18085016473221
11.75	1.18166678083817
11.75	1.18166880971515
11.875	1.18240368219277
11.875	1.18240166798447
12	1.18332797422806
12	1.18332235445811
12.125	1.1846847861764
12.125	1.18468794142981
12.25	1.18587298434546
12.25	1.18587076280882
12.375	1.18726464172956
12.375	1.18725747405372
12.5	1.18922080712137
12.5	1.18922422531464
12.625	1.19096401166633
12.625	1.19096515631974
12.75	1.1926523053136
12.75	1.19264233362633
12.875	1.19517002396189
12.875	1.19516746371926
13	1.19791538048457
13	1.19792602879735
13.125	1.19958981089466
13.125	1.19960029397763
13.25	1.2000636828519
13.25	1.20006701344948
13.375	1.20004395874955
13.375	1.2000435816083
13.5	1.19999904708795
13.5	1.19999861714676
13.625	1.19999655304166
13.625	1.19999655588368
13.75	1.20000015631508
13.75	1.20000019292866
13.875	1.20000027517439
13.875	1.20000027204631
14	1.19999998297843
14	1.19999997974928
14.125	1.20000000418244
14.125	1.20000000481483
14.25	1.20000002545803
14.25	1.2000000257173
14.375	1.20000002130429
14.375	1.20000002127223
14.5	1.20000002029813
14.5	1.20000002030313
14.625	1.20000002017164
14.625	1.20000002015235
14.75	1.20000001947603
14.75	1.20000001943512
14.875	1.2000000191804
14.875	1.20000001915926
15	1.20000001892139
15	1.20000001891802
15.125	1.20000001921441
15.125	1.20000001926682
15.25	1.20000001835235
15.25	1.20000001833382
15.375	1.20000001897224
15.375	1.20000001901622
15.5	1.2000000162593
15.5	1.20000001610311
15.625	1.20000001973287
15.625	1.20000001992225
15.75	1.20000001245934
15.75	1.20000001205194
15.875	1.20000002450962
15.875	1.20000002511787
16	1.2000000024582
16	1.20000000118697
16.125	1.20000003922751
16.125	1.2000000409427
16.25	1.19999997639481
16.25	1.19999997286331
16.375	1.20000008049587
16.375	1.20000008524669
16.5	1.19999991171014
16.5	1.19999990263582
16.625	1.20000018050522
16.625	1.20000019230812
16.75	1.19999976163675
16.75	1.19999973997713
16.875	1.20000039641515
16.875	1.20000042304133
17	1.19999945710539
17	1.19999941068606
17.125	1.20000080580603
17.125	1.20000085978791
17.25	1.19999893301342
17.25	1.19999884537311
17.375	1.20000144526203
17.375	1.20000154052946
17.5	1.19999821700277
17.5	1.19999807520958
17.625	1.20000217552823
17.625	1.20000231588974
17.75	1.19999759355957
17.75	1.19999740776648
17.875	1.20000253641718
17.875	1.20000269658646
18	1.19999767657459
18	1.1999975013237
18.125	1.200001848574
18.125	1.20000196378367
18.25	1.19999902212133
18.25	1.1999989466209
18.375	1.19999993637755
18.375	1.19999993530986
18.5	1.20000114311727
18.5	1.20000120426002
18.625	1.19999813674173
18.625	1.19999801597483
18.75	1.20000200244831
18.75	1.20000211214976
18.875	1.19999867141531
18.875	1.1999985845704
19	1.20000009509154
19	1.20000010150651
19.125	1.20000127919105
19.125	1.20000134269989
19.25	1.19999794286139
19.25	1.19999781808225
19.375	1.20000191008782
19.375	1.20000201229182
19.5	1.19999919809596
19.5	1.19999913201701
19.625	1.19999972498388
19.625	1.19999972591484
19.75	1.2000008015894
19.75	1.20000082762919
19.875	1.1999997337749
19.875	1.19999970850023
20	1.1999999868281
0	0.475399943152779
0.125	0.475400022876479
0.125	0.475400043517768
0.25	0.475400194199328
0.25	0.475400235668384
0.375	0.475400001798905
0.375	0.475399910892419
0.5	0.475399727429943
0.5	0.475399705106951
0.625	0.475400337725432
0.625	0.475400440015232
0.75	0.475401148546304
0.75	0.4754011657258
0.875	0.475400916866014
0.875	0.475400855427106
1	0.475400222293338
1	0.475400203580843
1.125	0.475399928229681
1.125	0.475399949019587
1.25	0.475399974641667
1.25	0.475399980830122
1.375	0.475400015255185
1.375	0.475400012301885
1.5	0.475400009573867
1.5	0.475400008917945
1.625	0.475400005610312
1.625	0.475400006106544
1.75	0.475400007046407
1.75	0.475400007112992
1.875	0.475400007958794
1.875	0.47540000802939
2	0.475400009116658
2	0.475400009200348
2.125	0.475400010845672
2.125	0.475400010881491
2.25	0.475400012315673
2.25	0.475400012103504
2.375	0.475400012638746
2.375	0.475400012491349
2.5	0.475400011509027
2.5	0.475400011111323
2.625	0.475400009624834
2.625	0.47540000990055
2.75	0.47540000811983
2.75	0.475400007592194
2.875	0.47540000729628
2.875	0.475400008243961
3	0.475400006838931
3	0.475400004895747
3.125	0.475400005199195
3.125	0.475400007468653
3.25	0.475400003672521
3.25	0.475399998453871
3.375	0.475400000405614
3.375	0.475400006711865
3.5	0.475400001453315
3.5	0.475399988406277
3.625	0.475399996939457
3.625	0.475400011959435
3.75	0.475400003832359
3.75	0.475399972975601
3.875	0.47539999072457
3.875	0.475400023577301
4	0.475400010258417
4	0.475399944827846
4.125	0.475399974848557
4.125	0.475400039290407
4.25	0.475400026560693
4.25	0.475399904112463
4.375	0.4753999456438
4.375	0.475400053870653
4.5	0.47540006520843
4.5	0.475399870179554
4.625	0.475399898183903
4.625	0.47540004099241
4.75	0.475400124577045
4.75	0.475399885222923
4.875	0.475399837141172
4.875	0.475399949206951
5	0.475400180250204
5	0.475400021184096
5.125	0.47539980788184
5.125	0.475399735991823
5.25	0.475400142264543
5.25	0.475400302342722
5.375	0.475399901320076
5.375	0.475399455445095
5.5	0.475399878127335
5.5	0.475400575691133
5.625	0.475400222649733
5.625	0.475399366459872
5.75	0.475399384868648
5.75	0.475400312140289
5.875	0.47540079931109
5.875	0.475399828786061
6	0.475399062560844
6	0.475399440989586
6.125	0.475400840821832
6.125	0.475400931771923
6.25	0.475399461998763
6.25	0.475398584727495
6.375	0.475399674386674
6.375	0.475401229746528
6.5	0.475400976770089
6.5	0.475399214746127
6.625	0.47539824081262
6.625	0.475399251187568
6.75	0.475401952037264
6.75	0.475401850293451
6.875	0.475398798880111
6.875	0.475397436752611
7	0.475399337975909
7	0.47540173464182
7.125	0.475402398807137
7.125	0.475400032732599
7.25	0.475396421476847
7.25	0.47539677831857
7.375	0.475402208522564
7.375	0.475404177869289
7.5	0.475400363964131
7.5	0.475397010005246
7.625	0.475395483567166
7.625	0.475397637395685
7.75	0.475405729812932
7.75	0.475406456900477
7.875	0.475398610886725
7.875	0.475394842042724
8	0.475395597568227
8	0.475398899223856
8.125	0.475410795592775
8.125	0.475411522812687
8.25	0.475399213964612
8.25	0.475394038487301
8.375	0.475393680877731
8.375	0.475396978450862
8.5	0.475418227769569
8.5	0.475421532693824
8.625	0.475408165790241
8.625	0.475401974319167
8.75	0.475383133933192
8.75	0.475381380344864
8.875	0.475414047678893
8.875	0.475422183828258
9	0.475446941535678
9	0.475451973431165
9.125	0.475359161242278
9.125	0.475357400800083
9.25	0.475151131318082
9.25	0.475148201847273
9.375	0.474900434416232
9.375	0.474898766387007
9.5	0.474661314494297
9.5	0.47466207907789
9.625	0.474444153287128
9.625	0.474442985508156
9.75	0.474241389394401
9.75	0.474241878922025
9.875	0.474056181286063
9.875	0.474055199971254
10	0.473883892230113
10	0.473883519525981
10.125	0.473730368370416
10.125	0.473730714860913
10.25	0.473591814393142
10.25	0.47359013807152
10.375	0.473469303712976
10.375	0.473470639370577
10.5	0.473367072157311
10.5	0.473365189977068
10.625	0.473276461439871
10.625	0.473276418747217
10.75	0.473209470880009
10.75	0.473210051848764
10.875	0.473155687358792
10.875	0.473153160029167
11	0.473119479666466
11	0.473121514764864
11.125	0.473107834978277
11.125	0.473105867727924
11.25	0.47310338383601
11.25	0.473102182437371
11.375	0.473127041547849
11.375	0.473129775864786
11.5	0.473167571253525
11.5	0.473163616871305
11.625	0.47321715781224
11.625	0.473217776298327
11.75	0.473302952498574
11.75	0.473305106979337
11.875	0.473394807413481
11.875	0.473389702702775
12	0.473501163525373
12	0.473503218611163
12.125	0.473650498212929
12.125	0.473652680760673
12.25	0.473795342691696
12.25	0.473788917956951
12.375	0.473955401225952
12.375	0.473957256456911
12.5	0.474171305286533
12.5	0.474176133315517
12.625	0.474377578476947
12.625	0.474370376731193
12.75	0.47457513229139
12.75	0.474571607448452
12.875	0.474851653157754
12.875	0.474860453681449
13	0.475160188618653
13	0.475166737000499
13.125	0.475353889271793
13.125	0.475352727869872
13.25	0.475409434971991
13.25	0.47540650364909
13.375	0.475405923027663
13.375	0.475405053585379
13.5	0.475399726430934
13.5	0.475399984595625
13.625	0.475399427272959
13.625	0.475399557753678
13.75	0.475399978425167
13.75	0.475399951731294
13.875	0.47539998413052
13.875	0.475399972588417
14	0.475399941862302
14	0.475399944942949
14.125	0.475399955919499
14.125	0.475399957236607
14.25	0.475399968814404
14.25	0.475399969070941
14.375	0.475399973367654
14.375	0.475399973723679
14.5	0.475399975629388
14.5	0.475399975738869
14.625	0.475399976955475
14.625	0.475399976816206
14.75	0.475399978514792
14.75	0.47539997831457
14.875	0.47539998130156
14.875	0.475399981158634
15	0.475399985354143
15	0.475399985434522
15.125	0.475399989805239
15.125	0.47539999001566
15.25	0.475399993408272
15.25	0.475399993572044
15.375	0.475399995800086
15.375	0.475399995643781
15.5	0.475399998007871
15.5	0.475399997959849
15.625	0.475400001091501
15.625	0.475400000869138
15.75	0.47540000480429
15.75	0.475400005169828
15.875	0.475400008400587
15.875	0.475400007832188
16	0.475400011359269
16	0.475400012005667
16.125	0.475400014740949
16.125	0.475400012911056
16.25	0.475400018362791
16.25	0.475400020178892
16.375	0.475400024142118
16.375	0.475400020346261
16.5	0.475400027457402
16.5	0.475400032116312
16.625	0.475400033207913
16.625	0.475400024775893
16.75	0.475400030494215
16.75	0.475400039220893
16.875	0.475400038190305
16.875	0.47540002128157
17	0.475400029151912
17	0.475400043729907
17.125	0.47540004889734
17.125	0.475400022057059
17.25	0.475400031058004
17.25	0.475400050987336
17.375	0.475400067067309
17.375	0.475400034721975
17.5	0.475400030069935
17.5	0.475400045218745
17.625	0.475400078553317
17.625	0.475400057577185
17.75	0.475400029350719
17.75	0.475400019184103
17.875	0.475400074027252
17.875	0.47540009519218
18	0.475400047153214
18	0.475399990661321
18.125	0.475400037955032
18.125	0.475400120214435
18.25	0.475400090850619
18.25	0.475399997442783
18.375	0.475399975864031
18.375	0.475400074262579
18.5	0.475400143744408
18.5	0.475400059374266
18.625	0.475399960745334
18.625	0.475399982632449
18.75	0.475400114938838
18.75	0.475400144081251
18.875	0.475400040562519
18.875	0.475399962872698
19	0.475399990048401
19	0.475400092598207
19.125	0.47540016571525
19.125	0.47540007732747
19.25	0.475399944365001
19.25	0.475399960220205
19.375	0.475400109817646
19.375	0.475400151497231
19.5	0.475400079582518
19.5	0.475400009170213
19.625	0.475399953305948
19.625	0.475400015794349
19.75	0.47540012969508
19.75	0.475400105059483
19.875	0.475400039133114
19.875	0.475400037609282
20	0.475400006255356
0	-0.200000009884077
0.125	-0.200000100974625
0.125	-0.200000068536019
0.25	-0.200002344253966
0.25	-0.200002386265004
0.375	-0.199999928404902
0.375	-0.199999941119692
0.5	-0.199996974611985
0.5	-0.199996899206234
0.625	-0.200003504810192
0.625	-0.200003507486364
0.75	-0.200010524695936
0.75	-0.200010591321224
0.875	-0.200007789689499
0.875	-0.200007800192087
1	-0.200001656815222
1	-0.200001627144529
1.125	-0.199999419379164
1.125	-0.199999409999999
1.25	-0.199999762288322
1.25	-0.199999766167662
1.375	-0.20000002702532
1.375	-0.2000000281482
1.5	-0.199999983907944
1.5	-0.199999983315176
1.625	-0.199999961698803
1.625	-0.199999961655893
1.75	-0.199999969945058
1.75	-0.199999970013281
1.875	-0.199999973370711
1.875	-0.199999973353533
2	-0.199999976801343
2	-0.199999976821869
2.125	-0.199999981061852
2.125	-0.199999981030347
2.25	-0.199999987334182
2.25	-0.199999987387307
2.375	-0.19999999058791
2.375	-0.19999999044505
2.5	-0.199999999149868
2.5	-0.199999999350704
2.625	-0.199999996884791
2.625	-0.199999996490335
2.75	-0.200000012553206
2.75	-0.200000013278152
2.875	-0.199999993293486
2.875	-0.199999992070663
3	-0.200000032712614
3	-0.200000034876946
3.125	-0.199999966180166
3.125	-0.199999962460313
3.25	-0.200000081358118
3.25	-0.200000087638405
3.375	-0.19999988608807
3.375	-0.199999875640533
3.5	-0.20000021318015
3.5	-0.20000023039812
3.625	-0.199999675729272
3.625	-0.199999648030578
3.75	-0.200000546241402
3.75	-0.200000590260291
3.875	-0.199999163710883
3.875	-0.199999095322457
4	-0.200001319148974
4	-0.200001423576127
4.125	-0.199998028864308
4.125	-0.199997873259382
4.25	-0.20000294031581
4.25	-0.200003167317193
4.375	-0.19999578627433
4.375	-0.199995464317579
4.5	-0.200005930973043
4.5	-0.200006375606268
4.625	-0.199991968527195
4.625	-0.199991374489862
4.75	-0.20001055190747
4.75	-0.200011318004948
4.875	-0.199986749387975
4.875	-0.199985801889231
5	-0.20001589811853
5	-0.200017013161427
5.125	-0.199982088288124
5.125	-0.199980852161344
5.25	-0.200018702763633
5.25	-0.200019966617301
5.375	-0.199982586251595
5.375	-0.199981429154997
5.5	-0.200013435021853
5.5	-0.200014306601877
5.625	-0.199993647693515
5.625	-0.199993244501937
5.75	-0.199996629379154
5.75	-0.19999642362398
5.875	-0.200014373630029
5.875	-0.200015249011893
6	-0.19997600291115
6	-0.199974570365823
6.125	-0.200028925308208
6.125	-0.200030602410808
6.25	-0.199974186545461
6.25	-0.199972724141574
6.375	-0.200013206264224
6.375	-0.200013927772168
6.5	-0.200007064237443
6.5	-0.200007466549036
6.625	-0.199971382055785
6.625	-0.199969871845604
6.75	-0.200041771020873
6.75	-0.200043882347909
6.875	-0.19996300351863
6.875	-0.1999611952018
7	-0.200011338025777
7	-0.200011858263977
7.125	-0.200026574649776
7.125	-0.200027826568553
7.25	-0.199943981621872
7.25	-0.199941491078121
7.375	-0.200053584044211
7.375	-0.200055805276982
7.5	-0.199989412020757
7.5	-0.199989096753528
7.625	-0.19994852931362
7.625	-0.199946440536454
7.75	-0.200084254163534
7.75	-0.200087362693674
7.875	-0.19995390993711
7.875	-0.199952396851814
8	-0.199951447134461
8	-0.199949768783626
8.125	-0.200114026694026
8.125	-0.200117402706339
8.25	-0.199943882807815
8.25	-0.199942733724427
8.375	-0.199899563150499
8.375	-0.199896372493566
8.5	-0.200171634141257
8.5	-0.200175854029498
8.625	-0.200002384752401
8.625	-0.200002758567723
8.75	-0.199761059187521
8.75	-0.199756971793177
8.875	-0.200077256956028
8.875	-0.200076423414244
9	-0.200391045043535
9	-0.20039842941316
9.125	-0.19953934187287
9.125	-0.1995432557063
9.25	-0.197705818717546
9.25	-0.197707737021291
9.375	-0.195478593058183
9.375	-0.195476783112225
9.5	-0.193414814498635
9.5	-0.1934144695018
9.625	-0.191506165310648
9.625	-0.19150563321199
9.75	-0.189739792135076
9.75	-0.189738485306418
9.875	-0.188154537621759
9.875	-0.188155169415504
10	-0.186634648575063
10	-0.186632409248224
10.125	-0.185355732682667
10.125	-0.185356597934369
10.25	-0.184130378286992
10.25	-0.184128797620394
10.375	-0.183106783665802
10.375	-0.183106057368913
10.5	-0.18223831917241
10.5	-0.182238873280048
10.625	-0.181438656453615
10.625	-0.18143595697837
10.75	-0.180921751887636
10.75	-0.180923126448097
10.875	-0.180421617707795
10.875	-0.180419852291693
11	-0.180144152858326
11	-0.18014287613142
11.125	-0.180066177291749
11.125	-0.180067685349624
11.25	-0.179986089026095
11.25	-0.179982662941474
11.375	-0.180257275009788
11.375	-0.180258093556027
11.5	-0.180578995778025
11.5	-0.180579233703854
11.625	-0.180985829039128
11.625	-0.180982061221472
11.75	-0.181791952776361
11.75	-0.181794193463516
11.875	-0.182524810700279
11.875	-0.182523819188147
12	-0.183441080060531
12	-0.183437275862145
12.125	-0.184789691054317
12.125	-0.184792684053899
12.25	-0.185970704914246
12.25	-0.185969641143389
12.375	-0.187350619413255
12.375	-0.187345851696081
12.5	-0.189294388393302
12.5	-0.189297292846529
12.625	-0.191027398093928
12.625	-0.191028811069956
12.75	-0.192701427500187
12.75	-0.192695169722735
12.875	-0.19520100411215
12.875	-0.195199452558417
13	-0.19793092750978
13	-0.19793733677412
13.125	-0.19959552718728
13.125	-0.199601382376844
13.25	-0.200064823068385
13.25	-0.200066345685879
13.375	-0.200043765712036
13.375	-0.200043412519727
13.5	-0.199998831128337
13.5	-0.199998626636972
13.625	-0.199996502739866
13.625	-0.199996531823775
13.75	-0.200000144004014
13.75	-0.200000162933238
13.875	-0.200000251522453
13.875	-0.200000247911461
14	-0.199999956331261
14	-0.19999995503386
14.125	-0.199999976804343
14.125	-0.199999977266503
14.25	-0.19999999641334
14.25	-0.199999996393461
14.375	-0.199999991567219
14.375	-0.199999991494413
14.5	-0.199999991016434
14.5	-0.199999991023365
14.625	-0.199999991790646
14.625	-0.199999991809596
14.75	-0.199999991942546
14.75	-0.19999999195831
14.875	-0.199999992177777
14.875	-0.19999999219567
15	-0.199999992101659
15	-0.199999992084016
15.125	-0.19999999248353
15.125	-0.199999992485858
15.25	-0.199999991996023
15.25	-0.199999991949266
15.375	-0.19999999338358
15.375	-0.199999993462842
15.5	-0.199999991502493
15.5	-0.199999991388209
15.625	-0.199999995592179
15.625	-0.199999995821716
15.75	-0.199999988745552
15.75	-0.199999988337606
15.875	-0.200000001323212
15.875	-0.200000002019849
16	-0.199999979876625
16	-0.199999978693884
16.125	-0.200000017241743
16.125	-0.200000019267767
16.25	-0.19999995460976
16.25	-0.199999951301548
16.375	-0.200000058587882
16.375	-0.2000000639472
16.5	-0.199999889711205
16.5	-0.199999881168251
16.625	-0.200000158563081
16.625	-0.20000017178726
16.75	-0.199999740953558
16.75	-0.199999720919637
16.875	-0.200000375506736
16.875	-0.200000405171523
17	-0.19999943873789
17	-0.199999396239326
17.125	-0.200000783371112
17.125	-0.200000842637542
17.25	-0.19999891595603
17.25	-0.199998836251752
17.375	-0.200001416940131
17.375	-0.200001520070177
17.5	-0.199998203513184
17.5	-0.199998075771093
17.625	-0.200002139258831
17.625	-0.200002289403536
17.75	-0.199997588117066
17.75	-0.199997422122206
17.875	-0.200002491348542
17.875	-0.200002660740044
18	-0.199997680652597
18	-0.199997524788288
18.125	-0.200001801020968
18.125	-0.200001922569047
18.25	-0.199999031263997
18.25	-0.199998962528802
18.375	-0.199999903162977
18.375	-0.199999908131906
18.5	-0.200001141591185
18.5	-0.20000119927196
18.625	-0.19999812557446
18.625	-0.199998025470132
18.75	-0.200001973913129
18.75	-0.200002080566659
18.875	-0.199998679390564
18.875	-0.199998605881674
19	-0.2000000634847
19	-0.200000073772296
19.125	-0.200001279868306
19.125	-0.200001338565414
19.25	-0.199997934158435
19.25	-0.199997832445088
19.375	-0.200001881848894
19.375	-0.200001981010264
19.5	-0.199999207455958
19.5	-0.19999914829788
19.625	-0.199999704039754
19.625	-0.199999714086319
19.75	-0.200000800350097
19.75	-0.200000819162132
19.875	-0.199999730266139
19.875	-0.199999709183333
20	-0.199999981793426
0	2.34128738321725e-07
0.125	2.34128738321725e-07
0.125	5.37352001726604e-07
0.25	5.37352001726604e-07
0.25	7.49905196861571e-07
0.375	7.49905196861571e-07
0.375	1.08990184235481e-07
0.5	1.08990184235481e-07
0.5	1.54781623192204e-06
0.625	1.54781623192204e-06
0.625	1.1677852106789e-08
0.75	1.1677852106789e-08
0.75	1.38052118164962e-06
0.875	1.38052118164962e-06
0.875	2.92703372847582e-07
1	2.92703372847582e-07
1	6.44108856856256e-07
1.125	6.44108856856256e-07
1.125	2.91566595663258e-07
1.25	2.91566595663258e-07
1.25	5.68241951998612e-08
1.375	5.68241951998612e-08
1.375	3.40630488320564e-08
1.5	3.40630488320564e-08
1.5	1.01277064235298e-08
1.625	1.01277064235298e-08
1.625	2.90930846789039e-09
1.75	2.90930846789039e-09
1.75	1.19983435031963e-09
1.875	1.19983435031963e-09
1.875	4.12218422240622e-10
2	4.12218422240622e-10
2	1.57340812412825e-10
2.125	1.57340812412825e-10
2.125	5.36989728828965e-10
2.25	5.36989728828965e-10
2.25	9.20602879783702e-10
2.375	9.20602879783702e-10
2.375	1.2361282677276e-09
2.5	1.2361282677276e-09
2.5	2.86289813222078e-09
2.625	2.86289813222078e-09
2.625	5.35293596900763e-09
2.75	5.35293596900763e-09
2.75	7.90818093381714e-09
2.875	7.90818093381714e-09
2.875	1.73129779454312e-08
3	1.73129779454312e-08
3	2.49406160955188e-08
3.125	2.49406160955188e-08
3.125	5.17206814162176e-08
3.25	5.17206814162176e-08
3.25	7.26648279287345e-08
3.375	7.26648279287345e-08
3.375	1.47876642654734e-07
3.5	1.47876642654734e-07
3.5	2.00119700078255e-07
3.625	2.00119700078255e-07
3.625	3.94109823074028e-07
3.75	3.94109823074028e-07
3.75	5.18010618487658e-07
3.875	5.18010618487658e-07
3.875	9.79356635361201e-07
4	9.79356635361201e-07
4	1.24171947031718e-06
4.125	1.24171947031718e-06
4.125	2.24572329651525e-06
4.25	2.24572329651525e-06
4.25	2.72734471669148e-06
4.375	2.72734471669148e-06
4.375	4.68426230462514e-06
4.5	4.68426230462514e-06
4.5	5.40393096904278e-06
4.625	5.40393096904278e-06
4.625	8.71309320963235e-06
4.75	8.71309320963235e-06
4.75	9.42315704299428e-06
4.875	9.42315704299428e-06
4.875	1.40182602154619e-05
5	1.40182602154619e-05
5	1.38910805651639e-05
5.125	1.38910805651639e-05
5.125	1.84491688991259e-05
5.25	1.84491688991259e-05
5.25	1.59610967210299e-05
5.375	1.59610967210299e-05
5.375	1.74205492800722e-05
5.5	1.74205492800722e-05
5.5	1.1175171897653e-05
5.625	1.1175171897653e-05
5.625	6.16242696993315e-06
5.75	6.16242696993315e-06
5.75	3.41532409121565e-06
5.875	3.41532409121565e-06
5.875	1.15096899696571e-05
6	1.15096899696571e-05
6	2.23171106685999e-05
6.125	2.23171106685999e-05
6.125	2.23964948521297e-05
6.25	2.23964948521297e-05
6.25	2.2987587897967e-05
6.375	2.2987587897967e-05
6.375	9.69299955398988e-06
6.5	9.69299955398988e-06
6.5	5.13021138758444e-06
6.625	5.13021138758444e-06
6.625	2.43385289497422e-05
6.75	2.43385289497422e-05
6.75	2.95814286432238e-05
6.875	2.95814286432238e-05
6.875	2.9541536973325e-05
7	2.9541536973325e-05
7	6.98269858558233e-06
7.125	6.98269858558233e-06
7.125	1.7841447119002e-05
7.25	1.7841447119002e-05
7.25	4.19596453992873e-05
7.375	4.19596453992873e-05
7.375	3.33964557364497e-05
7.5	3.33964557364497e-05
7.5	6.8282760736544e-06
7.625	6.8282760736544e-06
7.625	3.62903773336616e-05
7.75	3.62903773336616e-05
7.75	4.83940106974806e-05
7.875	4.83940106974806e-05
7.875	2.80766058312649e-05
8	2.80766058312649e-05
8	3.13494421724147e-05
8.125	3.13494421724147e-05
8.125	5.68573023291796e-05
8.25	5.68573023291796e-05
8.25	2.53452320556625e-05
8.375	2.53452320556625e-05
8.375	5.91865675024379e-05
8.5	5.91865675024379e-05
8.5	7.35277226615e-05
8.625	7.35277226615e-05
8.625	5.79348925556005e-06
8.75	5.79348925556005e-06
8.75	8.87960812777006e-05
8.875	8.87960812777006e-05
8.875	9.18059160065067e-06
9	9.18059160065067e-06
9	0.000156438314419431
9.125	0.000156438314419431
9.125	0.000105804433713392
9.25	0.000105804433713392
9.25	4.17447488926207e-05
9.375	4.17447488926207e-05
9.375	3.37061794403303e-05
9.5	3.37061794403303e-05
9.5	1.5538987677076e-05
9.625	1.5538987677076e-05
9.625	1.60242752877733e-05
9.75	1.60242752877733e-05
9.75	2.71642034739127e-05
9.875	2.71642034739127e-05
9.875	2.55772421093931e-07
10	2.55772421093931e-07
10	4.22244323997238e-05
10.125	4.22244323997238e-05
10.125	3.40111987166476e-06
10.25	3.40111987166476e-06
10.25	3.2660628177974e-05
10.375	3.2660628177974e-05
10.375	1.96761057639731e-05
10.5	1.96761057639731e-05
10.5	7.97274209518874e-07
10.625	7.97274209518874e-07
10.625	5.13873835028808e-05
10.75	5.13873835028808e-05
10.75	1.10683563198728e-05
10.875	1.10683563198728e-05
10.875	3.72405067626174e-05
11	3.72405067626174e-05
11	2.94784336565051e-05
11.125	2.94784336565051e-05
11.125	1.35915217139035e-05
11.25	1.35915217139035e-05
11.25	6.56370912371294e-05
11.375	6.56370912371294e-05
11.375	4.25992077310817e-06
11.5	4.25992077310817e-06
11.5	5.58487886311808e-06
11.625	5.58487886311808e-06
11.625	7.30337273847961e-05
11.75	7.30337273847961e-05
11.75	2.74629219186407e-05
11.875	2.74629219186407e-05
11.875	2.72451555497804e-05
12	2.72451555497804e-05
12	7.594275443179e-05
12.125	7.594275443179e-05
12.125	4.25926494512843e-05
12.25	4.25926494512843e-05
12.25	2.99558038204622e-05
12.375	2.99558038204622e-05
12.375	9.6515118347046e-05
12.5	9.6515118347046e-05
12.5	4.59553985727948e-05
12.625	4.59553985727948e-05
12.625	1.5367036848369e-05
12.75	1.5367036848369e-05
12.75	0.000133634670888663
12.875	0.000133634670888663
12.875	3.42353145408658e-05
13	3.42353145408658e-05
13	0.00014212477156182
13.125	0.00014212477156182
13.125	0.000139794097700943
13.25	0.000139794097700943
13.25	4.44058759451062e-05
13.375	4.44058759451062e-05
13.375	5.02850536242888e-06
13.5	5.02850536242888e-06
13.5	5.73256998808989e-06
13.625	5.73256998808989e-06
13.625	3.78937933894408e-08
13.75	3.78937933894408e-08
13.75	4.88180420055954e-07
13.875	4.88180420055954e-07
13.875	4.170872389104e-08
14	4.170872389104e-08
14	4.30552337408458e-08
14.125	4.30552337408458e-08
14.125	8.43410367934903e-09
14.25	8.43410367934903e-09
14.25	3.45752752981718e-09
14.375	3.45752752981718e-09
14.375	4.27714152976888e-10
14.5	4.27714152976888e-10
14.5	6.64801535933935e-11
14.625	6.64801535933935e-11
14.625	2.57536210323899e-10
14.75	2.57536210323899e-10
14.75	5.45838920828618e-10
14.875	5.45838920828618e-10
14.875	2.82310466817067e-10
15	2.82310466817067e-10
15	4.49033395918552e-11
15.125	4.49033395918552e-11
15.125	6.99452336928902e-10
15.25	6.99452336928902e-10
15.25	2.46641222127375e-10
15.375	2.46641222127375e-10
15.375	5.8593721605351e-10
15.5	5.8593721605351e-10
15.5	2.08301817126758e-09
15.625	2.08301817126758e-09
15.625	2.52516522800548e-09
15.75	2.52516522800548e-09
15.75	5.43152477676358e-09
15.875	5.43152477676358e-09
15.875	8.11030936786689e-09
16	8.11030936786689e-09
16	1.69498308828302e-08
16.125	1.69498308828302e-08
16.125	2.28685454105279e-08
16.25	2.28685454105279e-08
16.25	4.70870147211018e-08
16.375	4.70870147211018e-08
16.375	6.33445681896826e-08
16.5	6.33445681896826e-08
16.5	1.20990197369832e-07
16.625	1.20990197369832e-07
16.625	1.57372290073533e-07
16.75	1.57372290073533e-07
16.75	2.88794838284781e-07
16.875	2.88794838284781e-07
16.875	3.55015178701693e-07
17	3.55015178701693e-07
17	6.18924834767936e-07
17.125	6.18924834767936e-07
17.125	7.19758146383272e-07
17.25	7.19758146383272e-07
17.25	1.16853676720921e-06
17.375	1.16853676720921e-06
17.375	1.27023341873228e-06
17.5	1.27023341873228e-06
17.5	1.89057625639076e-06
17.625	1.89057625639076e-06
17.625	1.87148690574343e-06
17.75	1.87148690574343e-06
17.75	2.47724247473681e-06
17.875	2.47724247473681e-06
17.875	2.13559156386676e-06
18	2.13559156386676e-06
18	2.3366804041077e-06
18.125	2.3366804041077e-06
18.125	1.53612886516443e-06
18.25	1.53612886516443e-06
18.25	1.00667272518824e-06
18.375	1.00667272518824e-06
18.375	1.42365225956094e-08
18.5	1.42365225956094e-08
18.5	8.15238376391317e-07
18.625	8.15238376391317e-07
18.625	1.6102287823862e-06
18.75	1.6102287823862e-06
18.75	1.46268760865983e-06
18.875	1.46268760865983e-06
18.875	1.157934036563e-06
19	1.157934036563e-06
19	8.55331165287979e-08
19.125	8.55331165287979e-08
19.125	8.46786448791571e-07
19.25	8.46786448791571e-07
19.25	1.66372514179842e-06
19.375	1.66372514179842e-06
19.375	1.3627214138269e-06
19.5	1.3627214138269e-06
19.5	8.81053546354087e-07
19.625	8.81053546354087e-07
19.625	1.24116423170654e-08
19.75	1.24116423170654e-08
19.75	3.4719803792769e-07
19.875	3.4719803792769e-07
19.875	3.36996517950486e-07
20	3.36996517950486e-07
