3	1
640
0	1.19999999981286
0.0625	1.20000000629899
0.0625	1.20000000634674
0.125	1.20000000476523
0.125	1.20000000516019
0.1875	1.19999997831414
0.1875	1.19999997725806
0.25	1.20000002022528
0.25	1.20000002091442
0.3125	1.20000000703876
0.3125	1.20000000754454
0.375	1.19999995565112
0.375	1.19999995379285
0.4375	1.20000003454857
0.4375	1.20000003547754
0.5	1.20000003452822
0.5	1.20000003601073
0.5625	1.19999991963908
0.5625	1.19999991629212
0.625	1.20000003859988
0.625	1.20000003956221
0.6875	1.20000007470755
0.6875	1.2000000777595
0.75	1.19999987036578
0.75	1.19999986528575
0.8125	1.20000002061496
0.8125	1.20000002101771
0.875	1.2000001378938
0.875	1.20000014291724
0.9375	1.19999984824551
0.9375	1.19999984279307
1	1.19999994645934
1	1.19999994381519
1.0625	1.20000023323809
1.0625	1.20000024110928
1.125	1.19999988147805
1.125	1.19999987769568
1.1875	1.19999979431647
1.1875	1.19999978596192
1.25	1.20000031076272
1.25	1.20000032079016
1.3125	1.20000001999292
1.3125	1.20000002098606
1.375	1.19999960853863
1.375	1.19999959451944
1.4375	1.20000024048276
1.4375	1.20000024725931
1.5	1.20000031819601
1.5	1.2000003283685
1.5625	1.1999995146549
1.5625	1.19999949872626
1.625	1.19999990573513
1.625	1.19999990045255
1.6875	1.2000006859614
1.6875	1.20000070652415
1.75	1.19999974183466
1.75	1.19999973467144
1.8125	1.19999928784402
1.8125	1.19999926402192
1.875	1.20000067759981
1.875	1.20000069498602
1.9375	1.20000058899602
1.9375	1.20000060633695
2	1.19999891849676
2	1.19999888865201
2.0625	1.19999960084045
2.0625	1.19999958485373
2.125	1.20000155642141
2.125	1.200001593469
2.1875	1.20000024874902
2.1875	1.20000025593316
2.25	1.19999815024811
2.25	1.19999810067257
2.3125	1.20000008917147
2.3125	1.2000000862844
2.375	1.2000023372433
2.375	1.20000238813683
2.4375	1.19999991748342
2.4375	1.19999991951594
2.5	1.19999708502157
2.5	1.19999702107878
2.5625	1.19999971273508
2.5625	1.1999997004662
2.625	1.20000353048097
2.625	1.20000359124298
2.6875	1.20000172251168
2.6875	1.20000173933715
2.75	1.19999791666724
2.75	1.19999785638251
2.8125	1.19999927407833
2.8125	1.19999923851572
2.875	1.20000385844692
2.875	1.20000391012428
2.9375	1.20000344781087
2.9375	1.20000350549785
3	1.1999971749781
3	1.19999713962813
3.0625	1.19999382319273
3.0625	1.19999373466134
3.125	1.19999902880502
3.125	1.19999898534678
3.1875	1.20000879955429
3.1875	1.20000883838929
3.25	1.20001475194295
3.25	1.20001482084729
3.3125	1.20001325044725
3.3125	1.20001328128759
3.375	1.20000772203111
3.375	1.20000771527498
3.4375	1.20000251871258
3.4375	1.20000249099699
3.5	1.19999999054386
3.5	1.1999999711478
3.5625	1.19999957322003
3.5625	1.19999957128057
3.625	1.19999968142541
3.625	1.19999967818938
3.6875	1.20000001182577
3.6875	1.20000001641501
3.75	1.19999997976468
3.75	1.19999997899507
3.8125	1.19999994656476
3.8125	1.19999994429885
3.875	1.20000004576969
3.875	1.20000004983399
3.9375	1.19999987264622
3.9375	1.1999998669888
4	1.20000002769869
4	1.20000003103298
4.0625	1.19999996474709
4.0625	1.19999996466162
4.125	1.19999989403886
4.125	1.19999988972572
4.1875	1.20000008101038
4.1875	1.2000000870274
4.25	1.19999985748793
4.25	1.1999998509641
4.3125	1.20000001129781
4.3125	1.20000001353845
4.375	1.20000001892526
4.375	1.20000002152952
4.4375	1.19999983639182
4.4375	1.19999982841412
4.5	1.20000012771644
4.5	1.20000013572945
4.5625	1.19999987474804
4.5625	1.19999986892152
4.625	1.19999995534205
4.625	1.19999995399595
4.6875	1.20000012245105
4.6875	1.20000012982963
4.75	1.19999977389311
4.75	1.19999976172678
4.8125	1.20000014468677
4.8125	1.20000015290071
4.875	1.19999996465019
4.875	1.19999996334171
4.9375	1.19999983598151
4.9375	1.1999998271436
5	1.20000024821117
5	1.20000026112132
5.0625	1.19999976454186
5.0625	1.1999997514043
5.125	1.20000005410483
5.125	1.20000005693783
5.1875	1.20000016040416
5.1875	1.2000001684183
5.25	1.19999968183119
5.25	1.19999966388027
5.3125	1.20000029027224
5.3125	1.20000030458411
5.375	1.19999991806346
5.375	1.19999991327372
5.4375	1.1999997946711
5.4375	1.1999997831362
5.5	1.20000039532062
5.5	1.20000041435627
5.5625	1.199999650961
5.5625	1.19999963164822
5.625	1.2000000671021
5.625	1.20000006997852
5.6875	1.20000029771113
5.6875	1.2000003118701
5.75	1.19999949272993
5.75	1.19999946491369
5.8125	1.20000039737397
5.8125	1.2000004161601
5.875	1.20000000550511
5.875	1.20000000547783
5.9375	1.1999995411518
5.9375	1.19999951616849
6	1.20000064980096
6	1.20000068022514
6.0625	1.19999960077488
6.0625	1.19999957930977
6.125	1.1999998302439
6.125	1.19999982063153
6.1875	1.20000069220152
6.1875	1.2000007242762
6.25	1.19999923090559
6.25	1.19999919005967
6.3125	1.20000028892967
6.3125	1.20000030182042
6.375	1.20000046982329
6.375	1.20000049089934
6.4375	1.19999904239663
6.4375	1.19999899239428
6.5	1.20000076836532
6.5	1.20000080323202
6.5625	1.20000004663861
6.5625	1.20000004774314
6.625	1.19999908684142
6.625	1.19999904027889
6.6875	1.20000114499197
6.6875	1.20000119578034
6.75	1.19999953819273
6.75	1.19999951424962
6.8125	1.19999931962494
6.8125	1.19999928516176
6.875	1.20000138849803
6.875	1.20000144891303
6.9375	1.19999901147146
6.9375	1.19999896250719
7	1.19999968480771
7	1.19999966804509
7.0625	1.20000151681504
7.0625	1.20000158204788
7.125	1.19999847651302
7.125	1.19999840248083
7.1875	1.20000016943787
7.1875	1.20000017479435
7.25	1.20000152751151
7.25	1.20000159248156
7.3125	1.19999795045304
7.3125	1.19999785177148
7.375	1.20000076009295
7.375	1.20000079055494
7.4375	1.20000141004413
7.4375	1.20000146850267
7.5	1.19999747992878
7.5	1.19999736040835
7.5625	1.20000138565301
7.5625	1.20000144218898
7.625	1.20000121639077
7.625	1.20000126469109
7.6875	1.19999708027726
7.6875	1.19999694514198
7.75	1.20000194498093
7.75	1.20000202329597
7.8125	1.20000108711157
7.8125	1.20000112818726
7.875	1.19999667301409
7.875	1.1999965234908
7.9375	1.20000237910933
7.9375	1.20000247215183
8	1.20000118774425
8	1.20000123191126
8.0625	1.19999611508098
8.0625	1.19999594490347
8.125	1.20000269216058
8.125	1.20000279383486
8.1875	1.20000163744521
8.1875	1.20000169898208
8.25	1.1999953068696
8.25	1.19999510502135
8.3125	1.20000286428326
8.3125	1.20000296916977
8.375	1.20000250393549
8.375	1.2000025977384
8.4375	1.19999429554863
8.4375	1.19999405439449
8.5	1.20000272172724
8.5	1.20000281882819
8.5625	1.20000385474432
8.5625	1.20000399589564
8.625	1.19999332940364
8.625	1.19999305399529
8.6875	1.2000018657325
8.6875	1.2000019298544
8.75	1.20000575057508
8.75	1.20000595485488
8.8125	1.19999289788381
8.8125	1.1999926142372
8.875	1.19999974643084
8.875	1.19999973335573
8.9375	1.20000806301592
8.9375	1.2000083413449
9	1.19999378350845
9	1.19999354347014
9.0625	1.19999594738055
9.0625	1.19999578912157
9.125	1.2000100862619
9.125	1.2000104230641
9.1875	1.19999702376259
9.1875	1.19999691392633
9.25	1.19999075338957
9.25	1.19999040784931
9.3125	1.20001011589394
9.3125	1.20001043968285
9.375	1.20000342593125
9.375	1.20000353780008
9.4375	1.19998605855341
9.4375	1.19998555771371
9.5	1.20000560665212
9.5	1.20000577228509
9.5625	1.20001213338957
9.5625	1.20001251493657
9.625	1.19998600881714
9.625	1.19998552407655
9.6875	1.19999497811568
9.6875	1.19999479942978
9.75	1.20001845744103
9.75	1.2000190114397
9.8125	1.19999560494029
9.8125	1.19999545223975
9.875	1.19998179131553
9.875	1.19998120950876
9.9375	1.20001350873572
9.9375	1.20001387615782
10	1.20001462207709
10	1.20001503030145
10.0625	1.1999785800928
10.0625	1.19997794127659
10.125	1.19999151591612
10.125	1.1999912231047
10.1875	1.20002815387106
10.1875	1.20002890591446
10.25	1.19999999162159
10.25	1.20000000392756
10.3125	1.19996731701386
10.3125	1.19996637281117
10.375	1.20000986387757
10.375	1.20001008097221
10.4375	1.20003477310846
10.4375	1.20003564283166
10.5	1.19998130795287
10.5	1.19998081157176
10.5625	1.19996389589268
10.5625	1.19996295937977
10.625	1.20002523670968
10.625	1.20002576404688
10.6875	1.20004014631221
10.6875	1.20004103990944
10.75	1.19997026886559
10.75	1.19996963168003
10.8125	1.19995091440194
10.8125	1.19994973660528
10.875	1.20003261031817
10.875	1.200033163242
10.9375	1.20006356543145
10.9375	1.20006487093191
11	1.19997028004317
11	1.19996974588043
11.0625	1.19991689842678
11.0625	1.19991522826486
11.125	1.20001167699623
11.125	1.2000117233653
11.1875	1.20010570613809
11.1875	1.20010735114135
11.25	1.20003677119592
11.25	1.20003754090531
11.3125	1.19988371465031
11.3125	1.19988219093473
11.375	1.19987001514584
11.375	1.1998678573883
11.4375	1.20006042087256
11.4375	1.2000606005162
11.5	1.20023067491719
11.5	1.20023345985845
11.5625	1.20009608632167
11.5625	1.20009948102203
11.625	1.19956410346928
11.625	1.19956668146837
11.6875	1.19871665469006
11.6875	1.19871794338899
11.75	1.19770409236631
11.75	1.19770416074185
11.8125	1.19666571499539
11.8125	1.19666540855981
11.875	1.19565498312168
11.875	1.19565475422891
11.9375	1.19467406375598
11.9375	1.19467364917134
12	1.19373512751612
12	1.19373484762696
12.0625	1.19282756472799
12.0625	1.19282748324236
12.125	1.1919364436737
12.125	1.19193606918539
12.1875	1.19108155199913
12.1875	1.19108124338916
12.25	1.19025920025573
12.25	1.19025913345705
12.3125	1.18945242918005
12.3125	1.18945203771985
12.375	1.18868332614858
12.375	1.18868296506626
12.4375	1.18795064389138
12.4375	1.18795060306724
12.5	1.18723183517735
12.5	1.18723144738066
12.5625	1.18655051415354
12.5625	1.18655007978756
12.625	1.18591086641214
12.625	1.18591084861024
12.6875	1.1852836978691
12.6875	1.18528334070808
12.75	1.18469202841411
12.75	1.18469149875809
12.8125	1.18414882907231
12.8125	1.18414881908494
12.875	1.18361796563916
12.875	1.18361768032235
12.9375	1.18311783726037
12.9375	1.18311719760803
13	1.18267402958959
13	1.18267399030156
13.0625	1.18224534469111
13.0625	1.18224518393773
13.125	1.18183910953664
13.125	1.18183836792191
13.1875	1.18149651842986
13.1875	1.18149637690638
13.25	1.1811770737861
13.25	1.1811770748408
13.3125	1.18086854826398
13.3125	1.18086775610944
13.375	1.18062715418643
13.375	1.18062679589037
13.4375	1.18042443552877
13.4375	1.18042460152217
13.5	1.1802205618859
13.5	1.18021984632885
13.5625	1.18007835189421
13.5625	1.1800776681707
13.625	1.17999809118444
13.625	1.17999834504217
13.6875	1.17991082512105
13.6875	1.17991038839391
13.75	1.17986559600127
13.75	1.17986455867959
13.8125	1.17990784493909
13.8125	1.1799079662605
13.875	1.17995443308835
13.875	1.17995446249551
13.9375	1.18000926322117
13.9375	1.18000804810601
14	1.18016440306085
14	1.18016402285624
14.0625	1.18036227578366
14.0625	1.18036274900789
14.125	1.18053464814693
14.125	1.18053372593661
14.1875	1.18078529284327
14.1875	1.18078411512346
14.25	1.18113749678381
14.25	1.18113798129331
14.3125	1.18146506540223
14.3125	1.18146504062952
14.375	1.18180400643437
14.375	1.1818023418942
14.4375	1.18228104380679
14.4375	1.18228064260574
14.5	1.18280466353758
14.5	1.18280551484806
14.5625	1.18327020074778
14.5625	1.18326923141401
14.625	1.18381925869649
14.625	1.18381742018362
14.6875	1.18452568404987
14.6875	1.18452611118594
14.75	1.18521145844825
14.75	1.18521224550509
14.8125	1.18583918057246
14.8125	1.18583739734656
14.875	1.1866179316113
14.875	1.18661610964011
14.9375	1.18755930568416
14.9375	1.18756029436247
15	1.18842866690747
15	1.18842953415797
15.0625	1.18922732330593
15.0625	1.18922507716249
15.125	1.19022116411283
15.125	1.19021881558859
15.1875	1.19142972085882
15.1875	1.19143075267857
15.25	1.1925571661616
15.25	1.19255900393512
15.3125	1.19351737287499
15.3125	1.19351581598544
15.375	1.19461883295917
15.375	1.19461489900703
15.4375	1.19608968103396
15.4375	1.19608831738606
15.5	1.19769801389387
15.5	1.19770100907768
15.5625	1.19899007465603
15.5625	1.19899494210398
15.625	1.19973085072599
15.625	1.19973465953661
15.6875	1.20000935323585
15.6875	1.20001114068304
15.75	1.20004922382821
15.75	1.20004960494136
15.8125	1.20002308237951
15.8125	1.20002294787469
15.875	1.20000296619499
15.875	1.20000282084842
15.9375	1.19999784686362
15.9375	1.19999780349663
16	1.19999874722598
16	1.19999875122545
16.0625	1.1999998724988
16.0625	1.19999988062708
16.125	1.20000013855584
16.125	1.20000014114581
16.1875	1.20000003570772
16.1875	1.20000003402425
16.25	1.20000001431034
16.25	1.20000001475939
16.3125	1.19999998442171
16.3125	1.1999999838504
16.375	1.19999999418842
16.375	1.19999999397129
16.4375	1.20000001737813
16.4375	1.20000001826215
16.5	1.19999997916611
16.5	1.19999997786728
16.5625	1.20000001641276
16.5625	1.20000001726692
16.625	1.19999999729258
16.625	1.19999999708612
16.6875	1.19999998696065
16.6875	1.19999998619804
16.75	1.20000002341913
16.75	1.20000002461174
16.8125	1.19999997756896
16.8125	1.19999997622469
16.875	1.20000000962733
16.875	1.20000001013616
16.9375	1.20000000900738
16.9375	1.20000000942624
17	1.19999997579223
17	1.19999997438832
17.0625	1.20000002722512
17.0625	1.20000002860451
17.125	1.19999998484571
17.125	1.19999998393198
17.1875	1.19999999417747
17.1875	1.19999999385755
17.25	1.20000002517726
17.25	1.20000002640065
17.3125	1.19999996904366
17.3125	1.19999996725926
17.375	1.20000001929975
17.375	1.20000002027743
17.4375	1.20000000480042
17.4375	1.20000000497551
17.5	1.19999997275428
17.5	1.19999997123887
17.5625	1.20000003475482
17.5625	1.20000003644457
17.625	1.19999997909536
17.625	1.19999997787895
17.6875	1.19999999362749
17.6875	1.19999999330024
17.75	1.20000003164349
17.75	1.20000003313428
17.8125	1.1999999624182
17.8125	1.19999996032662
17.875	1.20000002000769
17.875	1.20000002099155
17.9375	1.20000001202663
17.9375	1.20000001252349
18	1.19999996248711
18	1.19999996047404
18.0625	1.2000000391351
18.0625	1.20000004099564
18.125	1.19999998577537
18.125	1.19999998492854
18.1875	1.19999997827207
18.1875	1.19999997716751
18.25	1.20000004384429
18.25	1.20000004586446
18.3125	1.19999996381936
18.3125	1.19999996185909
18.375	1.20000000217257
18.375	1.20000000231855
18.4375	1.20000003421231
18.4375	1.20000003572366
18.5	1.19999995289539
18.5	1.19999995043345
18.5625	1.20000002531598
18.5625	1.20000002652593
18.625	1.20000001557879
18.625	1.20000001617297
18.6875	1.1999999541911
18.6875	1.19999995188602
18.75	1.20000004127231
18.75	1.20000004316432
18.8125	1.19999999497905
18.8125	1.19999999457749
18.875	1.19999996461572
18.875	1.19999996292175
18.9375	1.20000004787272
18.9375	1.20000004998744
19	1.19999997794815
19	1.19999997671358
19.0625	1.19999997905216
19.0625	1.19999997813285
19.125	1.20000004595536
19.125	1.20000004790942
19.1875	1.19999996742621
19.1875	1.19999996572629
19.25	1.19999999281065
19.25	1.19999999261031
19.3125	1.20000003851135
19.3125	1.20000004007556
19.375	1.1999999643479
19.375	1.19999996255128
19.4375	1.20000000273877
19.4375	1.20000000299952
19.5	1.20000002863457
19.5	1.20000002971175
19.5625	1.19999996829054
19.5625	1.19999996674226
19.625	1.20000000727004
19.625	1.20000000774523
19.6875	1.2000000183207
19.6875	1.20000001890918
19.75	1.19999997812974
19.75	1.19999997708083
19.8125	1.20000000587411
19.8125	1.20000000631376
19.875	1.20000000786736
19.875	1.200000007991
19.9375	1.19999999359057
19.9375	1.199999993269
20	1.19999999975116
0	0.475400000093285
0.0625	0.475400000732584
0.0625	0.475400001081512
0.125	0.475400000240608
0.125	0.475399999615441
0.1875	0.475399998522534
0.1875	0.475399998492363
0.25	0.475400001248429
0.25	0.475400002317308
0.3125	0.475400000937293
0.3125	0.475399999479016
0.375	0.475399996589377
0.375	0.475399996490351
0.4375	0.475400002366224
0.4375	0.475400004426415
0.5	0.475400003281641
0.5	0.475400000940731
0.5625	0.475399993410128
0.5625	0.475399992617477
0.625	0.475400001121483
0.625	0.475400004937079
0.6875	0.475400006191882
0.6875	0.475400002983888
0.75	0.475399989209174
0.75	0.475399987150968
0.8125	0.475399998170114
0.8125	0.475400003843537
0.875	0.475400012370327
0.875	0.475400009516591
0.9375	0.475399988149575
0.9375	0.47539998332447
1	0.47539999214031
1	0.475399998885553
1.0625	0.475400020439426
1.0625	0.475400020788322
1.125	0.475399992496085
1.125	0.475399983088397
1.1875	0.475399979872211
1.1875	0.475399985911854
1.25	0.475400024900135
1.25	0.475400031419258
1.3125	0.475400006518229
1.3125	0.475399993393476
1.375	0.475399964522376
1.375	0.475399965602098
1.4375	0.47540001535871
1.4375	0.475400029106213
1.5	0.475400033629609
1.5	0.475400022471628
1.5625	0.475399959215089
1.5625	0.475399949102265
1.625	0.475399983983227
1.625	0.475400001924591
1.6875	0.475400064070432
1.6875	0.475400065714969
1.75	0.475399984258995
1.75	0.475399960046062
1.8125	0.475399929609473
1.8125	0.475399938389634
1.875	0.475400054189891
1.875	0.475400077526682
1.9375	0.475400064986306
1.9375	0.475400043001588
2	0.475399901825478
2	0.475399880895706
2.0625	0.475399948528635
2.0625	0.475399978456508
2.125	0.475400149144506
2.125	0.475400166052073
2.1875	0.475400039887213
2.1875	0.475399997661684
2.25	0.475399822707444
2.25	0.475399810901339
2.3125	0.475399985701192
2.3125	0.475400032537821
2.375	0.475400239047183
2.375	0.475400248457479
2.4375	0.475400009361205
2.4375	0.475399955663268
2.5	0.475399707545944
2.5	0.475399690778142
2.5625	0.475399942908274
2.5625	0.475399997961584
2.625	0.475400364593442
2.625	0.475400385067646
2.6875	0.475400209841198
2.6875	0.475400157559933
2.75	0.475399801635681
2.75	0.475399768590675
2.8125	0.475399907250144
2.8125	0.475399950946217
2.875	0.475400394277181
2.875	0.475400442097474
2.9375	0.475400380563955
2.9375	0.475400352880671
3	0.475399720391552
3	0.475399652194576
3.0625	0.47539933177888
3.0625	0.475399312831454
3.125	0.475399874648553
3.125	0.47539991791441
3.1875	0.475400955517506
3.1875	0.475401004241341
3.25	0.475401642219367
3.25	0.47540164925143
3.3125	0.475401499689821
3.3125	0.475401478834532
3.375	0.475400877367713
3.375	0.475400855799486
3.4375	0.475400292696608
3.4375	0.475400282707837
3.5	0.475399996590643
3.5	0.475400004535775
3.5625	0.475399945455962
3.5625	0.475399948887021
3.625	0.475399968217821
3.625	0.47539996937586
3.6875	0.475399996582429
3.6875	0.475399998781326
3.75	0.475400001218867
3.75	0.475399997087717
3.8125	0.475399994788223
3.8125	0.475399997977649
3.875	0.475400000958302
3.875	0.47539999886061
3.9375	0.475399992171252
3.9375	0.475399991025386
4	0.475399996658872
4	0.475400000748724
4.0625	0.475399997951981
4.0625	0.47539999274575
4.125	0.475399990425019
4.125	0.475399993965151
4.1875	0.475400001931396
4.1875	0.47540000083381
4.25	0.475399992422413
4.25	0.4753999892805
4.3125	0.475399995457114
4.3125	0.475400001763168
4.375	0.475400002696271
4.375	0.475399995873479
4.4375	0.475399989360246
4.4375	0.475399991989288
4.5	0.475400004345004
4.5	0.47540000630212
4.5625	0.475399995680428
4.5625	0.475399989026161
4.625	0.475399991787953
4.625	0.475400000334334
4.6875	0.475400008628468
4.6875	0.475400001714921
4.75	0.475399987822415
4.75	0.475399987087
4.8125	0.475400003139047
4.8125	0.475400011083545
4.875	0.475400002807922
4.875	0.475399991319383
4.9375	0.475399986607497
4.9375	0.475399994727335
5	0.475400013603655
5	0.475400011518649
5.0625	0.475399990172997
5.0625	0.475399982488742
5.125	0.475399994136728
5.125	0.47540000823109
5.1875	0.475400014683221
5.1875	0.47540000129209
5.25	0.475399980994845
5.25	0.475399983106675
5.3125	0.475400011961206
5.3125	0.475400021728451
5.375	0.475400003917937
5.375	0.475399986663567
5.4375	0.475399981651884
5.4375	0.475399995428572
5.5	0.475400025944641
5.5	0.47540002193999
5.5625	0.475399986417005
5.5625	0.475399974504361
5.625	0.475399993114688
5.625	0.475400014758523
5.6875	0.4754000281589
5.6875	0.47540000879179
5.75	0.475399971100679
5.75	0.475399971002588
5.8125	0.475400016172147
5.8125	0.475400035960075
5.875	0.475400013944867
5.875	0.475399985651348
5.9375	0.475399966065338
5.9375	0.475399981941273
6	0.47540003914988
6	0.475400043597622
6.0625	0.47539998886273
6.0625	0.475399961872093
6.125	0.47539997213259
6.125	0.475400004512604
6.1875	0.475400052796835
6.1875	0.475400034315677
6.25	0.475399959752411
6.25	0.475399944196412
6.3125	0.475399997432192
6.3125	0.475400037493383
6.375	0.475400049463973
6.375	0.47540001025227
6.4375	0.475399937639725
6.4375	0.475399940621462
6.5	0.475400033578456
6.5	0.475400069252108
6.5625	0.475400026739655
6.5625	0.475399975490307
6.625	0.475399928388674
6.625	0.475399952817205
6.6875	0.475400069918264
6.6875	0.475400088243181
6.75	0.475399995031444
6.75	0.475399940436189
6.8125	0.475399929779074
6.8125	0.475399976567061
6.875	0.475400100331669
6.875	0.475400095081789
6.9375	0.475399956297666
6.9375	0.475399905712998
7	0.475399942746026
7	0.475400009471753
7.0625	0.475400123748202
7.0625	0.475400091503842
7.125	0.475399913809353
7.125	0.475399871961753
7.1875	0.475399967498676
7.1875	0.475400051572774
7.25	0.475400138960288
7.25	0.475400077802962
7.3125	0.475399869215124
7.3125	0.475399839559142
7.375	0.475400004378596
7.375	0.475400101896012
7.4375	0.475400144365619
7.4375	0.475400055340907
7.5	0.475399825434685
7.5	0.475399812032625
7.5625	0.475400048291419
7.5625	0.475400154466092
7.625	0.475400144264244
7.625	0.475400030361237
7.6875	0.475399783551504
7.6875	0.475399786305332
7.75	0.475400090446358
7.75	0.475400203133544
7.8125	0.475400145704688
7.8125	0.475400011359165
7.875	0.475399741537806
7.875	0.475399754482604
7.9375	0.475400124857259
7.9375	0.475400248394912
8	0.475400163581191
8	0.475400010133857
8.0625	0.475399693012835
8.0625	0.475399705888425
8.125	0.475400144378811
8.125	0.475400290186006
8.1875	0.475400207958299
8.1875	0.475400033314615
8.25	0.475399630118964
8.25	0.475399631093245
8.3125	0.475400142780984
8.3125	0.475400324787763
8.375	0.475400288419268
8.375	0.475400091919008
8.4375	0.475399556198119
8.4375	0.475399531351541
8.5	0.475400106533724
8.5	0.475400335175002
8.5625	0.475400411692388
8.5625	0.475400203831169
8.625	0.475399492653074
8.625	0.475399422348931
8.6875	0.475400009298719
8.6875	0.475400285089011
8.75	0.475400577820998
8.75	0.475400389526682
8.8125	0.475399479502596
8.8125	0.475399336608044
8.875	0.475399808404738
8.875	0.475400114766498
8.9375	0.47540076236616
8.9375	0.475400652292574
9	0.475399582772948
9	0.475399324009022
9.0625	0.475399496992042
9.0625	0.475399784870106
9.125	0.475400877038892
9.125	0.475400937036124
9.1875	0.475399894054255
9.1875	0.475399510980409
9.25	0.475399102596451
9.25	0.475399283990415
9.3125	0.475400777168523
9.3125	0.475401065557663
9.375	0.47540048608138
9.375	0.47540004312238
9.4375	0.475398783989267
9.4375	0.47539875044762
9.5	0.475400260534761
9.5	0.475400750765227
9.5625	0.4754012582513
9.5625	0.475400934614373
9.625	0.475398893025699
9.625	0.475398550567729
9.6875	0.475399262487524
9.6875	0.475399775479799
9.75	0.475401715496742
9.75	0.475401783172774
9.8125	0.475399849794494
9.8125	0.475399243764426
9.875	0.475398199455393
9.875	0.475398383647563
9.9375	0.475401030218683
9.9375	0.475401578061303
10	0.475401619709886
10	0.475401142852718
10.0625	0.475398133725567
10.0625	0.475397700787292
10.125	0.47539887569994
10.125	0.475399519410949
10.1875	0.475402662024911
10.1875	0.475402916645219
10.25	0.475400320618701
10.25	0.475399461121288
10.3125	0.475396867943127
10.3125	0.47539683529835
10.375	0.475400506136353
10.375	0.47540142426963
10.4375	0.475403612043419
10.4375	0.475403353874565
10.5	0.475398537571179
10.5	0.475397597721631
10.5625	0.475396194720983
10.5625	0.475396547606248
10.625	0.475402136969882
10.625	0.475403057206573
10.6875	0.475404337752231
10.6875	0.47540391545516
10.75	0.475397340847098
10.75	0.475396265219191
10.8125	0.475394816124963
10.8125	0.475395174424009
10.875	0.475402856309827
10.875	0.475404068322045
10.9375	0.475406787271053
10.9375	0.475406485919402
11	0.475397444044782
11	0.475395990447769
11.0625	0.475391283665581
11.0625	0.475391294600269
11.125	0.47540051672447
11.125	0.475401952737505
11.1875	0.475411232179776
11.1875	0.475411773488088
11.25	0.47540438976909
11.25	0.47540321343392
11.3125	0.475387936317306
11.3125	0.475386358770647
11.375	0.475385833997909
11.375	0.47538615373927
11.4375	0.475405814782138
11.4375	0.475407807051417
11.5	0.47542488238867
11.5	0.475426526311726
11.5625	0.475410442102127
11.5625	0.475411049311509
11.625	0.475351188102389
11.625	0.475351073795405
11.6875	0.475256136772747
11.6875	0.475255606794874
11.75	0.475142207932151
11.75	0.475141731225034
11.8125	0.475024761752219
11.8125	0.47502468806306
11.875	0.474910296306701
11.875	0.474910188617224
11.9375	0.474799354946402
11.9375	0.474799216381871
12	0.474692550429236
12	0.474692673665366
12.0625	0.474589266051802
12.0625	0.474589162426771
12.125	0.474488004768987
12.125	0.474487796628222
12.1875	0.474390182826088
12.1875	0.47439030410172
12.25	0.474296034140299
12.25	0.474295941618913
12.3125	0.474203952014583
12.3125	0.474203699726875
12.375	0.47411548866872
12.375	0.474115621831825
12.4375	0.474031122807064
12.4375	0.474031064159464
12.5	0.473948785088217
12.5	0.473948474474244
12.5625	0.473870080850726
12.5625	0.47387021043292
12.625	0.473795990666076
12.625	0.473795994013955
12.6875	0.473723948315648
12.6875	0.47372357139509
12.75	0.473655393227986
12.75	0.47365549250915
12.8125	0.473592067859066
12.8125	0.473592168255455
12.875	0.473530955439113
12.875	0.473530516937663
12.9375	0.473472946748614
12.9375	0.473472970962122
13	0.473420820350724
13	0.473421051955705
13.0625	0.473371369766006
13.0625	0.473370900687343
13.125	0.473324353492502
13.125	0.473324238080488
13.1875	0.473283753648767
13.1875	0.473284115383762
13.25	0.473246790900274
13.25	0.473246366367124
13.3125	0.473211317799339
13.3125	0.473210986030898
13.375	0.473182445564085
13.375	0.473182884366562
13.4375	0.473158750278742
13.4375	0.473158512733058
13.5	0.473135683719459
13.5	0.473135090392345
13.5625	0.473118572375826
13.5625	0.473118959784662
13.625	0.473108710396081
13.625	0.473108825488041
13.6875	0.473099356803178
13.6875	0.473098551629413
13.75	0.473094059721213
13.75	0.473094174529383
13.8125	0.473098029662845
13.8125	0.473098576068365
13.875	0.47310414287905
13.875	0.473103361502724
13.9375	0.473111197876492
13.9375	0.473110785714131
14	0.473128186372198
14	0.473128972370436
14.0625	0.473151350541822
14.0625	0.473151051926087
14.125	0.473172603339249
14.125	0.473171578173951
14.1875	0.473201314329418
14.1875	0.47320181964684
14.25	0.473241409665688
14.25	0.473242027545436
14.3125	0.473280663717107
14.3125	0.473279482735009
14.375	0.473320824281098
14.375	0.473320364430702
14.4375	0.473374796950445
14.4375	0.473375955715849
14.5	0.473435779019328
14.5	0.47343553040231
14.5625	0.473491298927637
14.5625	0.473489770654505
14.625	0.473554660500492
14.625	0.473555034964129
14.6875	0.473634918984178
14.6875	0.473636212648444
14.75	0.473715233342822
14.75	0.473714185350251
14.8125	0.47378920004125
14.8125	0.473787628408438
14.875	0.473877916508908
14.875	0.473878912909461
14.9375	0.473984991828533
14.9375	0.47398634923932
15	0.474086280845964
15	0.474084828628952
15.0625	0.474179419462302
15.0625	0.474177512262207
15.125	0.474291978790101
15.125	0.474293068418647
15.1875	0.474428505803857
15.1875	0.474430469625476
15.25	0.474558224515988
15.25	0.47455734436376
15.3125	0.474669267718831
15.3125	0.474666409215432
15.375	0.474794206618935
15.375	0.474793549780086
15.4375	0.474958562418106
15.4375	0.474961123175184
15.5	0.475139504514136
15.5	0.475142332871278
15.5625	0.47528578021431
15.5625	0.475286968722379
15.625	0.475369963685097
15.625	0.47536969238132
15.6875	0.475401569399863
15.6875	0.475400875481857
15.75	0.47540588795159
15.75	0.475405425781982
15.8125	0.475402725493841
15.8125	0.475402582441743
15.875	0.475400324144952
15.875	0.475400352364217
15.9375	0.475399722497512
15.9375	0.475399765258777
16	0.475399847753009
16	0.475399859875812
16.0625	0.475399985658663
16.0625	0.475399984856643
16.125	0.475400016500424
16.125	0.475400013281622
16.1875	0.475400004909629
16.1875	0.475400004409251
16.25	0.475399999440226
16.25	0.475400000126536
16.3125	0.475399998866144
16.3125	0.475399998139787
16.375	0.475399999198043
16.375	0.475400000128765
16.4375	0.4754000017571
16.4375	0.475400001158843
16.5	0.47539999961897
16.5	0.475399999518937
16.5625	0.475400000557121
16.5625	0.475400001336379
16.625	0.47540000030478
16.625	0.475399999189475
16.6875	0.475399998551474
16.6875	0.475399999386814
16.75	0.475400000879119
16.75	0.475400000530945
16.8125	0.475399998556714
16.8125	0.475399997972215
16.875	0.475399999114149
16.875	0.475400000318474
16.9375	0.475400000433202
16.9375	0.475399999136112
17	0.475399997850203
17	0.475399998305321
17.0625	0.475400000849263
17.0625	0.475400001278611
17.125	0.475399999653991
17.125	0.475399998524237
17.1875	0.475399998641722
17.1875	0.475400000001112
17.25	0.475400001548809
17.25	0.475400000590965
17.3125	0.47539999810496
17.3125	0.475399997773911
17.375	0.475400000075694
17.375	0.475400001452812
17.4375	0.475400000937739
17.4375	0.475399999302836
17.5	0.475399997889713
17.5	0.475399998677225
17.5625	0.475400001795508
17.5625	0.475400002075892
17.625	0.475399999644794
17.625	0.475399998273489
17.6875	0.475399998805309
17.6875	0.475400000512164
17.75	0.475400002756725
17.75	0.475400001664939
17.8125	0.475399998267408
17.8125	0.475399997778761
17.875	0.475400000280289
17.875	0.475400002029386
17.9375	0.475400001604541
17.9375	0.475399999678774
18	0.475399997051269
18	0.475399997686299
18.0625	0.475400001480574
18.0625	0.475400002340467
18.125	0.475399999618883
18.125	0.475399997674068
18.1875	0.475399997060586
18.1875	0.475399998732509
18.25	0.475400002414804
18.25	0.475400001941081
18.3125	0.475399997759081
18.3125	0.475399996454238
18.375	0.475399998035701
18.375	0.475400000203358
18.4375	0.475400002403443
18.4375	0.47540000077915
18.5	0.4753999964743
18.5	0.475399996088738
18.5625	0.475399999793681
18.5625	0.475400001794823
18.625	0.475400001546491
18.625	0.475399999334424
18.6875	0.475399996057034
18.6875	0.475399996609166
18.75	0.475400001616927
18.75	0.475400002932262
18.8125	0.475400000656978
18.8125	0.475399998402773
18.875	0.475399996726539
18.875	0.475399998087121
18.9375	0.475400003196882
18.9375	0.475400003603987
19	0.475399999712933
19	0.475399997809511
19.0625	0.475399997335781
19.0625	0.475399999163221
19.125	0.475400003414016
19.125	0.475400002964931
19.1875	0.47539999833836
19.1875	0.475399996975964
19.25	0.47539999778024
19.25	0.475399999719243
19.3125	0.475400002989454
19.3125	0.475400002000943
19.375	0.475399997506182
19.375	0.475399996632325
19.4375	0.475399998511139
19.4375	0.475400000214479
19.5	0.47540000267035
19.5	0.475400001559726
19.5625	0.475399998034566
19.5625	0.475399997641561
19.625	0.475399999729336
19.625	0.475400001032225
19.6875	0.475400002363605
19.6875	0.475400001419417
19.75	0.475399998667534
19.75	0.475399998556115
19.8125	0.475399999882489
19.8125	0.475400000561414
19.875	0.47540000141086
19.875	0.475400000912901
19.9375	0.475399999796233
19.9375	0.475399999930014
20	0.475399999966783
0	-0.199999999914765
0.0625	-0.200000006317597
0.0625	-0.200000006298588
0.125	-0.200000004910749
0.125	-0.200000005329269
0.1875	-0.199999978427812
0.1875	-0.199999977619683
0.25	-0.20000002007966
0.25	-0.200000020623028
0.3125	-0.200000007396607
0.3125	-0.200000007892466
0.375	-0.199999955828658
0.375	-0.199999954484599
0.4375	-0.200000034164233
0.4375	-0.200000034831806
0.5	-0.200000034801405
0.5	-0.200000036124719
0.5625	-0.199999919711576
0.5625	-0.199999917301949
0.625	-0.20000003754986
0.625	-0.200000038253503
0.6875	-0.200000074744858
0.6875	-0.200000077341442
0.75	-0.199999870558492
0.75	-0.199999866927208
0.8125	-0.200000019197633
0.8125	-0.200000019549664
0.875	-0.200000137885561
0.875	-0.200000141857173
0.9375	-0.199999849120923
0.9375	-0.199999845427557
1	-0.199999945134087
1	-0.199999943254184
1.0625	-0.200000232644491
1.0625	-0.200000238656841
1.125	-0.199999883254627
1.125	-0.199999881013592
1.1875	-0.199999793412012
1.1875	-0.199999787453729
1.25	-0.200000308889663
1.25	-0.200000316500587
1.3125	-0.200000022251068
1.3125	-0.200000023491176
1.375	-0.19999960873068
1.375	-0.199999599003339
1.4375	-0.200000237257008
1.4375	-0.200000242370812
1.5	-0.200000319415898
1.5	-0.200000327335394
1.5625	-0.199999516985131
1.5625	-0.199999506457848
1.625	-0.199999902359078
1.625	-0.199999898676354
1.6875	-0.200000684228014
1.6875	-0.200000699338093
1.75	-0.199999746405137
1.75	-0.199999742483914
1.8125	-0.199999286828579
1.8125	-0.199999270725083
1.875	-0.200000671274139
1.875	-0.200000683803664
1.9375	-0.200000591299363
1.9375	-0.200000604407731
2	-0.199998923468125
2	-0.199998904670496
2.0625	-0.199999594925369
2.0625	-0.199999584371512
2.125	-0.200001549193738
2.125	-0.200001574742545
2.1875	-0.200000255095748
2.1875	-0.200000261928274
2.25	-0.19999815522653
2.25	-0.199998123295425
2.3125	-0.200000078893438
2.3125	-0.200000077621757
2.375	-0.200002329503134
2.375	-0.200002363012873
2.4375	-0.199999927024489
2.4375	-0.199999930785408
2.5	-0.199997094355442
2.5	-0.199997054806108
2.5625	-0.199999701448023
2.5625	-0.199999694533513
2.625	-0.200003514592383
2.625	-0.200003554356004
2.6875	-0.200001723090517
2.6875	-0.200001735131987
2.75	-0.199997922871286
2.75	-0.199997887077733
2.8125	-0.199999262331652
2.8125	-0.199999241166805
2.875	-0.200003833932211
2.875	-0.200003866237412
2.9375	-0.200003440710067
2.9375	-0.200003478090712
3	-0.199997197172009
3	-0.199997178419337
3.0625	-0.199993845774779
3.0625	-0.199993797220498
3.125	-0.199999015555451
3.125	-0.19999899239604
3.1875	-0.200008739192014
3.1875	-0.200008762543022
3.25	-0.200014666307324
3.25	-0.200014706575196
3.3125	-0.200013172509026
3.3125	-0.200013188275076
3.375	-0.200007671284054
3.375	-0.200007667916675
3.4375	-0.200002496223754
3.4375	-0.200002481085086
3.5	-0.199999983844258
3.5	-0.199999973917715
3.5625	-0.199999574093412
3.5625	-0.199999574850739
3.625	-0.199999683436048
3.625	-0.19999968059014
3.6875	-0.200000011921814
3.6875	-0.200000015705266
3.75	-0.19999998080488
3.75	-0.199999980045701
3.8125	-0.199999946183723
3.8125	-0.199999944364398
3.875	-0.200000045903168
3.875	-0.200000049813681
3.9375	-0.199999873211857
3.9375	-0.199999868578229
4	-0.200000026753585
4	-0.200000029902409
4.0625	-0.19999996581017
4.0625	-0.199999965841766
4.125	-0.199999893623496
4.125	-0.199999890111457
4.1875	-0.200000080729644
4.1875	-0.200000086414867
4.25	-0.199999858510666
4.25	-0.199999853191683
4.3125	-0.200000010216648
4.3125	-0.20000001239305
4.375	-0.200000020321029
4.375	-0.20000002284607
4.4375	-0.199999836527952
4.4375	-0.199999830045056
4.5	-0.200000126862699
4.5	-0.200000134351303
4.5625	-0.1999998764071
4.5625	-0.199999871692531
4.625	-0.199999953886212
4.625	-0.199999952954284
4.6875	-0.200000123138413
4.6875	-0.200000130018165
4.75	-0.199999774476643
4.75	-0.199999764665737
4.8125	-0.200000142585054
4.8125	-0.200000150170593
4.875	-0.199999966882902
4.875	-0.199999966030742
4.9375	-0.199999834696918
4.9375	-0.199999827612352
5	-0.200000247122084
5	-0.20000025905096
5.0625	-0.199999765969647
5.0625	-0.199999755406381
5.125	-0.200000050666755
5.125	-0.200000053541571
5.1875	-0.200000161737379
5.1875	-0.200000169180293
5.25	-0.199999681616475
5.25	-0.19999966732249
5.3125	-0.200000287044381
5.3125	-0.200000300066345
5.375	-0.199999921312231
5.375	-0.199999917741871
5.4375	-0.19999979234898
5.4375	-0.199999783324609
5.5	-0.200000394294303
5.5	-0.200000411537826
5.5625	-0.199999653663984
5.5625	-0.199999638377041
5.625	-0.200000062683147
5.625	-0.200000065669754
5.6875	-0.200000300082953
5.6875	-0.20000031297302
5.75	-0.199999493461137
5.75	-0.199999471591851
5.8125	-0.200000392301793
5.8125	-0.20000040902091
5.875	-0.20000001068882
5.875	-0.200000011394456
5.9375	-0.199999538930674
5.9375	-0.199999519259276
6	-0.200000646215321
6	-0.200000673389993
6.0625	-0.199999605995783
6.0625	-0.199999589394945
6.125	-0.199999823785059
6.125	-0.199999816769711
6.1875	-0.200000692324614
6.1875	-0.200000720849495
6.25	-0.199999234168939
6.25	-0.199999202355693
6.3125	-0.200000279741482
6.3125	-0.200000291684944
6.375	-0.200000474794746
6.375	-0.200000493833505
6.4375	-0.19999904247385
6.4375	-0.19999900377208
6.5	-0.200000758593188
6.5	-0.200000789074068
6.5625	-0.200000055318019
6.5625	-0.200000057436103
6.625	-0.199999083066331
6.625	-0.19999904723516
6.6875	-0.200001137251826
6.6875	-0.200001181296659
6.75	-0.19999954825323
6.75	-0.199999530704695
6.8125	-0.199999311025913
6.8125	-0.199999285211586
6.875	-0.200001384216648
6.875	-0.200001436190295
6.9375	-0.19999902117878
6.9375	-0.199998984339067
7	-0.199999671675155
7	-0.199999659904008
7.0625	-0.200001516998918
7.0625	-0.200001572901187
7.125	-0.199998484986643
7.125	-0.199998429021412
7.1875	-0.200000151968411
7.1875	-0.200000157886879
7.25	-0.200001532827617
7.25	-0.200001588663964
7.3125	-0.19999795683416
7.3125	-0.199997882430297
7.375	-0.200000738075952
7.375	-0.20000076503727
7.4375	-0.200001420548805
7.4375	-0.200001471361014
7.5	-0.199997483698754
7.5	-0.199997393936453
7.5625	-0.200001360368021
7.5625	-0.200001408894659
7.625	-0.200001232142218
7.625	-0.20000127461651
7.6875	-0.199997081295093
7.6875	-0.199996980546408
7.75	-0.200001916895176
7.75	-0.200001982877622
7.8125	-0.200001106773543
7.8125	-0.200001143392373
7.875	-0.199996672402694
7.875	-0.199996561967663
7.9375	-0.20000234828555
7.9375	-0.200002425396208
8	-0.200001210621278
8	-0.200001250155564
8.0625	-0.199996114947526
8.0625	-0.199995990211681
8.125	-0.200002656429452
8.125	-0.200002739691787
8.1875	-0.20000166239527
8.1875	-0.200001716703247
8.25	-0.199995309271454
8.25	-0.199995162065852
8.3125	-0.200002820850421
8.3125	-0.200002906475664
8.375	-0.200002529862586
8.375	-0.200002610422104
8.4375	-0.199994302939706
8.4375	-0.199994127902617
8.5	-0.200002668902732
8.5	-0.200002748977198
8.5625	-0.200003879198887
8.5625	-0.200003996502893
8.625	-0.199993346085109
8.625	-0.199993147651617
8.6875	-0.200001805912848
8.6875	-0.200001861179234
8.75	-0.200005768052707
8.75	-0.2000059320194
8.8125	-0.199992928592335
8.8125	-0.199992726622222
8.875	-0.199999685284551
8.875	-0.199999681860036
8.9375	-0.20000806254785
8.9375	-0.200008278385442
9	-0.199993832236614
9	-0.199993667984718
9.0625	-0.199995892866963
9.0625	-0.199995785660521
9.125	-0.200010050323881
9.125	-0.200010306550202
9.1875	-0.199997090002197
9.1875	-0.199997024566156
9.25	-0.199990724666187
9.25	-0.199990483925597
9.3125	-0.200010035734267
9.3125	-0.200010281040708
9.375	-0.200003490301597
9.375	-0.200003590004404
9.4375	-0.199986075485343
9.4375	-0.199985727517983
9.5	-0.200005495848613
9.5	-0.200005626001264
9.5625	-0.200012158806437
9.5625	-0.200012452528877
9.625	-0.199986081022144
9.625	-0.199985753169012
9.6875	-0.199994879714111
9.6875	-0.199994766255684
9.75	-0.20001840145171
9.75	-0.200018806982911
9.8125	-0.199995710717199
9.8125	-0.199995623074043
9.875	-0.19998177372006
9.875	-0.199981385083309
9.9375	-0.200013369449954
9.9375	-0.200013638071805
10	-0.200014667607206
10	-0.200014974123397
10.0625	-0.199978680280216
10.0625	-0.199978267859111
10.125	-0.199991396011422
10.125	-0.19999120620582
10.1875	-0.200028040025603
10.1875	-0.200028568660777
10.25	-0.200000133071037
10.25	-0.200000175702833
10.3125	-0.199967367350717
10.3125	-0.199966744152612
10.375	-0.200009654435284
10.375	-0.200009818607878
10.4375	-0.200034731218889
10.4375	-0.200035339669802
10.5	-0.199981496046797
10.5	-0.199981200928937
10.5625	-0.199963881118384
10.5625	-0.199963290725711
10.625	-0.200024986096694
10.625	-0.200025348362191
10.6875	-0.200040113399015
10.6875	-0.200040720984348
10.75	-0.199970511320921
10.75	-0.199970154537771
10.8125	-0.199950931494431
10.8125	-0.199950197597399
10.875	-0.200032269317964
10.875	-0.200032632959086
10.9375	-0.200063436322602
10.9375	-0.200064305470182
11	-0.199970606779317
11	-0.199970327437633
11.0625	-0.199917089115123
11.0625	-0.1999160787619
11.125	-0.200011325996147
11.125	-0.200011376152033
11.1875	-0.200105251823902
11.1875	-0.200106258473604
11.25	-0.200036879621931
11.25	-0.200037402949222
11.3125	-0.199884392268545
11.3125	-0.199883580820835
11.375	-0.199870318462728
11.375	-0.199869077626092
11.4375	-0.200059690470496
11.4375	-0.200059776739026
11.5	-0.200229505392943
11.5	-0.200231066049467
11.5625	-0.200096224998
11.5625	-0.200098069948905
11.625	-0.199567819634826
11.625	-0.199569193488624
11.6875	-0.198725906888617
11.6875	-0.19872658901273
11.75	-0.197719975872227
11.75	-0.197719961144054
11.8125	-0.196688529284121
11.8125	-0.196688351123432
11.875	-0.195684737592429
11.875	-0.195684654772182
11.9375	-0.194710554184892
11.9375	-0.194710320670262
12	-0.193778059793215
12	-0.193777914070187
12.0625	-0.192876820987099
12.0625	-0.192876822335537
12.125	-0.191991824513094
12.125	-0.191991607839971
12.1875	-0.191142779466334
12.1875	-0.191142612647249
12.25	-0.190326177912597
12.25	-0.190326195518115
12.3125	-0.18952496686888
12.3125	-0.189524743855732
12.375	-0.188761114712447
12.375	-0.188760913595389
12.4375	-0.18803358097804
12.4375	-0.188033621848312
12.5	-0.187319747281776
12.5	-0.187319532510155
12.5625	-0.186643058264492
12.5625	-0.186642807601408
12.625	-0.186007925415539
12.625	-0.186007986738413
12.6875	-0.18538512853692
12.6875	-0.185384941930452
12.75	-0.184797451992148
12.75	-0.184797136159624
12.8125	-0.184258097502579
12.8125	-0.184258166581069
12.875	-0.183730980608803
12.875	-0.18373085160615
12.9375	-0.183234190553789
12.9375	-0.183233799275972
13	-0.182793517892718
13	-0.182793565128504
13.0625	-0.182367924729785
13.0625	-0.182367889588632
13.125	-0.181964364075069
13.125	-0.181963903830854
13.1875	-0.181624157973165
13.1875	-0.181624132241099
13.25	-0.181307101874339
13.25	-0.181307189592036
13.3125	-0.181000585619553
13.3125	-0.181000100517
13.375	-0.180760795229144
13.375	-0.180760620076981
13.4375	-0.180559692090149
13.4375	-0.180559905535675
13.5	-0.180357166222613
13.5	-0.180356749621736
13.5625	-0.180215770500395
13.5625	-0.180215370072854
13.625	-0.180136265906812
13.625	-0.180136542005059
13.6875	-0.180049666222184
13.6875	-0.180049457431718
13.75	-0.180004487371891
13.75	-0.180003843078025
13.8125	-0.180046548822238
13.8125	-0.180046724142196
13.875	-0.180093039404847
13.875	-0.180093164314266
13.9375	-0.18014721536016
13.9375	-0.180146459710451
14	-0.180301189167304
14	-0.18030101362525
14.0625	-0.180498024420558
14.0625	-0.180498461367103
14.125	-0.180669087400166
14.125	-0.180668563703542
14.1875	-0.180917662219317
14.1875	-0.180916945745538
14.25	-0.181267682316982
14.25	-0.181268113466989
14.3125	-0.181593207620835
14.3125	-0.181593308215116
14.375	-0.181929371694008
14.375	-0.181928336756358
14.4375	-0.182403013389738
14.4375	-0.182402832770798
14.5	-0.182923477332737
14.5	-0.182924163530265
14.5625	-0.183385667421305
14.5625	-0.183385149831457
14.625	-0.183930408014414
14.625	-0.183929278992349
14.6875	-0.184632183760755
14.6875	-0.184632561647036
14.75	-0.185313690526277
14.75	-0.185314338536438
14.8125	-0.185936648577578
14.8125	-0.185935617485433
14.875	-0.186709528685511
14.875	-0.186708441123195
14.9375	-0.187644880080467
14.9375	-0.187645611320392
15	-0.188508701357217
15	-0.188509396294642
15.0625	-0.189301266158818
15.0625	-0.189299988100314
15.125	-0.190287677922391
15.125	-0.190286295496303
15.1875	-0.191488459882381
15.1875	-0.191489177586105
15.25	-0.192608818789833
15.25	-0.192610069556579
15.3125	-0.193561981848424
15.3125	-0.193561211984823
15.375	-0.194654923171591
15.375	-0.194652690698544
15.4375	-0.196115691244948
15.4375	-0.196114921749943
15.5	-0.197714037027811
15.5	-0.197715723953084
15.5625	-0.19899804720344
15.5625	-0.199000744555252
15.625	-0.199733781144089
15.625	-0.199735828309174
15.6875	-0.200009937375639
15.6875	-0.200010845845416
15.75	-0.200049103712143
15.75	-0.200049265028148
15.8125	-0.200022923559936
15.8125	-0.200022837555826
15.875	-0.200002898796951
15.875	-0.200002825216771
15.9375	-0.199997838070534
15.9375	-0.199997820963375
16	-0.199998753359252
16	-0.199998757376824
16.0625	-0.199999875569727
16.0625	-0.199999880065706
16.125	-0.200000138976982
16.125	-0.200000140382314
16.1875	-0.200000035508843
16.1875	-0.200000034208909
16.25	-0.200000014032887
16.25	-0.200000014666675
16.3125	-0.19999998454967
16.3125	-0.199999984107231
16.375	-0.199999993860685
16.375	-0.199999993686505
16.4375	-0.200000017102688
16.4375	-0.20000001790179
16.5	-0.199999978882764
16.5	-0.199999977819586
16.5625	-0.200000015940176
16.5625	-0.200000016756861
16.625	-0.199999997376668
16.625	-0.199999997218189
16.6875	-0.199999986766107
16.6875	-0.199999986160709
16.75	-0.200000023368292
16.75	-0.200000024484416
16.8125	-0.199999977770006
16.8125	-0.199999976677794
16.875	-0.200000009414163
16.875	-0.200000009912859
16.9375	-0.200000009267437
16.9375	-0.200000009667934
17	-0.199999975766233
17	-0.199999974643682
17.0625	-0.200000026949072
17.0625	-0.200000028221141
17.125	-0.199999984945685
17.125	-0.199999984195872
17.1875	-0.199999993773058
17.1875	-0.199999993555917
17.25	-0.200000025144755
17.25	-0.200000026265992
17.3125	-0.199999969075697
17.3125	-0.199999967650887
17.375	-0.200000018865595
17.375	-0.200000019770573
17.4375	-0.200000004985173
17.4375	-0.200000005162076
17.5	-0.199999972547674
17.5	-0.19999997135264
17.5625	-0.200000034435817
17.5625	-0.200000035976836
17.625	-0.199999979247285
17.625	-0.199999978271497
17.6875	-0.199999993131671
17.6875	-0.199999992916364
17.75	-0.200000031536152
17.75	-0.200000032866078
17.8125	-0.199999962390269
17.8125	-0.199999960736402
17.875	-0.200000019462959
17.875	-0.200000020373816
17.9375	-0.200000012267253
17.9375	-0.200000012727361
18	-0.199999962410539
18	-0.19999996084074
18.0625	-0.200000038865873
18.0625	-0.200000040536555
18.125	-0.199999986246569
18.125	-0.199999985589354
18.1875	-0.199999978091771
18.1875	-0.199999977267085
18.25	-0.200000043898469
18.25	-0.200000045684055
18.3125	-0.199999964268946
18.3125	-0.199999962730689
18.375	-0.200000001905156
18.375	-0.20000000210675
18.4375	-0.200000034564601
18.4375	-0.200000035880403
18.5	-0.199999953181517
18.5	-0.19999995127549
18.5625	-0.200000025000706
18.5625	-0.200000026100371
18.625	-0.200000016098903
18.625	-0.200000016630133
18.6875	-0.199999954287806
18.6875	-0.199999952526137
18.75	-0.20000004099838
18.75	-0.200000042657884
18.8125	-0.199999995473771
18.8125	-0.199999995174464
18.875	-0.1999999644182
18.875	-0.199999963149805
18.9375	-0.200000047619394
18.9375	-0.200000049442284
19	-0.19999997831245
19	-0.199999977358374
19.0625	-0.19999997873714
19.0625	-0.199999978100875
19.125	-0.200000045954039
19.125	-0.200000047614911
19.1875	-0.199999967810038
19.1875	-0.199999966497141
19.25	-0.199999992555156
19.25	-0.199999992485196
19.3125	-0.200000038737242
19.3125	-0.200000040038927
19.375	-0.199999964721536
19.375	-0.199999963357187
19.4375	-0.20000000255517
19.4375	-0.200000002864644
19.5	-0.200000028891355
19.5	-0.200000029764711
19.5625	-0.199999968455021
19.5625	-0.199999967280724
19.625	-0.200000007006049
19.625	-0.20000000747692
19.6875	-0.200000018483234
19.6875	-0.200000018934469
19.75	-0.199999978213729
19.75	-0.199999977430142
19.8125	-0.200000005762121
19.8125	-0.200000006200188
19.875	-0.200000007996561
19.875	-0.200000008044695
19.9375	-0.199999993587719
19.9375	-0.199999993346176
20	-0.199999999750367
0	4.99047320714445e-09
0.0625	4.99047320714445e-09
0.0625	1.27342284275439e-09
0.125	1.27342284275439e-09
0.125	1.05324520201583e-08
0.1875	1.05324520201583e-08
0.1875	2.81621600409409e-08
0.25	2.81621600409409e-08
0.25	1.83769797237446e-08
0.3125	1.83769797237446e-08
0.3125	1.34875283382208e-08
0.375	1.34875283382208e-08
0.375	4.95538249880071e-08
0.4375	4.95538249880071e-08
0.4375	2.4772532931443e-08
0.5	2.4772532931443e-08
0.5	3.95337340545836e-08
0.5625	3.95337340545836e-08
0.5625	8.92524589542191e-08
0.625	8.92524589542191e-08
0.625	2.56619424593167e-08
0.6875	2.56619424593167e-08
0.6875	8.13854009197587e-08
0.75	8.13854009197587e-08
0.75	1.3546741262184e-07
0.8125	1.3546741262184e-07
0.8125	1.07400244543777e-08
0.875	1.07400244543777e-08
0.875	1.33958379697343e-07
0.9375	1.33958379697343e-07
0.9375	1.45398384628618e-07
1	1.45398384628618e-07
1	7.05108216052041e-08
1.0625	7.05108216052041e-08
1.0625	2.09898262855712e-07
1.125	2.09898262855712e-07
1.125	1.0086309463452e-07
1.1875	1.0086309463452e-07
1.1875	2.22788001283533e-07
1.25	2.22788001283533e-07
1.25	2.67398432804441e-07
1.3125	2.67398432804441e-07
1.3125	2.64837496551011e-08
1.375	2.64837496551011e-08
1.375	3.73845300438574e-07
1.4375	3.73845300438574e-07
1.4375	1.80707886044971e-07
1.5	1.80707886044971e-07
1.5	2.71266529218394e-07
1.5625	2.71266529218394e-07
1.5625	4.24763979845451e-07
1.625	4.24763979845451e-07
1.625	1.40868651185528e-07
1.6875	1.40868651185528e-07
1.6875	5.48340067868154e-07
1.75	5.48340067868154e-07
1.75	1.91019290098993e-07
1.8125	1.91019290098993e-07
1.8125	6.35256129830685e-07
1.875	6.35256129830685e-07
1.875	4.63631847638618e-07
1.9375	4.63631847638618e-07
1.9375	4.62424921833076e-07
2	4.62424921833076e-07
2	7.95860566154896e-07
2.0625	7.95860566154896e-07
2.0625	4.26312352902467e-07
2.125	4.26312352902467e-07
2.125	9.87935054827107e-07
2.1875	9.87935054827107e-07
2.1875	1.91577103729509e-07
2.25	1.91577103729509e-07
2.25	1.32201537063407e-06
2.3125	1.32201537063407e-06
2.3125	7.6988482968554e-08
2.375	7.6988482968554e-08
2.375	1.35715953325608e-06
2.4375	1.35715953325608e-06
2.4375	5.4200486615928e-08
2.5	5.4200486615928e-08
2.5	1.70514337408749e-06
2.5625	1.70514337408749e-06
2.5625	3.27169684620856e-07
2.625	3.27169684620856e-07
2.625	1.62031667566218e-06
2.6875	1.62031667566218e-06
2.6875	4.48679386154164e-07
2.75	4.48679386154164e-07
2.75	1.60759466547567e-06
2.8125	1.60759466547567e-06
2.8125	9.48335113133697e-07
2.875	9.48335113133697e-07
2.875	1.37805887284686e-06
2.9375	1.37805887284686e-06
2.9375	1.53831901491917e-06
3	1.53831901491917e-06
3	9.4266934096504e-07
3.0625	9.4266934096504e-07
3.0625	2.36084404294166e-06
3.125	2.36084404294166e-06
3.125	1.15888275656161e-06
3.1875	1.15888275656161e-06
3.1875	1.03558966379032e-06
3.25	1.03558966379032e-06
3.25	1.8374277237634e-06
3.3125	1.8374277237634e-06
3.3125	8.2240181188869e-07
3.375	8.2240181188869e-07
3.375	1.80162766218399e-07
3.4375	1.80162766218399e-07
3.4375	7.39081477141706e-07
3.5	7.39081477141706e-07
3.5	5.17228361376435e-07
3.5625	5.17228361376435e-07
3.5625	5.1719142862973e-08
3.625	5.1719142862973e-08
3.625	8.62939224216934e-08
3.6875	8.62939224216934e-08
3.6875	1.2237959998214e-07
3.75	1.2237959998214e-07
3.75	2.05230446415373e-08
3.8125	2.05230446415373e-08
3.8125	6.04242643607974e-08
3.875	6.04242643607974e-08
3.875	1.08381408092468e-07
3.9375	1.08381408092468e-07
3.9375	1.50864631116658e-07
4	1.50864631116658e-07
4	8.89144404112775e-08
4.0625	8.89144404112775e-08
4.0625	2.27913109221803e-09
4.125	2.27913109221803e-09
4.125	1.15016939598257e-07
4.1875	1.15016939598257e-07
4.1875	1.60453964938241e-07
4.25	1.60453964938241e-07
4.25	1.73968932215175e-07
4.3125	1.73968932215175e-07
4.3125	5.97503845719439e-08
4.375	5.97503845719439e-08
4.375	6.94469648858583e-08
4.4375	6.94469648858583e-08
4.4375	2.12738464810108e-07
4.5	2.12738464810108e-07
4.5	2.13680331754394e-07
4.5625	2.13680331754394e-07
4.5625	1.55374042055516e-07
4.625	1.55374042055516e-07
4.625	3.58960139058821e-08
4.6875	3.58960139058821e-08
4.6875	1.96762116721568e-07
4.75	1.96762116721568e-07
4.75	3.24435495574643e-07
4.8125	3.24435495574643e-07
4.8125	2.190382523545e-07
4.875	2.190382523545e-07
4.875	3.48928559689381e-08
4.9375	3.48928559689381e-08
4.9375	2.35677508621585e-07
5	2.35677508621585e-07
5	3.44270931041788e-07
5.0625	3.44270931041788e-07
5.0625	3.50334829559469e-07
5.125	3.50334829559469e-07
5.125	7.55464955457416e-08
5.1875	7.55464955457416e-08
5.1875	2.13710508561066e-07
5.25	2.13710508561066e-07
5.25	4.78691270588931e-07
5.3125	4.78691270588931e-07
5.3125	3.81649740080839e-07
5.375	3.81649740080839e-07
5.375	1.27726259938834e-07
5.4375	1.27726259938834e-07
5.4375	3.07597391334361e-07
5.5	3.07597391334361e-07
5.5	5.07617211475767e-07
5.5625	5.07617211475767e-07
5.5625	5.15007461372705e-07
5.625	5.15007461372705e-07
5.625	7.67045509500333e-08
5.6875	7.67045509500333e-08
5.6875	3.77572700166954e-07
5.75	3.77572700166954e-07
5.75	7.41766382765468e-07
5.8125	7.41766382765468e-07
5.8125	5.00963579569827e-07
5.875	5.00963579569827e-07
5.875	7.27252469810531e-10
5.9375	7.27252469810531e-10
5.9375	6.66221668760845e-07
6	6.66221668760845e-07
6	8.11311414834847e-07
6.0625	8.11311414834847e-07
6.0625	5.72403207989461e-07
6.125	5.72403207989461e-07
6.125	2.56329835873938e-07
6.1875	2.56329835873938e-07
6.1875	8.55324899484844e-07
6.25	8.55324899484844e-07
6.25	1.08922494688404e-06
6.3125	1.08922494688404e-06
6.3125	3.43753004339155e-07
6.375	3.43753004339155e-07
6.375	5.62028245914933e-07
6.4375	5.62028245914933e-07
6.4375	1.33339618130764e-06
6.5	1.33339618130764e-06
6.5	9.29778348506878e-07
6.5625	9.29778348506878e-07
6.5625	2.94541919370493e-08
6.625	2.94541919370493e-08
6.625	1.24166741369931e-06
6.6875	1.24166741369931e-06
6.6875	1.35435623634078e-06
6.75	1.35435623634078e-06
6.75	6.38483046540869e-07
6.8125	6.38483046540869e-07
6.8125	9.19017972444684e-07
6.875	9.19017972444684e-07
6.875	1.6110664198668e-06
6.9375	1.6110664198668e-06
6.9375	1.30571466697627e-06
7	1.30571466697627e-06
7	4.47003084799799e-07
7.0625	4.47003084799799e-07
7.0625	1.73954227515335e-06
7.125	1.73954227515335e-06
7.125	1.974193214186e-06
7.1875	1.974193214186e-06
7.1875	1.4283949365168e-07
7.25	1.4283949365168e-07
7.25	1.73253512705982e-06
7.3125	1.73253512705982e-06
7.3125	2.63150974817855e-06
7.375	2.63150974817855e-06
7.375	8.12319042902924e-07
7.4375	8.12319042902924e-07
7.4375	1.55889513655935e-06
7.5	1.55889513655935e-06
7.5	3.18721336276455e-06
7.5625	3.18721336276455e-06
7.5625	1.50762406382591e-06
7.625	1.50762406382591e-06
7.625	1.28800940286548e-06
7.6875	1.28800940286548e-06
7.6875	3.60360936021371e-06
7.75	3.60360936021371e-06
7.75	2.08839855572263e-06
7.8125	2.08839855572263e-06
7.8125	1.09535294304636e-06
7.875	1.09535294304636e-06
7.875	3.98728985774894e-06
7.9375	3.98728985774894e-06
7.9375	2.48112970171699e-06
8	2.48112970171699e-06
8	1.17778836094316e-06
8.0625	1.17778836094316e-06
8.0625	4.53806950676972e-06
8.125	4.53806950676972e-06
8.125	2.71130933141757e-06
8.1875	2.71130933141757e-06
8.1875	1.6409855859139e-06
8.25	1.6409855859139e-06
8.25	5.3826248179428e-06
8.3125	5.3826248179428e-06
8.3125	2.7969672609892e-06
8.375	2.7969672609892e-06
8.375	2.5014140912554e-06
8.4375	2.5014140912554e-06
8.4375	6.43078613110222e-06
8.5	6.43078613110222e-06
8.5	2.58935160135443e-06
8.5625	2.58935160135443e-06
8.5625	3.76403955974293e-06
8.625	3.76403955974293e-06
8.625	7.34423853589666e-06
8.6875	7.34423853589666e-06
8.6875	1.70991204518347e-06
8.75	1.70991204518347e-06
8.75	5.44746470617195e-06
8.8125	5.44746470617195e-06
8.8125	7.56393335607525e-06
8.875	7.56393335607525e-06
8.875	3.48667013566168e-07
8.9375	3.48667013566168e-07
8.9375	7.42210059470502e-06
9	7.42210059470502e-06
9	6.40104964397245e-06
9.0625	6.40104964397245e-06
9.0625	4.22022919824747e-06
9.125	4.22022919824747e-06
9.125	8.9813645738381e-06
9.1875	8.9813645738381e-06
9.1875	2.92898210500153e-06
9.25	2.92898210500153e-06
9.25	9.21440535370309e-06
9.3125	9.21440535370309e-06
9.3125	8.63432163362096e-06
9.375	8.63432163362096e-06
9.375	2.98318183170844e-06
9.4375	2.98318183170844e-06
9.4375	1.33557749392483e-05
9.5	1.33557749392483e-05
9.5	4.4168463895153e-06
9.5625	4.4168463895153e-06
9.5625	1.01745935170607e-05
9.625	1.01745935170607e-05
9.625	1.29265213860722e-05
9.6875	1.29265213860722e-05
9.6875	4.76493139428986e-06
9.75	4.76493139428986e-06
9.75	1.47732084534036e-05
9.8125	1.47732084534036e-05
9.8125	4.0720531761441e-06
9.875	4.0720531761441e-06
9.875	1.55148818143891e-05
9.9375	1.55148818143891e-05
9.9375	9.79780677700863e-06
10	9.79780677700863e-06
10	1.08860123502901e-05
10.0625	1.08860123502901e-05
10.0625	1.70353163416124e-05
10.125	1.70353163416124e-05
10.125	7.80824159226873e-06
10.1875	7.80824159226873e-06
10.1875	2.00542497808921e-05
10.25	2.00542497808921e-05
10.25	3.28163846558867e-07
10.3125	3.28163846558867e-07
10.3125	2.51789888504402e-05
10.375	2.51789888504402e-05
10.375	5.78908244465835e-06
10.4375	5.78908244465835e-06
10.4375	2.31924557065106e-05
10.5	2.31924557065106e-05
10.5	1.32371349491935e-05
10.5625	1.32371349491935e-05
10.5625	2.49738012308545e-05
10.625	2.49738012308545e-05
10.625	1.40619396382574e-05
10.6875	1.40619396382574e-05
10.6875	2.38291482258107e-05
10.75	2.38291482258107e-05
10.75	1.69921779846825e-05
10.8125	1.69921779846825e-05
10.8125	3.14081431676134e-05
10.875	3.14081431676134e-05
10.875	1.47440417569337e-05
10.9375	1.47440417569337e-05
10.9375	3.48128370066096e-05
11	3.48128370066096e-05
11	1.42450126963209e-05
11.0625	1.42450126963209e-05
11.0625	4.45390089620551e-05
11.125	4.45390089620551e-05
11.125	1.2364479619534e-06
11.1875	1.2364479619534e-06
11.1875	4.38641206076839e-05
11.25	4.38641206076839e-05
11.25	2.05262579794149e-05
11.3125	2.05262579794149e-05
11.3125	4.06366120455015e-05
11.375	4.06366120455015e-05
11.375	5.75419221207476e-05
11.4375	5.75419221207476e-05
11.4375	4.78991540122866e-06
11.5	4.78991540122866e-06
11.5	7.42549051413657e-05
11.5625	7.42549051413657e-05
11.5625	9.05380344811616e-05
11.625	9.05380344811616e-05
11.625	6.87958505798381e-05
11.6875	6.87958505798381e-05
11.6875	3.44166138174058e-05
11.75	3.44166138174058e-05
11.75	1.82763470753528e-06
11.8125	1.82763470753528e-06
11.8125	8.19784737715599e-06
11.875	8.19784737715599e-06
11.875	6.1285029266428e-06
11.9375	6.1285029266428e-06
11.9375	1.11092446982067e-05
12	1.11092446982067e-05
12	7.50573557520389e-06
12.0625	7.50573557520389e-06
12.0625	2.18683279003929e-06
12.125	2.18683279003929e-06
12.125	1.00575220042561e-05
12.1875	1.00575220042561e-05
12.1875	8.29408410027218e-06
12.25	8.29408410027218e-06
12.25	1.79648467130303e-06
12.3125	1.79648467130303e-06
12.3125	1.05349147762682e-05
12.375	1.05349147762682e-05
12.375	9.72353035998245e-06
12.4375	9.72353035998245e-06
12.4375	1.10001827280255e-06
12.5	1.10001827280255e-06
12.5	1.04554624990219e-05
12.5625	1.04554624990219e-05
12.5625	1.17175474418502e-05
12.625	1.17175474418502e-05
12.625	4.80484001000373e-07
12.6875	4.80484001000373e-07
12.6875	9.64495501073644e-06
12.75	9.64495501073644e-06
12.75	1.43099497620945e-05
12.8125	1.43099497620945e-05
12.8125	2.69955308884303e-07
12.875	2.69955308884303e-07
12.875	7.71538499914106e-06
12.9375	7.71538499914106e-06
12.9375	1.73040419018272e-05
13	1.73040419018272e-05
13	1.06322158202056e-06
13.0625	1.06322158202056e-06
13.0625	4.35188194870793e-06
13.125	4.35188194870793e-06
13.125	2.00832071746398e-05
13.1875	2.00832071746398e-05
13.1875	3.83358199909593e-06
13.25	3.83358199909593e-06
13.25	2.85776874169981e-08
13.3125	2.85776874169981e-08
13.3125	2.14685584855874e-05
13.375	2.14685584855874e-05
13.375	9.71217722896617e-06
13.4375	9.71217722896617e-06
13.4375	4.50028653418854e-06
13.5	4.50028653418854e-06
13.5	1.94024855870395e-05
13.5625	1.94024855870395e-05
13.5625	1.8541059959244e-05
13.625	1.8541059959244e-05
13.625	6.8845431539831e-06
13.6875	6.8845431539831e-06
13.6875	1.18445723180484e-05
13.75	1.18445723180484e-05
13.75	2.81334714436505e-05
13.8125	2.81334714436505e-05
13.8125	3.29026452440847e-06
13.875	3.29026452440847e-06
13.875	7.97495232440841e-07
13.9375	7.97495232440841e-07
13.9375	3.29498687720064e-05
14	3.29498687720064e-05
14	1.03083348807272e-05
14.0625	1.03083348807272e-05
14.0625	1.28283223530555e-05
14.125	1.28283223530555e-05
14.125	2.4995124067388e-05
14.1875	2.4995124067388e-05
14.1875	3.19121811892758e-05
14.25	3.19121811892758e-05
14.25	1.31247652367214e-05
14.3125	1.31247652367214e-05
14.3125	6.70872558706945e-07
14.375	6.70872558706945e-07
14.375	4.50621052965312e-05
14.4375	4.50621052965312e-05
14.4375	1.0856634606857e-05
14.5	1.0856634606857e-05
14.5	2.30271052452866e-05
14.5625	2.30271052452866e-05
14.5625	2.62082987842254e-05
14.625	2.62082987842254e-05
14.625	4.96823401327735e-05
14.6875	4.96823401327735e-05
14.6875	1.15357543545874e-05
14.75	1.15357543545874e-05
14.75	2.12444320986221e-05
14.8125	2.12444320986221e-05
14.8125	4.81047880743455e-05
14.875	4.81047880743455e-05
14.875	4.91143828932381e-05
14.9375	4.91143828932381e-05
14.9375	2.66311907183565e-05
15	2.66311907183565e-05
15	2.33440058723969e-05
15.0625	2.33440058723969e-05
15.0625	6.04145540433902e-05
15.125	6.04145540433902e-05
15.125	6.31098807740753e-05
15.1875	6.31098807740753e-05
15.1875	2.77000005796872e-05
15.25	2.77000005796872e-05
15.25	4.92932710379531e-05
15.3125	4.92932710379531e-05
15.3125	4.17233311261573e-05
15.375	4.17233311261573e-05
15.375	0.000105313280823743
15.4375	0.000105313280823743
15.4375	3.64583366051728e-05
15.5	3.64583366051728e-05
15.5	7.99818415551546e-05
15.5625	7.99818415551546e-05
15.5625	0.000129867562674287
15.625	0.000129867562674287
15.625	0.000101579118138163
15.6875	0.000101579118138163
15.6875	4.7664059222734e-05
15.75	4.7664059222734e-05
15.75	1.01627090008676e-05
15.8125	1.01627090008676e-05
15.8125	3.58675677842111e-06
15.875	3.58675677842111e-06
15.875	3.87590746393635e-06
15.9375	3.87590746393635e-06
15.9375	1.15645474646103e-06
16	1.15645474646103e-06
16	1.06652768566199e-07
16.0625	1.06652768566199e-07
16.0625	2.16754192120352e-07
16.125	2.16754192120352e-07
16.125	6.90658324041637e-08
16.1875	6.90658324041637e-08
16.1875	4.48925450728026e-08
16.25	4.48925450728026e-08
16.25	1.19747944934192e-08
16.3125	1.19747944934192e-08
16.3125	1.52348949665757e-08
16.375	1.52348949665757e-08
16.375	5.7900114058867e-09
16.4375	5.7900114058867e-09
16.4375	2.35738658476364e-08
16.5	2.35738658476364e-08
16.5	3.46355478457207e-08
16.5625	3.46355478457207e-08
16.5625	2.27775782037986e-08
16.625	2.27775782037986e-08
16.625	5.50548055251751e-09
16.6875	5.50548055251751e-09
16.6875	2.03361889475526e-08
16.75	2.03361889475526e-08
16.75	3.18030756995788e-08
16.8125	3.18030756995788e-08
16.8125	3.58472897924896e-08
16.875	3.58472897924896e-08
16.875	1.35688318756956e-08
16.9375	1.35688318756956e-08
16.9375	1.11696785842373e-08
17	1.11696785842373e-08
17	3.74375493317174e-08
17.0625	3.74375493317174e-08
17.0625	3.67839327304918e-08
17.125	3.67839327304918e-08
17.125	2.43661626433197e-08
17.1875	2.43661626433197e-08
17.1875	8.5311727375677e-09
17.25	8.5311727375677e-09
17.25	3.2623847389237e-08
17.3125	3.2623847389237e-08
17.3125	4.75840465993248e-08
17.375	4.75840465993248e-08
17.375	2.60715298475587e-08
17.4375	2.60715298475587e-08
17.4375	4.66891122691954e-09
17.5	4.66891122691954e-09
17.5	4.04109396787312e-08
17.5625	4.04109396787312e-08
17.5625	4.50600206079682e-08
17.625	4.50600206079682e-08
17.625	3.24376381461354e-08
17.6875	3.24376381461354e-08
17.6875	8.7268384203899e-09
17.75	8.7268384203899e-09
17.75	3.97545049468907e-08
17.8125	3.97545049468907e-08
17.8125	5.57754854283661e-08
17.875	5.57754854283661e-08
17.875	2.6236340146594e-08
17.9375	2.6236340146594e-08
17.9375	1.32496326402243e-08
18	1.32496326402243e-08
18	5.36817819913228e-08
18.0625	5.36817819913228e-08
18.0625	4.96142913806736e-08
18.125	4.96142913806736e-08
18.125	2.25821083816234e-08
18.1875	2.25821083816234e-08
18.1875	2.94548856798397e-08
18.25	2.94548856798397e-08
18.25	5.38711591678627e-08
18.3125	5.38711591678627e-08
18.3125	5.22737653596255e-08
18.375	5.22737653596255e-08
18.375	3.89264318552693e-09
18.4375	3.89264318552693e-09
18.4375	4.03026354942717e-08
18.5	4.03026354942717e-08
18.5	6.56515678089967e-08
18.5625	6.56515678089967e-08
18.5625	3.22655615079375e-08
18.625	3.22655615079375e-08
18.625	1.58446946410323e-08
18.6875	1.58446946410323e-08
18.6875	6.14688213194463e-08
18.75	6.14688213194463e-08
18.75	5.04537500050203e-08
18.8125	5.04537500050203e-08
18.8125	1.07084180382194e-08
18.875	1.07084180382194e-08
18.875	4.51724818480609e-08
18.9375	4.51724818480609e-08
18.9375	5.63926498928408e-08
19	5.63926498928408e-08
19	3.29220153507769e-08
19.0625	3.29220153507769e-08
19.0625	2.45148491636722e-08
19.125	2.45148491636722e-08
19.125	5.21083262096016e-08
19.1875	5.21083262096016e-08
19.1875	4.5331348347727e-08
19.25	4.5331348347727e-08
19.25	5.34242865235585e-09
19.3125	5.34242865235585e-09
19.3125	4.17121743783381e-08
19.375	4.17121743783381e-08
19.375	4.79098190276962e-08
19.4375	4.79098190276962e-08
19.4375	6.95322901195156e-09
19.5	6.95322901195156e-09
19.5	2.87246493497051e-08
19.5625	2.87246493497051e-08
19.5625	4.12875545633981e-08
19.625	4.12875545633981e-08
19.625	1.26715347948283e-08
19.6875	1.26715347948283e-08
19.6875	1.56928751668647e-08
19.75	1.56928751668647e-08
19.75	2.79708347360793e-08
19.8125	2.79708347360793e-08
19.8125	1.17240616521769e-08
19.875	1.17240616521769e-08
19.875	3.2970604003013e-09
19.9375	3.2970604003013e-09
19.9375	8.57499555339628e-09
20	8.57499555339628e-09
