3	1
320
0	1.20000000311562
0.125	1.20000010745239
0.125	1.200000091312
0.25	1.20000093908934
0.25	1.20000097002147
0.375	1.19999966571843
0.375	1.19999962383712
0.5	1.20000046073633
0.5	1.20000050312689
0.625	1.19999861475758
0.625	1.19999856241576
0.75	1.19999980087646
0.75	1.19999982412378
0.875	1.19999960335339
0.875	1.19999960731877
1	1.19999896879069
1	1.19999893539927
1.125	1.20000043021997
1.125	1.20000046536553
1.25	1.19999961564882
1.25	1.1999995787101
1.375	1.20000040970146
1.375	1.20000044864902
1.5	1.19999889284404
1.5	1.19999883220014
1.625	1.20000105088499
1.625	1.20000108343623
1.75	1.20000059552883
1.75	1.20000063049881
1.875	1.19999763703474
1.875	1.19999752214936
2	1.20000188514112
2	1.2000019789569
2.125	1.20000005526118
2.125	1.19999999159585
2.25	1.20000044018938
2.25	1.20000049829402
2.375	1.19999745586251
2.375	1.19999736877763
2.5	1.200000720825
2.5	1.20000070198369
2.625	1.20000468990744
2.625	1.20000483248369
2.75	1.19999755781546
2.75	1.19999741125731
2.875	1.19999871807302
2.875	1.19999876500861
3	1.19999901000117
3	1.1999989083703
3.125	1.20000620507236
3.125	1.20000623455723
3.25	1.20001030443452
3.25	1.20001043528841
3.375	1.20000353798235
3.375	1.20000339193574
3.5	1.20000443855062
3.5	1.20000454223284
3.625	1.19999897418143
3.625	1.19999889549369
3.75	1.19999870265017
3.75	1.19999863633784
3.875	1.20000270021312
3.875	1.20000285236434
4	1.19999632368951
4	1.19999610277838
4.125	1.20000274442757
4.125	1.20000288549063
4.25	1.19999973365411
4.25	1.1999997236364
4.375	1.19999701139401
4.375	1.199996825834
4.5	1.20000522499547
4.5	1.20000549929686
4.625	1.1999947510734
4.625	1.19999443847162
4.75	1.20000243464708
4.75	1.20000255621624
4.875	1.20000208662178
4.875	1.20000219352074
5	1.19999379557851
5	1.19999342862226
5.125	1.20000743475207
5.125	1.20000781060695
5.25	1.19999539061726
5.25	1.19999511927894
5.375	1.19999883431752
5.375	1.19999877057505
5.5	1.20000678280471
5.5	1.2000071090272
5.625	1.19999135974191
5.625	1.19999087836303
5.75	1.2000050858497
5.75	1.20000533270346
5.875	1.20000221346861
5.875	1.20000230277079
6	1.19999146819662
6	1.19999102388594
6.125	1.20000911170168
6.125	1.20000952315363
6.25	1.1999974053733
6.25	1.19999727132284
6.375	1.19999303275077
6.375	1.19999266951243
6.5	1.20001231291034
6.5	1.20001285421102
6.625	1.19999196998637
6.625	1.19999158463149
6.75	1.19999580856003
6.75	1.19999555982279
6.875	1.20001548930372
6.875	1.20001617962031
7	1.19998444391327
7	1.19998368283392
7.125	1.2000018748211
7.125	1.20000191437137
7.25	1.20001633710472
7.25	1.20001706244657
7.375	1.19997666183254
7.375	1.19997551288429
7.5	1.20001058383509
7.5	1.20001101766795
7.625	1.20001376335531
7.625	1.20001433340842
7.75	1.19997166642103
7.75	1.19997032539902
7.875	1.2000176471051
7.875	1.20001837803175
8	1.20001125619728
8	1.20001165812478
8.125	1.19996927271262
8.125	1.19996793328771
8.25	1.20001896510327
8.25	1.20001969726915
8.375	1.20001482006144
8.375	1.2000153186596
8.5	1.19996616263517
8.5	1.19996482700023
8.625	1.20001267080465
8.625	1.20001306497916
8.75	1.20002874505506
8.75	1.20002975580479
8.875	1.19996093049212
8.875	1.19995949171177
9	1.19999674361499
9	1.19999644657076
9.125	1.20005240400688
9.125	1.20005423705994
9.25	1.19996041641439
9.25	1.19995901018178
9.375	1.19996685586305
9.375	1.19996544748343
9.5	1.20007520295594
9.5	1.20007769826779
9.625	1.1999831751953
9.625	1.19998257546526
9.75	1.19992457467809
9.75	1.19992191975267
9.875	1.20006632835059
9.875	1.20006833697647
10	1.20004717776993
10	1.20004841372028
10.125	1.1999074297048
10.125	1.19990470590332
10.25	1.19997891321534
10.25	1.19997827325856
10.375	1.2001114394909
10.375	1.20011400324894
10.5	1.20000987111069
10.5	1.20001042611196
10.625	1.19985106064231
10.625	1.19984739517588
10.75	1.19999884399937
10.75	1.19999796425736
10.875	1.20021092693938
10.875	1.20021559205499
11	1.19999918956026
11	1.19999975570004
11.125	1.19971453690995
11.125	1.1997086759499
11.25	1.19993192724483
11.25	1.19993003175723
11.375	1.20034248788033
11.375	1.20034697865963
11.5	1.20027427367545
11.5	1.20028145081718
11.625	1.19937050267932
11.625	1.19937738349547
11.75	1.19767884078094
11.75	1.19768091093788
11.875	1.19569091932028
11.875	1.19568946325589
12	1.19378679791329
12	1.19378667234517
12.125	1.19193238155206
12.125	1.19193113748318
12.25	1.190213039152
12.25	1.19021060957457
12.375	1.18870899792758
12.375	1.18870921897569
12.5	1.18723312619182
12.5	1.18723230240484
12.625	1.18585527588328
12.625	1.18585237265143
12.75	1.18472290678071
12.75	1.18472301775075
12.875	1.18362950888512
12.875	1.18362915044827
13	1.18260395762422
13	1.18260047448509
13.125	1.18186672234454
13.125	1.18186638813556
13.25	1.18120473080439
13.25	1.18120515113121
13.375	1.18055373050435
13.375	1.18054986192599
13.5	1.18022007941317
13.5	1.18021852408413
13.625	1.18005087282866
13.625	1.1800522798648
13.75	1.17981970067038
13.75	1.17981629232289
13.875	1.17987608097252
13.875	1.17987234307787
14	1.18025697156658
14	1.18025879887706
14.125	1.18054754743259
14.125	1.18054637732155
14.25	1.1809676677878
14.25	1.18096164752085
14.375	1.18188922271466
14.375	1.18188902341015
14.5	1.18288568686827
14.5	1.18288810013675
14.625	1.18372928283939
14.625	1.18372407937088
14.75	1.18501820510865
14.75	1.1850120790738
14.875	1.18684927099197
14.875	1.18685186132111
15	1.18851231227733
15	1.18851461761117
15.125	1.19000638343825
15.125	1.18999874632468
15.25	1.19218377898789
15.25	1.19217532622989
15.375	1.19514923841726
15.375	1.19515189669633
15.5	1.19787095224407
15.5	1.19788134066445
15.625	1.19947859912505
15.625	1.19948745135764
15.75	1.2000349811916
15.75	1.20003872210411
15.875	1.20008066931005
15.875	1.20008110355246
16	1.20002340643414
16	1.20002297094429
16.125	1.19999752327917
16.125	1.19999731421154
16.25	1.19999661576099
16.25	1.19999660836337
16.375	1.1999994923128
16.375	1.19999951197203
16.5	1.20000046368868
16.5	1.20000047800747
16.625	1.19999990787119
16.625	1.19999989491846
16.75	1.20000007024898
16.75	1.20000007431651
16.875	1.20000003029984
16.875	1.20000003221971
17	1.19999984044102
17	1.19999983136116
17.125	1.20000019934409
17.125	1.20000020934704
17.25	1.19999987063602
17.25	1.1999998628428
17.375	1.199999985428
17.375	1.19999998492331
17.5	1.20000015398511
17.5	1.20000016128875
17.625	1.19999979574883
17.625	1.19999978421964
17.75	1.20000013408607
17.75	1.2000001408615
17.875	1.20000002228225
17.875	1.2000000226976
18	1.19999983684035
18	1.19999982827808
18.125	1.20000019907703
18.125	1.20000020848254
18.25	1.1999999004701
18.25	1.19999989450642
18.375	1.19999993731735
18.375	1.19999993451749
18.5	1.20000017891861
18.5	1.20000018679023
18.625	1.1999998414714
18.625	1.19999983286142
18.75	1.20000002877692
18.75	1.20000003056259
18.875	1.20000011772861
18.875	1.2000001222827
19	1.1999998435784
19	1.19999983557631
19.125	1.20000007605653
19.125	1.20000007991119
19.25	1.20000005683574
19.25	1.20000005833526
19.375	1.19999988765214
19.375	1.19999988239604
19.5	1.20000007146006
19.5	1.20000007495329
19.625	1.20000002096729
19.625	1.20000002062828
19.75	1.19999994943145
19.75	1.19999994737929
19.875	1.20000002569399
19.875	1.20000002750385
20	1.20000000373542
0	0.475399990434542
0.125	0.475400035885742
0.125	0.475400051253923
0.25	0.475400076567355
0.25	0.475400061001441
0.375	0.475400020835002
0.375	0.475400025595164
0.5	0.475399993316145
0.5	0.475399991530894
0.625	0.475399917126178
0.625	0.475399896311932
0.75	0.475399926208892
0.75	0.475399966151417
0.875	0.475399973398574
0.875	0.475399934159832
1	0.475399906810368
1	0.475399925778439
1.125	0.475400000848692
1.125	0.47539999560298
1.25	0.475400008325304
1.25	0.475400009613379
1.375	0.47539998320265
1.375	0.475399974739274
1.5	0.47539994598518
1.5	0.475399926866137
1.625	0.475400056651045
1.625	0.475400124741948
1.75	0.475400060435132
1.75	0.475399969192784
1.875	0.475399832294259
1.875	0.475399859046275
2	0.475400070021709
2	0.475400097205859
2.125	0.475400123904166
2.125	0.475400097322861
2.25	0.475399942290104
2.25	0.475399949422821
2.375	0.475399809754248
2.375	0.475399737448722
2.5	0.475400036212103
2.5	0.475400168388358
2.625	0.475400423858334
2.625	0.475400351440351
2.75	0.475399901587699
2.75	0.475399853706113
2.875	0.475399697839243
2.875	0.475399730298673
3	0.475400003898251
3	0.475399950307415
3.125	0.475400605120897
3.125	0.475400747896784
3.25	0.47540108569224
3.25	0.47540098437196
3.375	0.475400556367763
3.375	0.475400544276899
3.5	0.475400307095601
3.5	0.47540036717737
3.625	0.475399998003446
3.625	0.475399870383544
3.75	0.475399832099336
3.75	0.475399972381695
3.875	0.475400150761908
3.875	0.475400052448569
4	0.475399825649115
4	0.475399792905022
4.125	0.47540005093741
4.125	0.475400209026081
4.25	0.475400056448847
4.25	0.47539983401029
4.375	0.475399772709764
4.375	0.47539993670947
4.5	0.475400268902822
4.5	0.47540020225774
4.625	0.475399795180445
4.625	0.475399660731942
4.75	0.475399958606309
4.75	0.475400250736784
4.875	0.475400237166713
4.875	0.475399913254726
5	0.475399601809771
5	0.475399735588934
5.125	0.475400330313814
5.125	0.475400417975932
5.25	0.475399903009945
5.25	0.475399595276835
5.375	0.475399690541387
5.375	0.475400069509017
5.5	0.475400517843597
5.5	0.475400254568533
5.625	0.475399529103411
5.625	0.475399434750419
5.75	0.475400071850557
5.75	0.475400459290856
5.875	0.475400342151979
5.875	0.475399901169978
6	0.475399353442609
6	0.475399501762119
6.125	0.475400475986729
6.125	0.475400707623565
6.25	0.475400026666822
6.25	0.475399531376376
6.375	0.47539934044655
6.375	0.475399703296772
6.5	0.475400820545421
6.5	0.475400851477555
6.625	0.475399642433542
6.625	0.475399121661505
6.75	0.475399423354942
6.75	0.475400043584399
6.875	0.475401159948576
6.875	0.475400886106555
7	0.475399133917098
7	0.475398668090834
7.125	0.475399671142358
7.125	0.475400580965357
7.25	0.475401424707415
7.25	0.475400722438407
7.375	0.475398518948092
7.375	0.475398229211913
7.5	0.475400172742977
7.5	0.475401259601853
7.625	0.475401475436728
7.625	0.475400411221443
7.75	0.475397960418021
7.75	0.475397917496291
7.875	0.47540069192661
7.875	0.475401798774603
8	0.475401471792135
8	0.475400251155346
8.125	0.475397548327557
8.125	0.475397603290732
8.25	0.475400888887215
8.25	0.475402009364616
8.375	0.475401816470814
8.375	0.475400653049041
8.5	0.475397213879351
8.5	0.475397019968657
8.625	0.475400418367228
8.625	0.475401750824353
8.75	0.475402893651056
8.75	0.475401950907849
8.875	0.47539693870101
8.875	0.475396060590511
9	0.475398989739189
9	0.475400718681096
9.125	0.4754047290384
9.125	0.475404302661707
9.25	0.47539727134353
9.25	0.475395324580635
9.375	0.475396311999178
9.375	0.475398199948309
9.5	0.475406340236856
9.5	0.475407069758331
9.625	0.475399691605622
9.625	0.475396826085623
9.75	0.475392696703848
9.75	0.475393727114362
9.875	0.475404935742244
9.875	0.475407174978018
10	0.475405732951184
10	0.475403362006839
10.125	0.475391611402549
10.125	0.475390425648457
10.25	0.475396483634542
10.25	0.47539890750595
10.375	0.475411134723531
10.375	0.475412048007133
10.5	0.475401786524841
10.5	0.475398894782707
10.625	0.475385489384678
10.625	0.47538412497986
10.75	0.475398601036622
10.75	0.475402372245908
10.875	0.475421057043247
10.875	0.475422492980875
11	0.475401530974771
11	0.475396617944182
11.125	0.475371240215566
11.125	0.475369280260184
11.25	0.475390374639691
11.25	0.475394507445754
11.375	0.475436060587671
11.375	0.475439994652064
11.5	0.47542964981587
11.5	0.475432063476056
11.625	0.475328816951395
11.625	0.475328528811622
11.75	0.475140579577404
11.75	0.475137863274297
11.875	0.474915836430946
11.875	0.474915338159874
12	0.474697473192558
12	0.474697773740607
12.125	0.474488087510041
12.125	0.4744864059796
12.25	0.474291713620448
12.25	0.474292085397309
12.375	0.474116992460972
12.375	0.474117823520875
12.5	0.473949371348004
12.5	0.473947307663507
12.625	0.473791109308991
12.625	0.473791146179583
12.75	0.473657175403501
12.75	0.473658543007035
12.875	0.473532432515039
12.875	0.47353013985016
13	0.4734149167047
13	0.473414361580449
13.125	0.473325440029099
13.125	0.473327451933126
13.25	0.473249768763054
13.25	0.473247596284271
13.375	0.473176573374126
13.375	0.473174878396987
13.5	0.47313388409519
13.5	0.473136372568884
13.625	0.47311391571258
13.625	0.473112836490004
13.75	0.473090940462584
13.75	0.473087581385066
13.875	0.473095232146018
13.875	0.473097273454049
14	0.473136662386822
14	0.473138104361164
14.125	0.473174875095383
14.125	0.473170360382322
14.25	0.473225242315985
14.25	0.473224748322273
14.375	0.473326835549094
14.375	0.473330926547982
14.5	0.473444649180746
14.5	0.473442144657985
14.625	0.473547519545958
14.625	0.473542347335839
14.75	0.473693798485722
14.75	0.473696485003728
14.875	0.47390047406092
14.875	0.47390471281755
15	0.474095986779711
15	0.474091283341719
15.125	0.474272027829764
15.125	0.474265583384068
15.25	0.474516916477759
15.25	0.474519952058705
15.375	0.474848554899003
15.375	0.474856494863247
15.5	0.475157802585219
15.5	0.475161622423434
15.625	0.475341708697162
15.625	0.475340997837346
15.75	0.475405358797154
15.75	0.47540345055063
15.875	0.475409912603743
15.875	0.475408871024092
16	0.475402840345418
16	0.475402696853177
16.125	0.475399596734473
16.125	0.475399752146
16.25	0.475399560436561
16.25	0.475399614527149
16.375	0.475399938157527
16.375	0.475399941093393
16.5	0.475400043378574
16.5	0.475400031343579
16.625	0.475399997952783
16.625	0.475399993084233
16.75	0.475399991339529
16.75	0.475400001142742
16.875	0.475400003438737
16.875	0.475399994312185
17	0.475399988801605
17	0.47539999328302
17.125	0.475400010643662
17.125	0.475400012010647
17.25	0.475399998883715
17.25	0.475399991459224
17.375	0.475399995089376
17.375	0.475400004794083
17.5	0.475400016424198
17.5	0.475400009398554
17.625	0.475399993224172
17.625	0.475399992098877
17.75	0.475400006976995
17.75	0.475400015258418
17.875	0.475400010170999
17.875	0.475400000056869
18	0.475399990268713
18	0.475399994973559
18.125	0.475400014734865
18.125	0.475400016878677
18.25	0.475400002881481
18.25	0.47539999485153
18.375	0.475399994576864
18.375	0.475400002811626
18.5	0.475400019262479
18.5	0.475400015639465
18.625	0.475399998835356
18.625	0.475399994791963
18.75	0.475400003366767
18.75	0.47540001169193
18.875	0.475400019542471
18.875	0.475400013293319
19	0.475399997387094
19	0.475399996317075
19.125	0.475400009361057
19.125	0.475400015264703
19.25	0.475400018427243
19.25	0.475400012899203
19.375	0.475400002687849
19.375	0.475400003837179
19.5	0.47540001459024
19.5	0.475400017587333
19.625	0.475400016758639
19.625	0.47540001327775
19.75	0.475400006590732
19.75	0.47540000771749
19.875	0.475400013197643
19.875	0.475400014505595
20	0.475400014692963
0	-0.200000005701354
0.125	-0.200000103767897
0.125	-0.200000088215968
0.25	-0.200000935089628
0.25	-0.200000965795805
0.375	-0.199999665459081
0.375	-0.199999627892927
0.5	-0.200000456355952
0.5	-0.200000500326444
0.625	-0.19999862416025
0.625	-0.199998580559068
0.75	-0.199999794316289
0.75	-0.19999981813449
0.875	-0.199999614079032
0.875	-0.19999961719191
1	-0.199998968683504
1	-0.199998942380849
1.125	-0.200000427630444
1.125	-0.200000462536834
1.25	-0.19999961753924
1.25	-0.199999582638527
1.375	-0.200000405954257
1.375	-0.200000448244459
1.5	-0.199998898970341
1.5	-0.199998850001739
1.625	-0.200001035929686
1.625	-0.200001062003512
1.75	-0.200000609331735
1.75	-0.200000644915867
1.875	-0.199997637966957
1.875	-0.199997547022488
2	-0.200001868795394
2	-0.200001960871329
2.125	-0.200000064055587
2.125	-0.199999999812234
2.25	-0.200000433393297
2.25	-0.200000497475596
2.375	-0.199997475795451
2.375	-0.199997413150356
2.5	-0.200000693450898
2.5	-0.200000675660001
2.625	-0.200004685209865
2.625	-0.200004805838834
2.75	-0.199997573630603
2.75	-0.199997453196706
2.875	-0.199998708941373
2.875	-0.199998778911996
3	-0.199999018659309
3	-0.199998939194185
3.125	-0.200006145075358
3.125	-0.200006164132267
3.25	-0.200010268321294
3.25	-0.20001037509247
3.375	-0.200003507439172
3.375	-0.200003384752233
3.5	-0.200004397311901
3.5	-0.200004501916627
3.625	-0.19999899708037
3.625	-0.199998939006173
3.75	-0.199998681193755
3.75	-0.199998629736227
3.875	-0.20000270627134
3.875	-0.20000285054882
4	-0.199996339106058
4	-0.199996158602039
4.125	-0.20000270490026
4.125	-0.200002835463892
4.25	-0.199999777037497
4.25	-0.199999775576885
4.375	-0.199996990941475
4.375	-0.199996837798488
4.5	-0.200005211607447
4.5	-0.200005471479723
4.625	-0.199994788836679
4.625	-0.199994534026107
4.75	-0.200002370100087
4.75	-0.200002486257497
4.875	-0.200002137567811
4.875	-0.200002242428392
5	-0.199993783289966
5	-0.199993486503367
5.125	-0.200007382893447
5.125	-0.200007732644707
5.25	-0.19999545963883
5.25	-0.199995239603534
5.375	-0.199998764202324
5.375	-0.199998723796556
5.5	-0.200006805756133
5.5	-0.200007099608652
5.625	-0.199991390410179
5.625	-0.199991009635462
5.75	-0.200004992338003
5.75	-0.20000521943556
5.875	-0.200002288832488
5.875	-0.200002371602686
6	-0.199991451668089
6	-0.199991109161309
6.125	-0.200009039079856
6.125	-0.200009397311765
6.25	-0.199997500628284
6.25	-0.199997407313657
6.375	-0.199992975049242
6.375	-0.19999269773107
6.5	-0.200012267907054
6.5	-0.200012734239147
6.625	-0.199992074061731
6.625	-0.199991791767024
6.75	-0.199995698689566
6.75	-0.199995507831609
6.875	-0.2000154847635
6.875	-0.200016087610652
7	-0.199984548115316
7	-0.199983970135752
7.125	-0.200001697695684
7.125	-0.200001739618543
7.25	-0.200016407036887
7.25	-0.200017042935221
7.375	-0.199976738263234
7.375	-0.199975863512567
7.5	-0.200010340733911
7.5	-0.200010723774449
7.625	-0.200013909963687
7.625	-0.200014409196156
7.75	-0.199971698412283
7.75	-0.19997069011779
7.875	-0.200017377331816
7.875	-0.200018006914348
8	-0.200011444905585
8	-0.200011786263529
8.125	-0.199969285496543
8.125	-0.199968306503992
8.25	-0.200018696577132
8.25	-0.200019309142819
8.375	-0.200014995181917
8.375	-0.200015398938044
8.5	-0.199966223578801
8.5	-0.19996528057577
8.625	-0.20001238517404
8.625	-0.200012701704273
8.75	-0.200028844140526
8.75	-0.200029647869447
8.875	-0.199961119173124
8.875	-0.199960133856027
9	-0.199996411296973
9	-0.199996190847658
9.125	-0.200052351131022
9.125	-0.200053785266609
9.25	-0.19996079003111
9.25	-0.199959864645193
9.375	-0.199966514432125
9.375	-0.199965516679923
9.5	-0.200074881019364
9.5	-0.200076795394499
9.625	-0.199983689670693
9.625	-0.199983342423584
9.75	-0.199924447863324
9.75	-0.199922622414987
9.875	-0.200065724803036
9.875	-0.200067261147206
10	-0.200047489799472
10	-0.200048396895376
10.125	-0.199907761395171
10.125	-0.199905983695653
10.25	-0.1999784403243
10.25	-0.199978098466265
10.375	-0.200111022748475
10.375	-0.200112701567465
10.5	-0.200010347112944
10.5	-0.200010893229775
10.625	-0.199851555248377
10.625	-0.199849277984422
10.75	-0.199998019450827
10.75	-0.199997391847711
10.875	-0.200210097772661
10.875	-0.200213235439252
11	-0.200000105395246
11	-0.200000680962174
11.125	-0.199715577479432
11.125	-0.199711981341736
11.25	-0.199931089900248
11.25	-0.19993012320291
11.375	-0.200340556685145
11.375	-0.200343101761018
11.5	-0.200273917898869
11.5	-0.200277756522343
11.625	-0.199376605511767
11.625	-0.199380534662004
11.75	-0.197695890631696
11.75	-0.197696917619555
11.875	-0.19572039429013
11.875	-0.195719311411025
12	-0.19382922344662
12	-0.193829426797151
12.125	-0.191987783939895
12.125	-0.191987188841434
12.25	-0.19027979072091
12.25	-0.190278268167939
12.375	-0.188786427780365
12.375	-0.188786881478163
12.5	-0.187321156183876
12.5	-0.187320854354246
12.625	-0.185952173161999
12.625	-0.185950322046074
12.75	-0.184827834575113
12.75	-0.184828217117917
12.875	-0.183742626648472
12.875	-0.18374270428921
13	-0.182723432474791
13	-0.182721201534905
13.125	-0.181991303658992
13.125	-0.181991372388352
13.25	-0.18133478526064
13.25	-0.18133547119209
13.375	-0.180687572158501
13.375	-0.180685155707912
13.5	-0.180355823465009
13.5	-0.180355048845527
13.625	-0.180188898030286
13.625	-0.180190318606031
13.75	-0.179958974136435
13.75	-0.179956996969098
13.875	-0.18001391781103
13.875	-0.180011655678077
14	-0.180393179934739
14	-0.180394855298929
14.125	-0.180682301513214
14.125	-0.180681952093504
14.25	-0.181097943554452
14.25	-0.181094171637003
14.375	-0.182013249248034
14.375	-0.182013454317303
14.5	-0.183004443244784
14.5	-0.183006532253549
14.625	-0.183841215556616
14.625	-0.183838259649044
14.75	-0.18511960008539
14.75	-0.185115919628667
14.875	-0.186939389276282
14.875	-0.18694141714312
15	-0.188592455393166
15	-0.188594436127859
15.125	-0.190074404515831
15.125	-0.190070140237215
15.25	-0.192234904906983
15.25	-0.192229986284633
15.375	-0.195181662506258
15.375	-0.195183276032007
15.5	-0.197887460914774
15.5	-0.197893372720105
15.625	-0.199484675964258
15.625	-0.199489496662651
15.75	-0.200036212085345
15.75	-0.200038072550946
15.875	-0.200080503159296
15.875	-0.200080622913042
16	-0.200023174736022
16	-0.200022915252965
16.125	-0.199997443457404
16.125	-0.199997353508356
16.25	-0.199996623565761
16.25	-0.199996629018245
16.375	-0.199999503998305
16.375	-0.199999513877067
16.5	-0.200000468255868
16.5	-0.200000478570308
16.625	-0.199999911037605
16.625	-0.199999900842372
16.75	-0.200000070003263
16.75	-0.200000074453421
16.875	-0.200000033420724
16.875	-0.200000035179924
17	-0.199999840757911
17	-0.199999833450856
17.125	-0.200000198657894
17.125	-0.200000207939916
17.25	-0.199999872638305
17.25	-0.199999866267931
17.375	-0.199999983543098
17.375	-0.199999983497718
17.5	-0.200000154310666
17.5	-0.200000160803777
17.625	-0.199999795533378
17.625	-0.199999786357571
17.75	-0.200000131185067
17.75	-0.200000137451905
17.875	-0.200000023542107
17.875	-0.200000023970645
18	-0.199999835619098
18	-0.199999829002252
18.125	-0.200000197104775
18.125	-0.200000205524993
18.25	-0.199999901161777
18.25	-0.199999896394243
18.375	-0.19999993459727
18.375	-0.199999932786312
18.5	-0.20000017753006
18.5	-0.20000018433214
18.625	-0.199999840553783
18.625	-0.199999833793955
18.75	-0.200000024840633
18.75	-0.200000026764661
18.875	-0.200000116390568
18.875	-0.2000001202077
19	-0.199999841722509
19	-0.19999983564414
19.125	-0.200000072091203
19.125	-0.200000075682436
19.25	-0.200000054712087
19.25	-0.200000055774079
19.375	-0.199999884003736
19.375	-0.199999880080937
19.5	-0.20000006691517
19.5	-0.200000070074918
19.625	-0.200000017969946
19.625	-0.200000017503302
19.75	-0.199999945565028
19.75	-0.199999944202959
19.875	-0.200000021626836
19.875	-0.200000023056427
20	-0.199999999889503
0	4.15416393242173e-08
0.125	4.15416393242173e-08
0.125	2.15205070924534e-07
0.25	2.15205070924534e-07
0.25	4.1242828144967e-07
0.375	4.1242828144967e-07
0.375	5.58417517717854e-07
0.5	5.58417517717854e-07
0.5	5.65207703362257e-07
0.625	5.65207703362257e-07
0.625	6.97891589723101e-07
0.75	6.97891589723101e-07
0.75	3.09964430346549e-07
0.875	3.09964430346549e-07
0.875	5.28716998929149e-08
1	5.28716998929149e-08
1	4.4521916745809e-07
1.125	4.4521916745809e-07
1.125	4.68607403716477e-07
1.25	4.68607403716477e-07
1.25	4.92516219817352e-07
1.375	4.92516219817352e-07
1.375	5.19301097315025e-07
1.5	5.19301097315025e-07
1.5	8.08585495758731e-07
1.625	8.08585495758731e-07
1.625	4.34016412275655e-07
1.75	4.34016412275655e-07
1.75	4.66266799056865e-07
1.875	4.66266799056865e-07
1.875	1.53180557653884e-06
2	1.53180557653884e-06
2	1.2508762170831e-06
2.125	1.2508762170831e-06
2.125	8.48870992506886e-07
2.25	8.48870992506886e-07
2.25	7.74729252796097e-07
2.375	7.74729252796097e-07
2.375	1.1611328644875e-06
2.5	1.1611328644875e-06
2.5	2.51216968312746e-07
2.625	2.51216968312746e-07
2.625	1.90101507125429e-06
2.75	1.90101507125429e-06
2.75	1.9541121239645e-06
2.875	1.9541121239645e-06
2.875	6.25808548583549e-07
3	6.25808548583549e-07
3	1.35507550311266e-06
3.125	1.35507550311266e-06
3.125	3.93128812263064e-07
3.25	3.93128812263064e-07
3.25	1.7447086913581e-06
3.375	1.7447086913581e-06
3.375	1.94728216369864e-06
3.5	1.94728216369864e-06
3.5	1.38242781621664e-06
3.625	1.38242781621664e-06
3.625	1.04917109267863e-06
3.75	1.04917109267863e-06
3.75	8.84164032910345e-07
3.875	8.84164032910345e-07
3.875	2.02868402742257e-06
4	2.02868402742257e-06
4	2.94548376764476e-06
4.125	2.94548376764476e-06
4.125	1.88083910727561e-06
4.25	1.88083910727561e-06
4.25	1.33569666070573e-07
4.375	1.33569666070573e-07
4.375	2.47413179098139e-06
4.5	2.47413179098139e-06
4.5	3.65735231471284e-06
4.625	3.65735231471284e-06
4.625	4.16802986857232e-06
4.75	4.16802986857232e-06
4.75	1.62091935090926e-06
4.875	1.62091935090926e-06
4.875	1.42532219085666e-06
5	1.42532219085666e-06
5	4.89274926199747e-06
5.125	4.89274926199747e-06
5.125	5.01139276803701e-06
5.25	5.01139276803701e-06
5.25	3.61785410114279e-06
5.375	3.61785410114279e-06
5.375	8.49897852084432e-07
5.5	8.49897852084432e-07
5.5	4.34963694796476e-06
5.625	4.34963694796476e-06
5.625	6.41839733232874e-06
5.75	6.41839733232874e-06
5.75	3.29137375861829e-06
5.875	3.29137375861829e-06
5.875	1.19069923946307e-06
6	1.19069923946307e-06
6	5.92414366141848e-06
6.125	5.92414366141848e-06
6.125	5.48601162296355e-06
6.25	5.48601162296355e-06
6.25	1.78734687488629e-06
6.375	1.78734687488629e-06
6.375	4.8431690832696e-06
6.5	4.8431690832696e-06
6.5	7.21732972593772e-06
6.625	7.21732972593772e-06
6.625	5.13809327312215e-06
6.75	5.13809327312215e-06
6.75	3.31648217268603e-06
6.875	3.31648217268603e-06
6.875	9.20422103952324e-06
7	9.20422103952324e-06
7	1.01477880859522e-05
7.125	1.01477880859522e-05
7.125	5.27333082257536e-07
7.25	5.27333082257536e-07
7.25	9.67125226106118e-06
7.375	9.67125226106118e-06
7.375	1.53194023353551e-05
7.5	1.53194023353551e-05
7.5	5.78437964573606e-06
7.625	5.78437964573606e-06
7.625	7.60075444107204e-06
7.75	7.60075444107204e-06
7.75	1.78803872848288e-05
7.875	1.78803872848288e-05
7.875	9.74557047700348e-06
8	9.74557047700348e-06
8	5.35907739342513e-06
8.125	5.35907739342513e-06
8.125	1.78591009216198e-05
8.25	1.78591009216198e-05
8.25	9.7620735169073e-06
8.375	9.7620735169073e-06
8.375	6.64802870117465e-06
8.5	6.64802870117465e-06
8.5	1.78086371611845e-05
8.625	1.78086371611845e-05
8.625	5.25556958534595e-06
8.75	5.25556958534595e-06
8.75	1.34767186806102e-05
8.875	1.34767186806102e-05
8.875	1.91840923478442e-05
9	1.91840923478442e-05
9	3.96051040869159e-06
9.125	3.96051040869159e-06
9.125	2.44405642165405e-05
9.25	2.44405642165405e-05
9.25	1.8750351394389e-05
9.375	1.8750351394389e-05
9.375	1.87780819895239e-05
9.5	1.87780819895239e-05
9.5	3.32699883554169e-05
9.625	3.32699883554169e-05
9.625	7.99671092806946e-06
9.75	7.99671092806946e-06
9.75	3.53991872848279e-05
9.875	3.53991872848279e-05
9.875	2.67803949007403e-05
10	2.67803949007403e-05
10	1.64796453477006e-05
10.125	1.64796453477006e-05
10.125	3.63191216585261e-05
10.25	3.63191216585261e-05
10.25	8.5324404633269e-06
10.375	8.5324404633269e-06
10.375	3.41816829874664e-05
10.5	3.41816829874664e-05
10.5	7.40044651448236e-06
10.625	7.40044651448236e-06
10.625	4.88760263348208e-05
10.75	4.88760263348208e-05
10.75	1.17288763258562e-05
10.875	1.17288763258562e-05
10.875	6.21959866962388e-05
11	6.21959866962388e-05
11	7.54943158276352e-06
11.125	7.54943158276352e-06
11.125	7.81578504878391e-05
11.25	7.81578504878391e-05
11.25	2.52703022702616e-05
11.375	2.52703022702616e-05
11.375	5.98615657701906e-05
11.5	5.98615657701906e-05
11.5	9.57091061885783e-05
11.625	9.57091061885783e-05
11.625	9.18568899868705e-05
11.75	9.18568899868705e-05
11.75	2.76785314303911e-05
11.875	2.76785314303911e-05
11.875	1.94997019887832e-05
12	1.94997019887832e-05
12	1.68426073335868e-06
12.125	1.68426073335868e-06
12.125	1.67119199547295e-05
12.25	1.67119199547295e-05
12.25	3.26814270630044e-05
12.375	3.26814270630044e-05
12.375	2.97715630893885e-06
12.5	2.97715630893885e-06
12.5	1.11083877116138e-05
12.625	1.11083877116138e-05
12.625	3.91902477588492e-05
12.75	3.91902477588492e-05
12.75	1.49937678594741e-06
12.875	1.49937678594741e-06
12.875	4.8473541833971e-06
13	4.8473541833971e-06
13	4.71397828028989e-05
13.125	4.71397828028989e-05
13.125	4.52575443436985e-06
13.25	4.52575443436985e-06
13.25	5.69510877469743e-06
13.375	5.69510877469743e-06
13.375	5.24381992818417e-05
13.5	5.24381992818417e-05
13.5	2.10868007797606e-05
13.625	2.10868007797606e-05
13.625	1.90795013507509e-05
13.75	1.90795013507509e-05
13.75	4.62209119452035e-05
13.875	4.62209119452035e-05
13.875	5.06805484288273e-05
14	5.06805484288273e-05
14	2.47686392215588e-05
14.125	2.47686392215588e-05
14.125	1.58557378825038e-05
14.25	1.58557378825038e-05
14.25	8.15322621273094e-05
14.375	8.15322621273094e-05
14.375	2.6969742815455e-06
14.5	2.6969742815455e-06
14.5	3.26308013335125e-05
14.625	3.26308013335125e-05
14.625	7.02951162660079e-05
14.75	7.02951162660079e-05
14.75	8.26494967384035e-05
14.875	8.26494967384035e-05
14.875	3.48959367952431e-05
15	3.48959367952431e-05
15	3.10153706044922e-05
15.125	3.10153706044922e-05
15.125	0.000102589814605088
15.25	0.000102589814605088
15.25	0.000113301851516019
15.375	0.000113301851516019
15.375	3.55470652420202e-05
15.5	3.55470652420202e-05
15.5	0.000138664817560142
15.625	0.000138664817560142
15.625	0.000118053262583613
15.75	0.000118053262583613
15.75	4.98763498293451e-05
15.875	4.98763498293451e-05
15.875	5.78964363023676e-06
16	5.78964363023676e-06
16	5.80648290140931e-06
16.125	5.80648290140931e-06
16.125	2.78757532426472e-06
16.25	2.78757532426472e-06
16.25	9.86348695429289e-08
16.375	9.86348695429289e-08
16.375	2.62123125865204e-07
16.5	2.62123125865204e-07
16.5	1.90916972991554e-07
16.625	1.90916972991554e-07
16.625	1.72703187592768e-07
16.75	1.72703187592768e-07
16.75	5.4233714412689e-08
16.875	5.4233714412689e-08
16.875	2.55983159373518e-08
17	2.55983159373518e-08
17	1.21064910620418e-07
17.125	1.21064910620418e-07
17.125	1.33372624052073e-07
17.25	1.33372624052073e-07
17.25	1.03909435778372e-07
17.375	1.03909435778372e-07
17.375	6.7289222148406e-09
17.5	6.7289222148406e-09
17.5	9.73821248493706e-08
17.625	9.73821248493706e-08
17.625	1.53722530312143e-07
17.75	1.53722530312143e-07
17.75	9.03391759200054e-08
17.875	9.03391759200054e-08
17.875	5.53794376127471e-09
18	5.53794376127471e-09
18	1.14163524738833e-07
18.125	1.14163524738833e-07
18.125	1.25406846616981e-07
18.25	1.25406846616981e-07
18.25	7.9515670735336e-08
18.375	7.9515670735336e-08
18.375	3.73315257344497e-08
18.5	3.73315257344497e-08
18.5	1.04954908712265e-07
18.625	1.04954908712265e-07
18.625	1.14799734860379e-07
18.75	1.14799734860379e-07
18.75	2.38089918243123e-08
18.875	2.38089918243123e-08
18.875	6.07211889413826e-08
19	6.07211889413826e-08
19	1.0669456526255e-07
19.125	1.0669456526255e-07
19.125	5.13953916784558e-08
19.25	5.13953916784558e-08
19.25	1.99937167621539e-08
19.375	1.99937167621539e-08
19.375	7.00813169129807e-08
19.5	7.00813169129807e-08
19.5	4.65764415813044e-08
19.625	4.65764415813044e-08
19.625	4.52012951230601e-09
19.75	4.52012951230601e-09
19.75	2.73621809763703e-08
19.875	2.73621809763703e-08
19.875	2.41315764227579e-08
20	2.41315764227579e-08
