3	1
80
0	1.20000875801092
0.5	1.19975035903931
0.5	1.19974105317726
1	1.20000154279296
1	1.20000665949778
1.5	1.19995010372936
1.5	1.1999481594694
2	1.19996456612075
2	1.19996326114913
2.5	1.20007096255106
2.5	1.20007412603985
3	1.19994056759651
3	1.19993768438065
3.5	1.20000502762122
3.5	1.20000368419529
4	1.20011042256315
4	1.20011714835083
4.5	1.19978137585145
4.5	1.1997673500952
5	1.20025841113779
5	1.20027120635421
5.5	1.19985642014324
5.5	1.1998494854036
6	1.19988289449788
6	1.19987382638403
6.5	1.20042058489814
6.5	1.20044187267823
7	1.19947154369497
7	1.19944310777457
7.5	1.20026764126559
7.5	1.20027813394063
8	1.20031412158753
8	1.20032873181062
8.5	1.19923646781919
8.5	1.19919991703506
9	1.20055425831401
9	1.2005753421067
9.5	1.20033766097698
9.5	1.20034885566332
10	1.19906163550804
10	1.19902889081356
10.5	1.20019174779064
10.5	1.20019737432353
11	1.20104187813834
11	1.20106286355595
11.5	1.19942667820958
11.5	1.19945796149979
12	1.19423001477312
12	1.19425352796182
12.5	1.18679533257083
12.5	1.1867567605173
13	1.18240842203577
13	1.18237806667231
13.5	1.18089277831432
13.5	1.18090396125155
14	1.1793254038208
14	1.17928299081079
14.5	1.1816735511124
14.5	1.1816087371678
15	1.18975346675504
15	1.18976505394506
15.5	1.19722678833704
15.5	1.19727238008711
16	1.20007194401529
16	1.20009227885804
16.5	1.20021330654308
16.5	1.20021317218853
17	1.20000878282466
17	1.20000665059639
17.5	1.19998647297027
17.5	1.199986416022
18	1.20000130208892
18	1.20000145788666
18.5	1.20000249436907
18.5	1.20000249171316
19	1.20000124969852
19	1.20000122741734
19.5	1.20000133702857
19.5	1.20000141500907
20	1.2000010903563
0	0.47539496518717
0.5	0.475389247269355
0.5	0.475386965858345
1	0.47539554184092
1	0.475400667804138
1.5	0.475405983636572
1.5	0.475401224742894
2	0.475400598459538
2	0.4754040568249
2.5	0.47541160842361
2.5	0.475410775239779
3	0.475402708282193
3	0.475399426758887
3.5	0.475406162264611
3.5	0.475412396627816
4	0.475412514889297
4	0.475404570222722
4.5	0.47539621715631
4.5	0.47539806270672
5	0.475417280994509
5	0.475423719143785
5.5	0.475402944939408
5.5	0.475387517952683
6	0.475394989525734
6	0.475411912456863
6.5	0.475433839988355
6.5	0.475423059126457
7	0.475379666007429
7	0.475369382963301
7.5	0.475411075379744
7.5	0.475439311167528
8	0.475440027563067
8	0.475411531739224
8.5	0.475352353274422
8.5	0.475352036390398
9	0.475433613957129
9	0.475463493898743
9.5	0.47545193381391
9.5	0.475421597083895
10	0.475325059521247
10	0.475320230991399
10.5	0.475405605075376
10.5	0.475430502736807
11	0.475521761195592
11	0.475531999473403
11.5	0.475336139134218
11.5	0.475348576735126
12	0.474753610826157
12	0.474727883378491
12.5	0.473936797977915
12.5	0.473905839053815
13	0.473392205573926
13	0.473415134429008
13.5	0.473198802549529
13.5	0.473191854050005
14	0.473066442401625
14	0.473016959720737
14.5	0.473326520974768
14.5	0.473340726840246
15	0.47421098793377
15	0.474258453180594
15.5	0.475084723808755
15.5	0.475090526650867
16	0.47542409719886
16	0.475411015779632
16.5	0.475436425488977
16.5	0.475430794429255
17	0.47540738356633
17	0.475408236298037
17.5	0.475404274434785
17.5	0.475405009898345
18	0.475406842247008
18	0.475406727008436
18.5	0.475406908149913
18.5	0.475406871043997
19	0.475406703379517
19	0.475406679006062
19.5	0.475406721095493
19.5	0.475407155650348
20	0.475406184812175
0	-0.200007421511741
0.5	-0.19975010437202
0.5	-0.19974234079507
1	-0.19999867725519
1	-0.200004023733642
1.5	-0.199949730710275
1.5	-0.19994773561522
2	-0.199962165795801
2	-0.199961386385892
2.5	-0.200069215973121
2.5	-0.200071815605739
3	-0.199939340243701
3	-0.199937380864128
3.5	-0.20000220026316
3.5	-0.200000718904599
4	-0.200109147727645
4	-0.200116069383517
4.5	-0.19977958929464
4.5	-0.199767960709367
5	-0.200254073625376
5	-0.20026585510398
5.5	-0.199857419325926
5.5	-0.199852452759083
6	-0.199878027950222
6	-0.19987042497081
6.5	-0.200418458328016
6.5	-0.200438250128148
7	-0.199472117577489
7	-0.199449751832941
7.5	-0.200259214969115
7.5	-0.20026861002388
8	-0.2003161003132
8	-0.200329263205364
8.5	-0.199235131279975
8.5	-0.199207555720339
9	-0.200544565090137
9	-0.200562617062446
9.5	-0.200340593235509
9.5	-0.200349175246881
10	-0.199061537558705
10	-0.199038864198141
10.5	-0.200183366656111
10.5	-0.200189731792638
11	-0.201037369351374
11	-0.201047543974223
11.5	-0.199434891091169
11.5	-0.199451762495766
12	-0.194275893625771
12	-0.194293487674641
12.5	-0.186882023998286
12.5	-0.186857933110414
13	-0.182515973178241
13	-0.182498870873217
13.5	-0.181021998394872
13.5	-0.181036420353501
14	-0.179464133633459
14	-0.179441737266224
14.5	-0.181780640905026
14.5	-0.181741755718344
15	-0.189814200030501
15	-0.189823851768219
15.5	-0.197253731810924
15.5	-0.197280699571324
16	-0.200078120969046
16	-0.200088170600639
16.5	-0.200211590149781
16.5	-0.200210605179993
17	-0.200006125962238
17	-0.200005016669535
17.5	-0.199984481487388
17.5	-0.199984604403205
18	-0.199999535681485
18	-0.199999609074346
18.5	-0.200000667256873
18.5	-0.200000659091336
19	-0.199999423253413
19	-0.199999417135534
19.5	-0.199999513025692
19.5	-0.199999477598085
20	-0.199999414582505
0	2.91965237779446e-05
0.5	2.91965237779446e-05
0.5	3.1023140245089e-05
1	3.1023140245089e-05
1	1.70561000003017e-05
1.5	1.70561000003017e-05
1.5	6.48087405192464e-06
2	6.48087405192464e-06
2	4.3504707138316e-06
2.5	4.3504707138316e-06
2.5	1.05456309700537e-05
3	1.05456309700537e-05
3	9.61164466722706e-06
3.5	9.61164466722706e-06
3.5	4.4776909057647e-06
4	4.4776909057647e-06
4	2.24207209342653e-05
4.5	2.24207209342653e-05
4.5	4.67534785582635e-05
5	4.67534785582635e-05
5	4.26499521813754e-05
5.5	4.26499521813754e-05
5.5	2.31192599675044e-05
6	2.31192599675044e-05
6	3.02243767220661e-05
6.5	3.02243767220661e-05
6.5	7.0964344029314e-05
7	7.0964344029314e-05
7	9.48012841153923e-05
7.5	9.48012841153923e-05
7.5	3.4967997609284e-05
8	3.4967997609284e-05
8	4.87118421492912e-05
8.5	4.87118421492912e-05
8.5	0.000121853368427338
9	0.000121853368427338
9	7.02548821428401e-05
9.5	7.02548821428401e-05
9.5	3.7326739758839e-05
10	3.7326739758839e-05
10	0.000109188600843915
10.5	0.000109188600843915
10.5	1.87458067047119e-05
11	1.87458067047119e-05
11	6.99376323901829e-05
11.5	6.99376323901829e-05
11.5	0.000104553343817305
12	0.000104553343817305
12	7.90036329629408e-05
12.5	7.90036329629408e-05
12.5	0.000130250688780189
13	0.000130250688780189
13	0.000102759488283826
13.5	0.000102759488283826
13.5	3.79094142941239e-05
14	3.79094142941239e-05
14	0.000143716598543525
14.5	0.000143716598543525
14.5	0.00021866150180535
15	0.00021866150180535
15	3.88365908473313e-05
15.5	3.88365908473313e-05
15.5	0.000152143778602852
16	0.000152143778602852
16	6.77736286189437e-05
16.5	6.77736286189437e-05
16.5	4.48927820119452e-07
17	4.48927820119452e-07
17	7.10765348299102e-06
17.5	7.10765348299102e-06
17.5	1.89740115383952e-07
18	1.89740115383952e-07
18	5.19323873864426e-07
18.5	5.19323873864426e-07
18.5	8.88054244623219e-09
19	8.88054244623219e-09
19	7.42761110166237e-08
19.5	7.42761110166237e-08
19.5	2.59951295566658e-07
20	2.59951295566658e-07
