3	1
200
0	9.99575211378848
10	9.99683241299025
10	9.9968325306734
20	9.99789854944017
20	9.99788679635505
30	9.99879546703945
30	9.99877158618051
40	9.99948980756134
40	9.99946185921476
50	9.99986414481087
50	9.99983324235349
60	10.0001211556918
60	10.0001030417931
70	10.0000317181381
70	10.0000123408107
80	10.0001844287382
80	10.0001913337766
90	9.99976735937552
90	9.99974923348657
100	10.0002578241531
100	10.0002892139134
110	9.9993389757729
110	9.99929483566912
120	10.0006351293406
120	10.0006964795037
130	9.99862841648644
130	9.99852548841019
140	10.0013502842851
140	10.0014518420421
150	9.99762671550308
150	9.9974363867289
160	10.0024216634707
160	10.0025586684203
170	9.99720331633141
170	9.99694955913898
180	10.003584795049
180	10.003712375426
190	9.99915601799456
190	9.99897342969915
200	10.0038322172271
200	10.0038426429547
210	10.0047243526495
210	10.004793044887
220	10.0028594920523
220	10.0026452200842
230	10.0114003989955
230	10.0116704129488
240	10.0043096998148
240	10.0040767330699
250	10.0119880225956
250	10.0120716596432
260	10.012802885445
260	10.0130025924429
270	10.0057624850153
270	10.0053968492133
280	10.0189291273338
280	10.0192617326875
290	10.0102089486416
290	10.0101892547512
300	10.0068507277391
300	10.0065282203724
310	10.0217829584891
310	10.0221700286212
320	10.0101769695646
320	10.0103412410561
330	9.9965683971657
330	9.99587894618439
340	10.0255016639815
340	10.0259327430931
350	10.017450753344
350	10.018222026755
360	9.94430399116959
360	9.94491900006254
370	9.82142689523084
370	9.82135586557209
380	9.69851442499507
380	9.69830808354938
390	9.58556088884107
390	9.58548369097991
400	9.47964880826947
400	9.47919710433887
410	9.39673010231322
410	9.3967731343244
420	9.3151222708866
420	9.31468905786878
430	9.2583468054478
430	9.2581626997045
440	9.21316764590686
440	9.21320761061596
450	9.1736562187416
450	9.17297884659876
460	9.16571953030701
460	9.1659689926536
470	9.14943592799169
470	9.1489983937377
480	9.15856744456786
480	9.15804823672556
490	9.19128403174082
490	9.19169190437288
500	9.21291569907641
500	9.2117614956403
510	9.29469983351478
510	9.29440212060915
520	9.39410802122684
520	9.39435482358648
530	9.49753375697648
530	9.49583640598403
540	9.70228051207311
540	9.7020560888717
550	9.91073276693628
550	9.9122931311335
560	9.99734110372452
560	9.99826968606091
570	10.0048502089967
570	10.0049299904048
580	10.0002828154665
580	10.0002131101818
590	9.99968295604991
590	9.99967441777323
600	10.0000053680139
600	10.000010660008
610	10.0000223123489
610	10.0000220967706
620	10.0000117735221
620	10.0000111589899
630	10.000033500156
630	10.0000334134638
640	10.0000582515678
640	10.0000581662551
650	10.0000818968912
650	10.0000818504019
660	10.0000995408239
660	10.0000995046315
670	10.0001071772866
670	10.0001070727526
680	10.0001061012557
680	10.0001059153078
690	10.0001004884665
690	10.0001002863928
700	10.0000938407868
700	10.0000936914551
710	10.0000874147427
710	10.0000872779237
720	10.0000803803997
720	10.0000800729783
730	10.0000703275702
730	10.0000696686392
740	10.0000543767753
740	10.0000534778655
750	10.0000324426674
750	10.000031932158
760	10.0000115300521
760	10.0000123451079
770	10.0000069254273
770	10.0000096453867
780	10.0000355240668
780	10.0000395123368
790	10.0001008156694
790	10.0001035685315
800	10.0001752983365
800	10.0001726153665
810	10.0001917818352
810	10.0001792587447
820	10.000054536431
820	10.00003063114
830	9.99967105251724
830	9.99963863300365
840	9.9989906829013
840	9.998956765359
850	9.99803405573225
850	9.99800730650933
860	9.99689329043052
860	9.99688042638457
870	9.99570187788383
870	9.995704656611
880	9.99459278850478
880	9.99460746778627
890	9.99366460793847
890	9.99368582062744
900	9.9929648016555
900	9.99298741687025
910	9.99249121613297
910	9.99251205550425
920	9.99221480728851
920	9.99223293159915
930	9.99210332410766
930	9.99211932368719
940	9.99213784603201
940	9.99215305616423
950	9.99231785804013
950	9.99233373771756
960	9.9926550775342
960	9.99267275868075
970	9.9931628406049
970	9.99318236331565
980	9.99385269686317
980	9.99387264974245
990	9.99472120312879
990	9.99473837911179
1000	9.99574138556675
0	10.0463512546087
10	10.0349369471015
10	10.0349267835436
20	10.0238201914933
20	10.0239570046124
30	10.0142976548457
30	10.0145667718163
40	10.0071929584527
40	10.0075266972833
50	10.0027991089053
50	10.003135917379
60	10.0007739769351
60	10.0010186237939
70	10.0004177832679
70	10.0005853111933
80	10.0008121112415
80	10.0008333328586
90	10.0013954407876
90	10.0014481862634
100	10.0015494671762
100	10.0014781107309
110	10.0015165352525
110	10.001629157927
120	10.0007095098188
120	10.0005871674724
130	10.0001687484921
130	10.0002778492872
140	9.99880330537964
140	9.99842694135247
150	9.99903379157794
150	9.99884130406933
160	9.9990369097686
160	9.99831554786493
170	10.0032249654446
170	10.0025501271428
180	10.0082582609682
180	10.0076523565265
190	10.0197061046745
190	10.0187031697241
200	10.0320927323054
200	10.0322912514334
210	10.0500334289937
210	10.0490700457183
220	10.0679501548126
220	10.0687433386433
230	10.0867758570508
230	10.0867679748555
240	10.1053198975015
240	10.1055845351804
250	10.1192701179531
250	10.1209204170071
260	10.1336520721768
260	10.1328741520611
270	10.141776594288
270	10.1432212664589
280	10.1481624665377
280	10.1490555940059
290	10.1529919199346
290	10.1520604732192
300	10.1507156211246
300	10.1529381700941
310	10.1504230791683
310	10.1514140601595
320	10.1441062253688
320	10.1426670962761
330	10.130109105659
330	10.1328437365188
340	10.1177892855165
340	10.1203381770436
350	10.1005737206725
350	10.0989304040809
360	10.0600163368063
360	10.0575853873994
370	10.0074587662018
370	10.0056585808937
380	9.95354635599376
380	9.95317573591361
390	9.90832236096068
390	9.9067696752419
400	9.87088693038341
400	9.87067674283807
410	9.84162222956835
410	9.84120338036983
420	9.82146335241109
420	9.82120404143071
430	9.80434471627789
430	9.80590253507264
440	9.79493606756752
440	9.79405492298468
450	9.78623953196039
450	9.78767660215172
460	9.78077224971881
460	9.78127983626399
470	9.78075650312092
470	9.77964145216547
480	9.77949980158207
480	9.78215140956251
490	9.78841496120815
490	9.78660738378166
500	9.79934669402875
500	9.79965037193854
510	9.81521774159794
510	9.81902423847562
520	9.84696110048841
520	9.84370284904199
530	9.87780460455692
530	9.88003690143646
540	9.92210937131063
540	9.92847202401308
550	9.97785163794388
550	9.97527552868359
560	10.0021089873021
560	9.99745355528972
570	10.0016020559726
570	10.0004373779679
580	9.99898837268565
580	9.99926571785439
590	9.99881316253454
590	9.99892970806212
600	9.99898709282104
600	9.99896218876996
610	9.99893892973927
610	9.99893347113238
620	9.998888016655
620	9.99889250965782
630	9.99886905583168
630	9.99887015802495
640	9.99885666236139
640	9.99885761516061
650	9.99885185834789
650	9.99885314159421
660	9.99885650098977
660	9.99885796816598
670	9.99887310512219
670	9.99887500661641
680	9.99890574870101
680	9.9989078261654
690	9.99895593453232
690	9.99895744302307
700	9.9990206068014
700	9.99902102459738
710	9.99909604218752
710	9.99909600096191
720	9.99918815786659
720	9.99918973764149
730	9.99932069588535
730	9.99932608213262
740	9.99952519376654
740	9.99953349456847
750	9.99980390308311
750	9.99980817087708
760	10.0000835164516
760	10.0000720107693
770	10.0002045463487
770	10.0001692653913
780	9.99998798491069
780	9.99993659387941
790	9.99939338336301
790	9.99935704719914
800	9.99870285049863
800	9.99873030808169
810	9.99861638025218
810	9.99875572873588
820	10.0001283092064
820	10.0003986323593
830	10.0042055999947
830	10.0045760956097
840	10.0113771974272
840	10.0117689068409
850	10.0214363409722
850	10.0217500759454
860	10.0334279080854
860	10.0335847142023
870	10.0459495554299
870	10.0459207855572
880	10.0576194788035
880	10.0574356423842
890	10.0674395986239
890	10.067167399559
900	10.074957366064
900	10.0746641956379
910	10.0801849780842
910	10.0799140606202
920	10.0833737257443
920	10.0831385174274
930	10.0847966594635
930	10.0845891799353
940	10.0846222775043
940	10.0844250911056
950	10.0828682463175
950	10.0826623823856
960	10.079414799903
960	10.0791865410356
970	10.0740707588381
970	10.0738186575532
980	10.0666942127294
980	10.0664357776989
990	10.0573577133188
990	10.0571325340889
1000	10.0464923359501
0	-0.00145090491953884
10	-0.00107071593881335
10	-0.00106957361889117
20	-0.000716521562836421
20	-0.000722113246427448
30	-0.000398832609850842
30	-0.000408796782493487
40	-0.000189875471923892
40	-0.000204565019393749
50	-9.49272957965682e-06
50	-2.10548491417444e-05
60	-1.40667294937508e-05
60	-2.80856060929901e-05
70	0.000115073670124925
70	0.000114388821347901
80	-8.95072315489683e-05
80	-0.000101313749388973
90	0.000247998386301008
90	0.000264610611026072
100	-0.000278129271707427
100	-0.00030083268391961
110	0.000590011353972463
110	0.000630338964289004
120	-0.00070365740772783
120	-0.000758756657093944
130	0.00119818884420609
130	0.00127674011746478
140	-0.00150908374956496
140	-0.00162072662589808
150	0.00208425968210126
150	0.0022149108044746
160	-0.0024607167569552
160	-0.0026378761883524
170	0.00291545885778419
170	0.00308546324956378
180	-0.00257623305715765
180	-0.00277019832226412
190	0.00268923008304372
190	0.00282278437204971
200	-0.000321249121359394
200	-0.0004035875520516
210	0.000397829332467803
210	0.000366155227389261
220	0.00426207646127293
220	0.00440447991367302
230	-0.002198359037753
230	-0.0024064932944163
240	0.00653116428680578
240	0.00675816326950745
250	0.000766211790762782
250	0.000667808360447342
260	0.00103114036280362
260	0.000966189479088172
270	0.00910375804253129
270	0.00936270569973199
280	-0.00318612310279982
280	-0.00345028998118083
290	0.00551679628582397
290	0.00563319690483449
300	0.00918921343259387
300	0.00935798349731671
310	-0.00597356444584819
310	-0.00620174678777922
320	0.00463874780174379
320	0.00463993857047587
330	0.0173174831108151
330	0.01773236324562
340	-0.0128856453224788
340	-0.0132136757800923
350	-0.00750993597782981
350	-0.00771849147243389
360	0.0628372096701881
360	0.0626094494793769
370	0.182520181411396
370	0.182616835438629
380	0.302620522717903
380	0.302634992242261
390	0.413004393732576
390	0.412945067617396
400	0.517098062657864
400	0.517302471279792
410	0.59908160430343
410	0.59890115721673
420	0.679907311094108
420	0.680168844642167
430	0.736766580257306
430	0.736751978435272
440	0.781670773670664
440	0.781606828652528
450	0.821157480938805
450	0.821542464537996
460	0.829310949759302
460	0.828973177814857
470	0.845083083734036
470	0.845391221643294
480	0.836422282462195
480	0.836575132907511
490	0.803683202766239
490	0.803299862105009
500	0.78203642972655
500	0.782738716864308
510	0.701431973122242
510	0.701297190514303
520	0.602049268682653
520	0.601837751047457
530	0.499499243546175
530	0.500424792937524
540	0.296654214396418
540	0.296480503209787
550	0.0885418298246454
550	0.0878568504818893
560	0.00215775791168568
560	0.00198061408053975
570	-0.00487392414572597
570	-0.00482671814821214
580	-0.000132642418963097
580	-0.000113617311614751
590	0.000454213718402786
590	0.000449167740585555
600	0.00012079697910112
600	0.000119474141929038
610	0.000111448932913287
610	0.000112048031336894
620	0.000127712632571224
620	0.00012768214110996
630	0.000108982960456191
630	0.000108914592527955
640	8.66881289884562e-05
640	8.66616664309758e-05
650	6.45677876306521e-05
650	6.44990846018299e-05
660	4.70243347429367e-05
660	4.69276919718848e-05
670	3.7563998015433e-05
670	3.74558894453627e-05
680	3.44225359297213e-05
680	3.43162445580455e-05
690	3.34871437312254e-05
690	3.33974300949269e-05
700	3.20593721175732e-05
700	3.19967687747031e-05
710	2.97796159972244e-05
710	2.97209919474313e-05
720	2.70289364619511e-05
720	2.68975025799392e-05
730	2.34050157064812e-05
730	2.31173142255555e-05
740	1.79401128192273e-05
740	1.75341860246405e-05
750	1.05032918965739e-05
750	1.02511565764008e-05
760	3.38479145266756e-06
760	3.73838859653586e-06
770	1.53641584557971e-06
770	2.84779307740797e-06
780	1.056528776968e-05
780	1.25913369580863e-05
790	3.17629990062145e-05
790	3.33050508738066e-05
800	5.62535766272251e-05
800	5.52783351865356e-05
810	6.20530504160099e-05
810	5.65813255981918e-05
820	1.76100468182436e-05
820	6.84099658810429e-06
830	-0.000107879647428021
830	-0.000122809945488289
840	-0.00033136859767527
840	-0.000347337182696563
850	-0.000647148609599446
850	-0.000660126120436455
860	-0.00102569534291049
860	-0.00103240267476728
870	-0.00142175224330136
870	-0.00142099835754968
880	-0.00179135570241927
880	-0.00178415767272355
890	-0.00210668594896329
890	-0.00209551218774182
900	-0.0023573324474314
900	-0.0023450577288244
910	-0.0025430096094572
910	-0.00253155718907224
920	-0.00266677335567417
920	-0.00265681701534461
930	-0.00273147283170578
930	-0.00272274880034165
940	-0.00273949512416322
940	-0.00273127278267675
950	-0.00269212544321796
950	-0.00268361833007325
960	-0.0025853606372945
960	-0.00257602101507595
970	-0.00240785402813143
970	-0.00239753640264725
980	-0.00215304022212993
980	-0.00214242148136987
990	-0.00182668435126742
990	-0.00181714505163791
1000	-0.00145702054533841
0	2.14846956790491e-07
10	2.14846956790491e-07
10	2.46069796265971e-09
20	2.46069796265971e-09
20	2.35196095578052e-07
30	2.35196095578052e-07
30	4.77925490270296e-07
40	4.77925490270296e-07
40	5.59364115712259e-07
50	5.59364115712259e-07
50	6.18377598715939e-07
60	6.18377598715939e-07
60	3.62449851901774e-07
70	3.62449851901774e-07
70	3.87530316831706e-07
80	3.87530316831706e-07
80	1.38239005861002e-07
90	1.38239005861002e-07
90	3.62348881894667e-07
100	3.62348881894667e-07
100	6.27973733844323e-07
110	6.27973733844323e-07
110	8.82648201720286e-07
120	8.82648201720286e-07
120	1.22723358743233e-06
130	1.22723358743233e-06
130	2.05836338648969e-06
140	2.05836338648969e-06
140	2.03141397624876e-06
150	2.03141397624876e-06
150	3.80658277828791e-06
160	3.80658277828791e-06
160	2.73991181320796e-06
170	2.73991181320796e-06
170	5.07540273313054e-06
180	5.07540273313054e-06
180	2.55072900420783e-06
190	2.55072900420783e-06
190	3.65167086404927e-06
200	3.65167086404927e-06
200	2.08170906521453e-07
210	2.08170906521453e-07
210	1.37331517462043e-06
220	1.37331517462043e-06
220	4.28226949017448e-06
230	4.28226949017448e-06
230	5.39630908765772e-06
240	5.39630908765772e-06
240	4.65529362138209e-06
250	4.65529362138209e-06
250	1.6709273631955e-06
260	1.6709273631955e-06
260	3.99054409805765e-06
270	3.99054409805765e-06
270	7.30393168185471e-06
280	7.30393168185471e-06
280	6.64217325621406e-06
290	6.64217325621406e-06
290	3.93771326734695e-07
300	3.93771326734695e-07
300	6.44124622901191e-06
310	6.44124622901191e-06
310	7.7290211986981e-06
320	7.7290211986981e-06
320	3.28466461089775e-06
330	3.28466461089775e-06
330	1.37737023760939e-05
340	1.37737023760939e-05
340	8.60387009742028e-06
350	8.60387009742028e-06
350	1.54550995519362e-05
360	1.54550995519362e-05
360	1.24454984625484e-05
370	1.24454984625484e-05
370	1.45632442382572e-06
380	1.45632442382572e-06
380	4.28125176280648e-06
390	4.28125176280648e-06
390	1.62076258869006e-06
400	1.62076258869006e-06
400	9.57259000767695e-06
410	9.57259000767695e-06
410	9.1998951522802e-07
420	9.1998951522802e-07
420	9.32946447763806e-06
430	9.32946447763806e-06
430	3.98621827818443e-06
440	3.98621827818443e-06
440	8.69940327987028e-07
450	8.69940327987028e-07
450	1.47745710721145e-05
460	1.47745710721145e-05
460	5.4481512397169e-06
470	5.4481512397169e-06
470	9.55981202896409e-06
480	9.55981202896409e-06
480	1.13184698559621e-05
490	1.13184698559621e-05
490	8.86459544630687e-06
500	8.86459544630687e-06
500	2.49471277073952e-05
510	2.49471277073952e-05
510	6.37205028591962e-06
520	6.37205028591962e-06
520	5.22568842353451e-06
530	5.22568842353451e-06
530	3.53650774487013e-05
540	3.53650774487013e-05
540	4.57708697746543e-06
550	4.57708697746543e-06
550	3.13489906412847e-05
560	3.13489906412847e-05
560	1.85687455983741e-05
570	1.85687455983741e-05
570	1.59519224105353e-06
580	1.59519224105353e-06
580	1.39411483046227e-06
590	1.39411483046227e-06
590	1.70765850116159e-07
600	1.70765850116159e-07
600	1.05837876236894e-07
610	1.05837876236894e-07
610	4.31198520195625e-09
620	4.31198520195625e-09
620	1.22907694130908e-08
630	1.22907694130908e-08
630	1.73456584987623e-09
640	1.73456584987623e-09
640	1.70493066457895e-09
650	1.70493066457895e-09
650	9.28139451547379e-10
660	9.28139451547379e-10
660	7.22994133442287e-10
670	7.22994133442287e-10
670	2.09118108017197e-09
680	2.09118108017197e-09
680	3.72173630016839e-09
690	3.72173630016839e-09
690	4.04442289450456e-09
700	4.04442289450456e-09
700	2.98454524307101e-09
710	2.98454524307101e-09
710	2.72628443126283e-09
720	2.72628443126283e-09
720	6.13682480201757e-09
730	6.13682480201757e-09
730	1.31819002685044e-08
740	1.31819002685044e-08
740	1.8011337437995e-08
750	1.8011337437995e-08
750	1.02656665990382e-08
760	1.02656665990382e-08
760	1.62621999426904e-08
770	1.62621999426904e-08
770	5.44244299559236e-08
780	5.44244299559236e-08
780	7.98946667648474e-08
790	7.98946667648474e-08
790	5.52894209600784e-08
800	5.52894209600784e-08
800	5.33738314604339e-08
810	5.33738314604339e-08
810	2.50351575077684e-07
820	2.50351575077684e-07
820	4.78250351622089e-07
830	4.78250351622089e-07
830	6.48813710061064e-07
840	6.48813710061064e-07
840	6.78939298777882e-07
850	6.78939298777882e-07
850	5.35509329324002e-07
860	5.35509329324002e-07
860	2.57441653167743e-07
870	2.57441653167743e-07
870	5.60210019556361e-08
880	5.60210019556361e-08
880	2.94097952801227e-07
890	2.94097952801227e-07
890	4.24831449624931e-07
900	4.24831449624931e-07
900	4.5281779836187e-07
910	4.5281779836187e-07
910	4.17161941348992e-07
920	4.17161941348992e-07
920	3.62738860924194e-07
930	3.62738860924194e-07
930	3.20166420463471e-07
940	3.20166420463471e-07
940	3.04358544279072e-07
950	3.04358544279072e-07
950	3.1776949761462e-07
960	3.1776949761462e-07
960	3.53861781583426e-07
970	3.53861781583426e-07
970	3.90775125836825e-07
980	3.90775125836825e-07
980	3.99444568449647e-07
990	3.99444568449647e-07
990	3.43905112633483e-07
1000	3.43905112633483e-07
