3	2
160
0	1.20009305541979
0.25	1.20005127786976
0.25	1.20002145797293
0.5	1.2003869480913
0.5	1.20041416921729
0.75	1.19982890941541
0.75	1.19977673609606
1	1.20086918389742
1	1.20094421105239
1.25	1.19908407233294
1.25	1.19892507064144
1.5	1.20228879765527
1.5	1.20251138264695
1.75	1.19691314823477
1.75	1.19645681019616
2	1.20606636774934
2	1.2066768692952
2.25	1.19115307050211
2.25	1.18993581405972
2.5	1.21542321242517
2.5	1.21695385792771
2.75	1.17742359256288
2.75	1.17441176146043
3	1.23643835258285
3	1.23987601344012
3.25	1.14847355409208
3.25	1.14155717998111
3.5	1.27823029841699
3.5	1.28496053081129
3.75	1.09598162850358
3.75	1.08117432720951
4	1.34916329868628
4	1.36030957380639
4.25	1.0182003450796
4.25	0.988698795199497
4.5	1.44451078813076
4.5	1.45981392193965
4.75	0.933893273439142
4.75	0.881899886689581
5	1.52666040548518
5	1.54442700533052
5.25	0.889126234836064
5.25	0.821658953016945
5.5	1.52467883137407
5.5	1.5426364397596
5.75	0.936491233528347
5.75	0.888543803724619
6	1.39951455122145
6	1.41289068688345
6.25	1.08482433226244
6.25	1.0700873571473
6.5	1.22951801991544
6.5	1.23323675410753
6.75	1.22061305808075
6.75	1.22089983971703
7	1.1685203082449
7	1.16752382523364
7.25	1.19383755850517
7.25	1.19120801733451
7.5	1.27517657896563
7.5	1.28176758498304
7.75	1.0601269311871
7.75	1.0406272382999
8	1.40284547740535
8	1.41589071438087
8.25	0.977449409778443
8.25	0.938531015277661
8.5	1.4760337449306
8.5	1.4926577648889
8.75	0.904228500055407
8.75	0.841431242520567
9	1.57118130542062
9	1.5896476292113
9.25	0.859842245046057
9.25	0.780045649857871
9.5	1.52930101058143
9.5	1.54804592263598
9.75	0.932160999207695
9.75	0.885385743918973
10	1.35245101477662
10	1.36479383773152
10.25	1.11279050760123
10.25	1.10431514355282
10.5	1.15597824055985
10.5	1.15480020933874
10.75	1.25550914752076
10.75	1.26048410040248
11	1.09556365989385
11	1.08683789387325
11.25	1.2303524034315
11.25	1.2342877172967
11.5	1.17310399311278
11.5	1.17202758412632
11.75	1.15459699709392
11.75	1.15290047722604
12	1.2088667006536
12	1.21049810073853
12.25	1.17839947330114
12.25	1.17766187751345
12.5	1.17765350549005
12.5	1.17723537462028
12.75	1.19908467089021
12.75	1.19944154574577
13	1.20088921568401
13	1.20091123808204
13.25	1.1992526275054
13.25	1.19921658296354
13.5	1.1995529042904
13.5	1.19955971379079
13.75	1.1996303441748
13.75	1.19963119915695
14	1.19962771976062
14	1.19962683057182
14.25	1.19967568469183
14.25	1.19967687176183
14.5	1.1996846391955
14.5	1.19968335891284
14.75	1.19973867192002
14.75	1.19974084629427
15	1.19971392977697
15	1.19971035545825
15.25	1.19981059520531
15.25	1.19981561045111
15.5	1.19971276251794
15.5	1.1997041842001
15.75	1.19990513462924
15.75	1.19991578484621
16	1.19966829792995
16	1.19965070164479
16.25	1.20003630726234
16.25	1.20005636203885
16.5	1.19957814058502
16.5	1.19954757240654
16.75	1.20019440668622
16.75	1.20022614462688
17	1.19947427080003
17	1.19943072122212
17.25	1.20031994048203
17.25	1.20036003397002
17.5	1.19944263119277
17.5	1.19939510490624
17.75	1.2003151239753
17.75	1.20035215370476
18	1.1995704679597
18	1.19953540363205
18.25	1.20014175626622
18.25	1.20016228552463
18.5	1.19981440513965
18.5	1.19980221369979
18.75	1.19993813912281
18.75	1.19994058965266
19	1.19997485794456
19	1.19997699763758
19.25	1.1998943322898
19.25	1.19989075562439
19.5	1.19996713962928
19.5	1.19996949882287
19.75	1.19994495768491
19.75	1.19994087593097
20	1.1999644251708
0	0.474921085677634
0.25	0.474698135088744
0.25	0.474792016575567
0.5	0.474742674527673
0.5	0.474689921640379
0.75	0.474642638548008
0.75	0.474700493430578
1	0.474571791611095
1	0.474451169095325
1.25	0.474446123868676
1.25	0.474614056086408
1.5	0.474393456774816
1.5	0.47405428258615
1.75	0.474161995585945
1.75	0.474623548575458
2	0.474225919865881
2	0.473336601476305
2.25	0.473704658376227
2.25	0.474868082015089
2.5	0.474166379772042
2.5	0.472017757065527
2.75	0.472875706572061
2.75	0.475535856237988
3	0.474425010577058
3	0.469677581022549
3.25	0.471272391382169
3.25	0.476687461304593
3.5	0.475282571443882
3.5	0.465763416886437
3.75	0.468244821809722
3.75	0.477755644826406
4	0.47692068241314
4	0.459790707579791
4.25	0.463251012827591
4.25	0.476752314431681
4.5	0.479425495654085
4.5	0.45266432281707
4.75	0.457036432282673
4.75	0.470505664477043
5	0.483151704268376
5	0.450596023529479
5.25	0.452398683878975
5.25	0.460646436188078
5.5	0.485839241388139
5.5	0.460911818534105
5.75	0.453200494439319
5.75	0.45771795195526
6	0.480681686953662
6	0.472638705277793
6.25	0.462523984139466
6.25	0.462720338028589
6.5	0.470284901277095
6.5	0.472166868032043
6.75	0.472577054038461
6.75	0.471371914951987
7	0.465140578276534
7	0.463406028271511
7.25	0.472718624467454
7.25	0.478001650794578
7.5	0.471108746320177
7.5	0.458775058461546
7.75	0.463179686245342
7.75	0.475310773457221
8	0.477049377083767
8	0.455416143327678
8.25	0.458278187650942
8.25	0.47245206318591
8.5	0.477730038573554
8.5	0.446448970437843
8.75	0.453879431997887
8.75	0.466937801779608
9	0.483270538429493
9	0.446233920870072
9.25	0.448652597514041
9.25	0.453756311552976
9.5	0.485578067183944
9.5	0.46086778210192
9.75	0.450620070496369
9.75	0.452976077455313
10	0.477178139309321
10	0.473433257516877
10.25	0.462643620769738
10.25	0.459600084031038
10.5	0.465075384663772
10.5	0.470555765507573
10.75	0.474255069926399
10.75	0.467984853285518
11	0.46134494764978
11	0.46417866671873
11.25	0.473334001276999
11.25	0.472988425494381
11.5	0.468414202504339
11.5	0.46704217680736
11.75	0.467406650217591
11.75	0.4688544762185
12	0.47304361211306
12	0.472397271910955
12.25	0.469952916618576
12.25	0.469759857687639
12.5	0.470458061343836
12.5	0.470819248462278
12.75	0.473074924516915
12.75	0.473005123728345
13	0.473276310170153
13	0.473259800040662
13.25	0.473282825675833
13.25	0.473306632315315
13.5	0.473506420613105
13.5	0.473506835853907
13.75	0.473666135973027
13.75	0.473666932760226
14	0.473806342007678
14	0.473809597171038
14.25	0.473939557555898
14.25	0.473940133803607
14.5	0.474058412133564
14.5	0.474061436949808
14.75	0.474168015113167
14.75	0.474166688857088
15	0.474266593081815
15	0.474271533744064
15.25	0.474359841423474
15.25	0.47435483685982
15.5	0.4744388982875
15.5	0.474447598559553
15.75	0.474520662915941
15.75	0.47450896121882
16	0.474580927014633
16	0.474596016425112
16.25	0.474660409229785
16.25	0.474640037202122
16.5	0.474699428429323
16.5	0.474722627270141
16.75	0.474782161505566
16.75	0.474753557390462
17	0.474794407683672
17	0.474822613462829
17.25	0.474883630670263
17.25	0.474853477993677
17.5	0.474874879309668
17.5	0.474900106748341
17.75	0.474964004383179
17.75	0.474943815518653
18	0.474952098768802
18	0.474965300740271
18.25	0.475019797463187
18.25	0.475015395127763
18.5	0.47502745060978
18.5	0.475028148835057
18.75	0.475060299433172
18.75	0.475064170614664
19	0.475089889932577
19	0.475086600512844
19.25	0.475103440535097
19.25	0.475105599126901
19.5	0.475130157841323
19.5	0.475131080395465
19.75	0.475145177813707
19.75	0.475127505839261
20	0.475183102670391
0	-0.199945679781765
0.25	-0.199813234746622
0.25	-0.199807473112201
0.5	-0.200160431040367
0.5	-0.200187816940569
0.75	-0.199552771826584
0.75	-0.199502239657209
1	-0.200576420352228
1	-0.200664955260709
1.25	-0.198714107730586
1.25	-0.198560330516819
1.5	-0.201927316353
1.5	-0.202187461339503
1.75	-0.196397370953684
1.75	-0.195961099311552
2	-0.205639146045569
2	-0.206344048018359
2.25	-0.19039127101303
2.25	-0.189239992084256
2.5	-0.214953191254774
2.5	-0.216698030874331
2.75	-0.176225988349941
2.75	-0.173406971952531
3	-0.235983529676384
3	-0.23985307891994
3.25	-0.146506554526435
3.25	-0.140093452436174
3.5	-0.277882611677518
3.5	-0.285376475285237
3.75	-0.0927191385978318
3.75	-0.0790932445565794
4	-0.349040515695524
4	-0.361365499898078
4.25	-0.0129649849411831
4.25	0.0140147587426257
4.5	-0.444824133649175
4.5	-0.461643216405658
4.75	0.0736617703334617
4.75	0.12087165007068
5	-0.527922764674448
5	-0.546710633453098
5.25	0.118915585093806
5.25	0.1794704693837
5.5	-0.527057971087991
5.5	-0.544255736977693
5.75	0.0677306684275987
5.75	0.109808170348312
6	-0.401148592217803
6	-0.413245629289475
6.25	-0.0845079995507485
6.25	-0.0721441840246926
6.5	-0.229733105724421
6.5	-0.233154281960268
6.75	-0.221106129215414
6.75	-0.221197236497368
7	-0.168598183758733
7	-0.168425292723714
7.25	-0.193116773518423
7.25	-0.189973862156131
7.5	-0.275663376187309
7.5	-0.283537256914417
7.75	-0.0567568691093198
7.75	-0.0387903274023131
8	-0.403500204609606
8	-0.417774234899512
8.25	0.0282941715253247
8.25	0.0637651897775638
8.5	-0.477219022550155
8.5	-0.495568047315424
8.75	0.103904437624432
8.75	0.161027655691287
9	-0.573509190171425
9	-0.593014621023964
9.25	0.148415819327582
9.25	0.219927665189688
9.5	-0.533281333493881
9.5	-0.550620953806961
9.75	0.0703489226165317
9.75	0.111054441342237
10	-0.35510661502154
10	-0.365941809682657
10.25	-0.114598636525189
10.25	-0.107922490160505
10.5	-0.157011554429977
10.5	-0.155756961723467
10.75	-0.257898311223936
10.75	-0.262752561662418
11	-0.0960567524437314
11	-0.0888654114829489
11.25	-0.231933378171124
11.25	-0.235315498105767
11.5	-0.174430117779448
11.5	-0.173804032524966
11.75	-0.15554849766163
11.75	-0.154119624884149
12	-0.210100463869545
12	-0.211494715836843
12.25	-0.179317207168037
12.25	-0.178831459415503
12.5	-0.17852141084987
12.5	-0.178181774523596
12.75	-0.199926451682209
12.75	-0.200204708733279
13	-0.20157570562022
13	-0.201606117036397
13.25	-0.199880432989838
13.25	-0.199854723979377
13.5	-0.200139028744118
13.5	-0.20014333298969
13.75	-0.200165704600189
13.75	-0.20016614688735
14	-0.200117925736284
14	-0.200116815612047
14.25	-0.200125675994305
14.25	-0.200126498057902
14.5	-0.200097250509541
14.5	-0.200095695561326
14.75	-0.200117997796483
14.75	-0.20012012968038
15	-0.200061488300758
15	-0.200057816977658
15.25	-0.200131000280661
15.25	-0.200136330795884
15.5	-0.200005586765233
15.5	-0.199997418899413
15.75	-0.200176851140816
15.75	-0.200188408539355
16	-0.199914589450902
16	-0.199898385500704
16.25	-0.20026677578026
16.25	-0.20028821089959
16.5	-0.199783750437338
16.5	-0.199756201753362
16.75	-0.200389882454054
16.75	-0.200423123037705
17	-0.199645932617847
17	-0.199607624807393
17.25	-0.200485961708188
17.25	-0.200526888993589
17.5	-0.199586885111646
17.5	-0.199546087118012
17.75	-0.200454903151465
17.75	-0.20049147863755
18	-0.199693255262589
18	-0.199664007349617
18.25	-0.200258438047643
18.25	-0.20027789481983
18.5	-0.199920228965071
18.5	-0.199910457469247
18.75	-0.200035636398262
18.75	-0.200037774730275
19	-0.20006514979656
19	-0.200067137225086
19.25	-0.199975998533064
19.25	-0.19997312374456
19.5	-0.200042386171333
19.5	-0.200044113100507
19.75	-0.200013737688996
19.75	-0.200014633914741
20	-0.200021280139562
0	-0.000483686725303967
0.25	-0.000621965852065198
0.25	0.00119274372061962
0.5	0.00185000488846865
0.5	-0.00213592160751652
0.75	-0.00334869288176898
0.75	0.00358844101585098
1	0.00571327750698403
1	-0.00657316814591513
1.25	-0.0102638191332856
1.25	0.0113867764785398
1.5	0.0176302528364816
1.5	-0.019670177130244
1.75	-0.0301406911549768
1.75	0.0330729532982714
2	0.0499905929588489
2	-0.0546008494441607
2.25	-0.0822315312234884
2.25	0.0888940376968904
2.5	0.130770173278639
2.5	-0.139335980290384
2.75	-0.206992346027315
2.75	0.219349747334531
3	0.312218904447417
3	-0.322081170637401
3.25	-0.47599555992691
3.25	0.491205556972239
3.5	0.671058254969937
3.5	-0.661622023456472
3.75	-0.988643341243789
3.75	0.981188925537355
4	1.27698853071587
4	-1.17776391846499
4.25	-1.82527743719833
4.25	1.70080250853797
4.5	2.10446051256253
4.5	-1.76354081028996
4.75	-2.89657725771764
4.75	2.44487428032847
5	2.89578318122354
5	-2.17806578862689
5.25	-3.63138235947863
5.25	2.68853138096758
5.5	3.10127780357747
5.5	-2.11132557296629
5.75	-3.12118554518765
5.75	1.9470507736075
6	2.23737967817657
6	-1.21604006474434
6.25	-1.51277166832664
6.25	0.602986343319026
6.5	0.685094577595283
6.5	-0.0489214830353433
6.75	-0.046734889970506
6.75	-0.209013152474217
7	-0.213162578663388
7	0.123909367194349
7.25	0.0484795582686387
7.25	0.279766767648082
7.5	0.468739879312607
7.5	-0.763389014292041
7.75	-1.19458580592828
7.75	1.34464693111857
8	1.68722366122252
8	-1.50050531535757
8.25	-2.35180930397877
8.25	2.01714420895476
8.5	2.45752084091254
8.5	-1.94090416500153
8.75	-3.31186050923011
8.75	2.78210347055617
9	3.25023388506522
9	-2.39362703854049
9.25	-4.10991061562969
9.25	2.87411882408886
9.5	3.29026976019251
9.5	-2.15823535411264
9.75	-3.13516783508509
9.75	1.7779627728264
10	2.03800746709965
10	-0.951963662146091
10.25	-1.11219122041219
10.25	0.206393121315941
10.5	0.176282933146166
10.5	0.369731313548447
10.75	0.486233329735251
10.75	-0.609252502604274
11	-0.781844692361366
11	0.545214952156622
11.25	0.626385840460997
11.25	-0.238532893891765
11.5	-0.253558948257115
11.5	-0.0615911293437315
11.75	-0.0958840724241696
11.75	0.212769345054982
12	0.246231394830418
12	-0.124824071278656
12.25	-0.136482020313349
12.25	0.00147690619402685
12.5	-0.00667436486622919
12.5	0.0847526549592518
12.75	0.0914308246811552
12.75	0.00524069272869621
13	0.00597056642700633
13	-0.00669706387951174
13.25	-0.00731408010981427
13.25	0.00110278540750786
13.5	0.00120608735818095
13.5	8.59480645802879e-05
13.75	9.65629372904342e-05
13.75	-0.000184003572722968
14	-0.000210646570860673
14	2.88650276624169e-05
14.25	4.85945442106894e-05
14.25	-0.000104550545594218
14.5	-0.000141869263021843
14.5	7.21538360904939e-05
14.75	0.00012331903693219
14.75	-0.000205194838844514
15	-0.000293306574038144
15	0.000250088985041752
15.25	0.000378021283027663
15.25	-0.000457633003641655
15.5	-0.000653661710325659
15.5	0.000625269571694842
15.75	0.000902647081391539
15.75	-0.000965644447690761
16	-0.00135453913302774
16	0.00130207979655794
16.25	0.00181652252804709
16.25	-0.00179745195593517
16.5	-0.00245862026721055
16.5	0.00226879768760513
16.75	0.0030665715634578
16.75	-0.0028022987222116
17	-0.00372168603731771
17	0.00318592892533964
17.25	0.0041681836921218
17.25	-0.00343363126380314
17.5	-0.00441278305246773
17.5	0.00334266006299633
17.75	0.00422047169858508
17.75	-0.00295891014333105
18	-0.00366086006187472
18	0.00222206867775498
18.25	0.00268903123471831
18.25	-0.00135249155607053
18.5	-0.00158700747967577
18.5	0.000483609167678867
18.75	0.000534929154711761
18.75	9.36007846139564e-05
19	0.000141299060578026
19	-0.000341556446588731
19.25	-0.000410551367198364
19.25	0.000263234285973191
19.5	0.000304680589947814
19.5	-0.000128671450151163
19.75	-0.000107162052803922
19.75	0.000196825931020994
20	-0.000313897179466727
0	0.000620331742729749
0.25	0.000620331742729749
0.25	0.000198765354899316
0.5	0.000198765354899316
0.5	0.000181455672753524
0.75	0.000181455672753524
0.75	0.000347728314141361
1	0.000347728314141361
1	0.000500174828287981
1.25	0.000500174828287981
1.25	0.00105947479239768
1.5	0.00105947479239768
1.5	0.0014842550153434
1.75	0.0014842550153434
1.75	0.00303905698232687
2	0.00303905698232687
2	0.00407369181330338
2.25	0.00407369181330338
2.25	0.00809695931755942
2.5	0.00809695931755942
2.5	0.0102282615274332
2.75	0.0102282615274332
2.75	0.0199885002247217
3	0.0199885002247217
3	0.0230295259633568
3.25	0.0230295259633568
3.25	0.0457320919398087
3.5	0.0457320919398087
3.5	0.0452273482193577
3.75	0.0452273482193577
3.75	0.0974830506030173
4	0.0974830506030173
4	0.0749798816279885
4.25	0.0749798816279885
4.25	0.193992567554741
4.5	0.193992567554741
4.5	0.102289098910926
4.75	0.102289098910926
4.75	0.345390452707451
5	0.345390452707451
5	0.116810928135954
5.25	0.116810928135954
5.25	0.460068476778525
5.5	0.460068476778525
5.5	0.115896302469157
5.75	0.115896302469157
5.75	0.335288136964384
6	0.335288136964384
6	0.0856855864680388
6.25	0.0856855864680388
6.25	0.102535691663386
6.5	0.102535691663386
6.5	0.0242475115730411
6.75	0.0242475115730411
6.75	0.00192034694071873
7	0.00192034694071873
7	0.00675193434299193
7.25	0.00675193434299193
7.25	0.0170584160451832
7.5	0.0170584160451832
7.5	0.0450302432541904
7.75	0.0450302432541904
7.75	0.127685053462562
8	0.127685053462562
8	0.087210251517819
8.25	0.087210251517819
8.25	0.257890788087211
8.5	0.257890788087211
8.5	0.110970781744313
8.75	0.110970781744313
8.75	0.416459538642431
9	0.416459538642431
9	0.120621523448358
9.25	0.120621523448358
9.25	0.552859833957845
9.5	0.552859833957845
9.5	0.120924824111445
9.75	0.120924824111445
9.75	0.334431947564402
10	0.334431947564402
10	0.0797087614250163
10.25	0.0797087614250163
10.25	0.0599948061086966
10.5	0.0599948061086966
10.5	0.00781993884760644
10.75	0.00781993884760644
10.75	0.0337850741483546
11	0.0337850741483546
11	0.0602506677088098
11.25	0.0602506677088098
11.25	0.0261548748512055
11.5	0.0261548748512055
11.5	0.00740237613725907
11.75	0.00740237613725907
11.75	0.0114932224382253
12	0.0114932224382253
12	0.0109265477025432
12.25	0.0109265477025432
12.25	0.00501059659617879
12.5	0.00501059659617879
12.5	0.0028153166025726
12.75	0.0028153166025726
12.75	0.00237883804780905
13	0.00237883804780905
13	0.000146805853962227
13.25	0.000146805853962227
13.25	0.000240420216860663
13.5	0.000240420216860663
13.5	4.54119895891913e-05
13.75	4.54119895891913e-05
13.75	5.70163844593993e-06
14	5.70163844593993e-06
14	5.9296343655409e-06
14.25	5.9296343655409e-06
14.25	7.91590492160986e-06
14.5	7.91590492160986e-06
14.5	8.53727952314183e-06
14.75	8.53727952314183e-06
14.75	1.44991091312868e-05
15	1.44991091312868e-05
15	2.38335323674773e-05
15.25	2.38335323674773e-05
15.25	3.34415413786367e-05
15.5	3.34415413786367e-05
15.5	5.71980778407399e-05
15.75	5.71980778407399e-05
15.75	7.1013717538055e-05
16	7.1013717538055e-05
16	0.00011732384559227
16.25	0.00011732384559227
16.25	0.000133718848295608
16.5	0.000133718848295608
16.5	0.000203809714678543
16.75	0.000203809714678543
16.75	0.000211612653248924
17	0.000211612653248924
17	0.000290360654095099
17.25	0.000290360654095099
17.25	0.000267311866203172
17.5	0.000267311866203172
17.5	0.000316880147658542
17.75	0.000316880147658542
17.75	0.000246872817289452
18	0.000246872817289452
18	0.000233793633391953
18.25	0.000233793633391953
18.25	0.000136863057617296
18.5	0.000136863057617296
18.5	8.12850699631775e-05
18.75	8.12850699631775e-05
18.75	1.63374471579224e-05
19	1.63374471579224e-05
19	1.42653829074778e-05
19.25	1.42653829074778e-05
19.25	2.38458489563367e-05
19.5	2.38458489563367e-05
19.5	1.5728516057783e-05
19.75	1.5728516057783e-05
19.75	2.7212754179992e-05
20	2.7212754179992e-05
