3	1
320
0	2.00000000001264
0.00625	1.99999999997327
0.00625	1.99999999995996
0.0125	1.99999999996861
0.0125	2.00000000001142
0.01875	2.00000000024243
0.01875	2.00000000022911
0.025	1.99999999967957
0.025	1.99999999944861
0.03125	1.99999999914806
0.03125	1.99999999968639
0.0375	2.00000000354005
0.0375	2.00000000387357
0.04375	1.99999999883578
0.04375	1.99999999521561
0.05	1.99999998141864
0.05	1.99999998537555
0.05625	2.00000003405594
0.05625	2.00000004771299
0.0625	2.00000005688806
0.0625	2.00000001806811
0.06875	1.99999974908082
0.06875	1.99999972555408
0.075	1.99999996378197
0.075	2.00000018008261
0.08125	2.00000131128936
0.08125	2.00000123162545
0.0875	1.99999921805085
0.0875	1.99999827302053
0.09375	1.99999414104123
0.09375	1.99999504746952
0.1	2.0000060246008
0.1	2.00000972881783
0.10625	2.00002499848861
0.10625	2.00002027187174
0.1125	1.99997225237589
0.1125	1.99995791471994
0.11875	1.9998918781824
0.11875	1.99990879781602
0.125	2.00007915571705
0.125	2.00013536799917
0.13125	2.00045651870615
0.13125	2.0004223872909
0.1375	2.00002498372592
0.1375	1.99982367209514
0.14375	1.99842996109226
0.14375	1.99837683617467
0.15	1.99823609324373
0.15	1.9987547163503
0.15625	2.00264156642744
0.15625	2.00333329770056
0.1625	2.00914570625604
0.1625	2.00893616958628
0.16875	2.01013480216907
0.16875	2.00887277353603
0.175	2.00144290893992
0.175	1.99999774429231
0.18125	1.98490827668055
0.18125	1.98390764831727
0.1875	1.96407344303455
0.1875	1.9635604642806
0.19375	1.9413219099296
0.19375	1.94111759988347
0.2	1.9177780652288
0.2	1.91772936743304
0.20625	1.89390666360808
0.20625	1.89393004064757
0.2125	1.86990583238742
0.2125	1.86996321576481
0.21875	1.84587282655116
0.21875	1.84594778942848
0.225	1.82186410455979
0.225	1.82194936187524
0.23125	1.79791683005575
0.23125	1.79800881935147
0.2375	1.77405767582322
0.2375	1.77415448529174
0.24375	1.7503071073992
0.24375	1.7504076022616
0.25	1.72668181825911
0.25	1.72678531474448
0.25625	1.70319638051125
0.25625	1.70330247038311
0.2625	1.67986444742813
0.2625	1.67997293785131
0.26875	1.65669989439629
0.26875	1.65681078293608
0.275	1.63371802484093
0.275	1.63383152364484
0.28125	1.61093721135619
0.28125	1.61105382544443
0.2875	1.58838139390496
0.2875	1.58850209488656
0.29375	1.56608448676752
0.29375	1.56621110965279
0.3	1.5440992485138
0.3	1.54423549261946
0.30625	1.52251881941905
0.30625	1.52267335813485
0.3125	1.50154070250291
0.3125	1.50173813656764
0.31875	1.4816705404035
0.31875	1.48198580045011
0.325	1.46424838022927
0.325	1.46486627513436
0.33125	1.45205920341684
0.33125	1.45318999890987
0.3375	1.44801620733641
0.3375	1.44936592860586
0.34375	1.45070155712394
0.34375	1.45138403637234
0.35	1.45416966193776
0.35	1.45402152760161
0.35625	1.45512566996131
0.35625	1.45483102908798
0.3625	1.45471900179123
0.3625	1.45462982939722
0.36875	1.45438110100025
0.36875	1.45440004690723
0.375	1.45428975567164
0.375	1.45430569785488
0.38125	1.4542434395977
0.38125	1.45424474328348
0.3875	1.45418017183319
0.3875	1.45417968017315
0.39375	1.4541160685309
0.39375	1.45411694445482
0.4	1.45406026423601
0.4	1.45406155649723
0.40625	1.45401265550494
0.40625	1.45401392795016
0.4125	1.45397250749848
0.4125	1.45397372535697
0.41875	1.45393939240664
0.41875	1.45394053532497
0.425	1.4539127562664
0.425	1.4539137967517
0.43125	1.45389190269575
0.43125	1.45389282024121
0.4375	1.45387601786767
0.4375	1.45387679734267
0.44375	1.45386424166906
0.44375	1.4538648820877
0.45	1.45385579455818
0.45	1.45385631420045
0.45625	1.45385002990136
0.45625	1.4538504484384
0.4625	1.45384637723691
0.4625	1.45384670013828
0.46875	1.45384428225842
0.46875	1.45384451279068
0.475	1.45384323275442
0.475	1.45384338582083
0.48125	1.45384284566389
0.48125	1.45384294761315
0.4875	1.45384291929342
0.4875	1.45384299284068
0.49375	1.45384330720473
0.49375	1.45384334651508
0.5	1.45384374954845
0.5	1.45384374313117
0.50625	1.45384401823384
0.50625	1.45384399166065
0.5125	1.45384413019866
0.5125	1.45384411717926
0.51875	1.45384420277345
0.51875	1.45384419858335
0.525	1.4538442022352
0.525	1.45384417935841
0.53125	1.45384397767283
0.53125	1.45384393824586
0.5375	1.45384351971592
0.5375	1.45384349600338
0.54375	1.45384298825671
0.54375	1.45384298598725
0.55	1.45384246601981
0.55	1.45384246512422
0.55625	1.4538418982098
0.55625	1.45384188725813
0.5625	1.45384122883792
0.5625	1.45384121947152
0.56875	1.45384055716101
0.56875	1.45384057390377
0.575	1.45384002624157
0.575	1.45384004645308
0.58125	1.45383951945364
0.58125	1.45383951259841
0.5875	1.45383891182816
0.5875	1.4538389092277
0.59375	1.45383834489628
0.59375	1.4538383681579
0.6	1.45383795392424
0.6	1.45383798675542
0.60625	1.45383768896466
0.60625	1.45383769983448
0.6125	1.45383734679209
0.6125	1.45383733257338
0.61875	1.45383691527098
0.61875	1.45383692818669
0.625	1.45383661038191
0.625	1.45383663859504
0.63125	1.4538363987862
0.63125	1.45383640809901
0.6375	1.45383614821008
0.6375	1.45383615266294
0.64375	1.4538358157561
0.64375	1.45383580255963
0.65	1.4538354364206
0.65	1.45383547385051
0.65625	1.45383524459984
0.65625	1.45383525848508
0.6625	1.45383495473561
0.6625	1.45383493569226
0.66875	1.45383431559231
0.66875	1.4538343094487
0.675	1.45383389541869
0.675	1.45383391265772
0.68125	1.45383324712722
0.68125	1.45383334198762
0.6875	1.4538330653888
0.6875	1.45383287613853
0.69375	1.45383191853908
0.69375	1.453832312246
0.7	1.45383143477652
0.7	1.45383071205784
0.70625	1.45383040449738
0.70625	1.45383161314829
0.7125	1.4538287879323
0.7125	1.45382731565746
0.71875	1.45383052230038
0.71875	1.45383175860547
0.725	1.4538217853278
0.725	1.45382234641377
0.73125	1.453835405965
0.73125	1.45383009247402
0.7375	1.45380749445708
0.7375	1.45382321260643
0.74375	1.45384511674477
0.74375	1.45381090440287
0.75	1.45379530073839
0.75	1.45385882131151
0.75625	1.45382530219618
0.75625	1.45372269879397
0.7625	1.45385731679489
0.7625	1.45398719116736
0.76875	1.45367439909643
0.76875	1.45363262900596
0.775	1.45417000336411
0.775	1.45410817264672
0.78125	1.45199207287206
0.78125	1.44964208785873
0.7875	1.45900377921039
0.7875	1.4663950678275
0.79375	1.47658047773461
0.79375	1.55493434200867
0.8	1.26359843675857
0.8	1.11289099977358
0.80625	0.91178886155948
0.80625	0.949436556906401
0.8125	1.02547529981826
0.8125	1.01919643732134
0.81875	0.994849995157566
0.81875	0.994365993562661
0.825	1.00062934787912
0.825	1.00132252667874
0.83125	1.00012370605599
0.83125	0.999787027296276
0.8375	0.999882015736841
0.8375	0.999998950365113
0.84375	1.00005153845581
0.84375	1.00001880341671
0.85	0.999982984940037
0.85	0.999990194680965
0.85625	1.00000453824017
0.85625	1.00000354875247
0.8625	0.999999070353398
0.8625	0.999998973424399
0.86875	1.00000010024516
0.86875	1.00000023583467
0.875	1.00000002679084
0.875	0.999999963853882
0.88125	0.999999977399447
0.88125	0.999999998872613
0.8875	1.00000000957085
0.8875	1.00000000366163
0.89375	0.999999996900651
0.89375	0.99999999817534
0.9	1.00000000081408
0.9	1.00000000064752
0.90625	0.999999999835611
0.90625	0.999999999814396
0.9125	1.00000000001705
0.9125	1.00000000004257
0.91875	1.00000000000514
0.91875	0.99999999999344
0.925	0.999999999995764
0.925	0.999999999999761
0.93125	1.00000000000179
0.93125	1.00000000000069
0.9375	0.999999999999402
0.9375	0.999999999999639
0.94375	1.00000000000015
0.94375	1.00000000000012
0.95	0.999999999999964
0.95	0.999999999999958
0.95625	0.999999999999999
0.95625	1
0.9625	0.999999999999998
0.9625	0.999999999999996
0.96875	0.999999999999997
0.96875	0.999999999999998
0.975	1
0.975	1
0.98125	1
0.98125	1
0.9875	1
0.9875	1
0.99375	1
0.99375	1
1	1
0	-5.59879357882743e-11
0.00625	1.18397192209879e-10
0.00625	1.77364140694402e-10
0.0125	1.39024856683018e-10
0.0125	-5.0579693376829e-11
0.01875	-1.07382742950681e-09
0.01875	-1.01485366115666e-09
0.025	1.41928623138115e-09
0.025	2.4423093094481e-09
0.03125	3.7735902940367e-09
0.03125	1.38908460700504e-09
0.0375	-1.56804807345999e-08
0.0375	-1.71577851413122e-08
0.04375	5.15684028310121e-09
0.04375	2.1192148874535e-08
0.05	8.23051046259395e-08
0.05	6.47781672660964e-08
0.05625	-1.50849043702658e-07
0.05625	-2.11342211794356e-07
0.0625	-2.51982673637492e-07
0.0625	-8.00317271305663e-08
0.06875	1.1114330271109e-06
0.06875	1.21564355637092e-06
0.075	1.60425688167394e-07
0.075	-7.97665687160413e-07
0.08125	-5.8082895696906e-06
0.08125	-5.45542001209685e-06
0.0875	3.46360116372548e-06
0.0875	7.64956744622033e-06
0.09375	2.59518890088974e-05
0.09375	2.19370301825824e-05
0.1	-2.66857577963943e-05
0.1	-4.30933178196958e-05
0.10625	-0.000110730513191125
0.10625	-8.97926081274682e-05
0.1125	0.000122905334008563
0.1125	0.000186413778644049
0.11875	0.000478900038792301
0.11875	0.000403985189553782
0.125	-0.000350637311000587
0.125	-0.000599579911363014
0.13125	-0.00202247160207108
0.13125	-0.00187115502859207
0.1375	-0.000110669429880693
0.1375	0.000781998919214909
0.14375	0.00695030425664723
0.14375	0.00718569570542099
0.15	0.00780729764596477
0.15	0.00552328528807094
0.15625	-0.0117142766040021
0.15625	-0.0147653534812028
0.1625	-0.0406494236695797
0.1625	-0.0397144630594188
0.16875	-0.0450630348019187
0.16875	-0.0394047825918887
0.175	-0.00639532027832706
0.175	0.000131932612780369
0.18125	0.0664656835762874
0.18125	0.0710639233719337
0.1875	0.156979860261103
0.1875	0.159467439963026
0.19375	0.254158680636463
0.19375	0.255331352575852
0.2	0.352884844952829
0.2	0.353410050472691
0.20625	0.451064258637999
0.20625	0.451299586031978
0.2125	0.547814966717848
0.2125	0.547920599021835
0.21875	0.642712161233935
0.21875	0.642755829459225
0.225	0.735519232785019
0.225	0.735530650522693
0.23125	0.82609011597619
0.23125	0.826083425720467
0.2375	0.914329431907568
0.2375	0.91431222846454
0.24375	1.00017293167783
0.24375	1.00014954501694
0.25	1.08357624979634
0.25	1.08354930394729
0.25625	1.16450797374244
0.25625	1.16447895374762
0.2625	1.24294452613579
0.2625	1.24291412221518
0.26875	1.31886630998945
0.26875	1.31883449349449
0.275	1.39225383055911
0.275	1.3922198083975
0.28125	1.46308337926877
0.28125	1.4630453622092
0.2875	1.53132076883494
0.2875	1.53127541642834
0.29375	1.59691088730534
0.29375	1.59685209440306
0.3	1.65975675578379
0.3	1.65967253953889
0.30625	1.71966820012059
0.30625	1.71953120562664
0.3125	1.77620790684425
0.3125	1.77594313806083
0.31875	1.82820560574435
0.31875	1.82759693636007
0.325	1.87254327295203
0.325	1.87110001640941
0.33125	1.90286177479624
0.33125	1.900095492273
0.3375	1.91278892307515
0.3375	1.90948542355379
0.34375	1.90620231475582
0.34375	1.90452899620062
0.35	1.89765279631921
0.35	1.89801971170735
0.35625	1.89528762590542
0.35625	1.8960168375797
0.3625	1.89629378200432
0.3625	1.89651441584145
0.36875	1.89712927783082
0.36875	1.89708243173442
0.375	1.89735491920801
0.375	1.89731551940648
0.38125	1.89746918154792
0.38125	1.89746595945246
0.3875	1.89762528106698
0.3875	1.89762649239655
0.39375	1.8977834684678
0.39375	1.89778131642952
0.4	1.89792112715103
0.4	1.89791793821025
0.40625	1.89803845705284
0.40625	1.89803530670178
0.4125	1.8981373550165
0.4125	1.89813435354061
0.41875	1.89821888103941
0.41875	1.89821606420435
0.425	1.89828433733902
0.425	1.89828176154787
0.43125	1.89833549354132
0.43125	1.8983332306188
0.4375	1.89837438914346
0.4375	1.89837247212224
0.44375	1.89840308679083
0.44375	1.89840150219932
0.45	1.89842353061039
0.45	1.89842224837974
0.45625	1.89843736080409
0.45625	1.89843633614337
0.4625	1.89844593883381
0.4625	1.89844514196906
0.46875	1.8984506269547
0.46875	1.89845005780706
0.475	1.89845273621496
0.475	1.89845236714667
0.48125	1.89845318424509
0.48125	1.89845293649391
0.4875	1.89845244449209
0.4875	1.89845226324143
0.49375	1.89845091835303
0.49375	1.89845082962212
0.5	1.89844923810088
0.5	1.89844926097375
0.50625	1.89844793308512
0.50625	1.89844800039796
0.5125	1.89844698922332
0.5125	1.89844702912825
0.51875	1.89844612256896
0.51875	1.89844614240699
0.525	1.89844538037079
0.525	1.89844544075355
0.53125	1.89844514866464
0.53125	1.89844525365726
0.5375	1.89844546698534
0.5375	1.89844553719121
0.54375	1.89844590814093
0.54375	1.89844592065137
0.55	1.89844626632011
0.55	1.89844627681659
0.55625	1.89844669779541
0.55625	1.89844673851626
0.5625	1.89844731627641
0.5625	1.89844735011135
0.56875	1.89844786243593
0.56875	1.89844783124818
0.575	1.89844800248818
0.575	1.89844796856229
0.58125	1.89844800875181
0.58125	1.89844804096216
0.5875	1.89844816622827
0.5875	1.89844818624986
0.59375	1.89844813881142
0.59375	1.89844810053912
0.6	1.89844758440478
0.6	1.89844752417302
0.60625	1.89844659619475
0.60625	1.89844658831305
0.6125	1.89844567984353
0.6125	1.89844573896839
0.61875	1.89844486253776
0.61875	1.8984448587215
0.625	1.8984435765046
0.625	1.89844353376977
0.63125	1.89844189466305
0.63125	1.89844190310192
0.6375	1.8984401416752
0.6375	1.8984401686168
0.64375	1.89843838647252
0.64375	1.89843845783314
0.65	1.89843651734092
0.65	1.89843646809214
0.65625	1.89843394735527
0.65625	1.89843396532309
0.6625	1.89843134066595
0.6625	1.89843144409349
0.66875	1.89842927346831
0.66875	1.89842935072754
0.675	1.89842631963017
0.675	1.89842635144024
0.68125	1.89842353252671
0.68125	1.89842338184567
0.6875	1.89841912548983
0.6875	1.89841968599004
0.69375	1.89841658622722
0.69375	1.89841572393919
0.7	1.8984118183955
0.7	1.89841373217372
0.70625	1.89840770078926
0.70625	1.89840485975804
0.7125	1.89840423249688
0.7125	1.8984080424639
0.71875	1.89839156419104
0.71875	1.89838871449584
0.725	1.89840366888594
0.725	1.89840252448251
0.73125	1.89835923631005
0.73125	1.89837264451558
0.7375	1.89841587759541
0.7375	1.89837730737313
0.74375	1.89830899389658
0.74375	1.8983943265505
0.75	1.89841618797767
0.75	1.89826172079254
0.75625	1.89831550455231
0.75625	1.89855241789829
0.7625	1.89821546394553
0.7625	1.89786823038246
0.76875	1.89889281950131
0.76875	1.89964123734894
0.775	1.89702196894782
0.775	1.8966637151857
0.78125	1.89524571956382
0.78125	1.88058313865721
0.7875	1.9142179945579
0.7875	1.96069281455598
0.79375	2.03069933143381
0.79375	2.41738151730457
0.8	0.924369067698439
0.8	0.450139615371636
0.80625	-0.325955459421136
0.80625	-0.152366337732544
0.8125	0.0768397794824413
0.8125	0.0613692540797596
0.81875	-0.0167858871769107
0.81875	-0.0175717094274567
0.825	0.0019422494725121
0.825	0.00414697589877129
0.83125	0.000385746939354841
0.83125	-0.000666795468328541
0.8375	-0.000369579476931389
0.8375	-3.28718567805278e-06
0.84375	0.000161426069709747
0.84375	5.88978286661244e-05
0.85	-5.32947066220171e-05
0.85	-3.07109373795222e-05
0.85625	1.42140759767869e-05
0.85625	1.11150617921267e-05
0.8625	-2.9117611668334e-06
0.8625	-3.21532668605016e-06
0.86875	3.13976132186696e-07
0.86875	7.38656029150935e-07
0.875	8.39113276262763e-08
0.875	-1.13212940957014e-07
0.88125	-7.07869941452096e-08
0.88125	-3.53106005123745e-09
0.8875	2.99767947884292e-08
0.8875	1.14685817993338e-08
0.89375	-9.70743187141664e-09
0.89375	-5.71498757724365e-09
0.9	2.5497793196588e-09
0.9	2.02809860470809e-09
0.90625	-5.14867871530033e-10
0.90625	-5.81314457627679e-10
0.9125	5.34042350481991e-11
0.9125	1.33355537712328e-10
0.91875	1.61050692334568e-11
0.91875	-2.05374784021993e-11
0.925	-1.32574900584007e-11
0.925	-7.37944826785313e-13
0.93125	5.62777173711856e-12
0.93125	2.16905040899977e-12
0.9375	-1.86631070292016e-12
0.9375	-1.12439929446839e-12
0.94375	4.70804121009465e-13
0.94375	3.80263703221015e-13
0.95	-1.07858536333467e-13
0.95	-1.24934963690056e-13
0.95625	-1.06438994166164e-15
0.95625	1.64530477034458e-14
0.9625	-1.65162922221466e-15
0.9625	-9.48382536054772e-15
0.96875	-7.56537630059351e-15
0.96875	-4.60154452759179e-15
0.975	4.05947525919455e-16
0.975	1.42606560734172e-16
0.98125	-4.7533013673048e-17
0.98125	-9.9991972449648e-17
0.9875	3.3330657483216e-17
0.9875	0
0.99375	0
0.99375	0
1	0
0	1
0.00625	1
0.00625	1
0.0125	1
0.0125	1
0.01875	1
0.01875	1
0.025	1
0.025	1
0.03125	1
0.03125	1
0.0375	1
0.0375	1
0.04375	1
0.04375	1
0.05	1
0.05	1
0.05625	1
0.05625	1
0.0625	1
0.0625	1
0.06875	1
0.06875	1
0.075	1
0.075	1
0.08125	1
0.08125	1
0.0875	1
0.0875	1
0.09375	1
0.09375	1
0.1	1
0.1	1
0.10625	1
0.10625	1
0.1125	1
0.1125	1
0.11875	1
0.11875	1
0.125	1
0.125	1
0.13125	1
0.13125	1
0.1375	1
0.1375	1
0.14375	1
0.14375	1
0.15	1
0.15	1
0.15625	1
0.15625	1
0.1625	1
0.1625	1
0.16875	1
0.16875	1
0.175	1
0.175	1
0.18125	1
0.18125	1
0.1875	1
0.1875	1
0.19375	1
0.19375	1
0.2	1
0.2	1
0.20625	1
0.20625	1
0.2125	1
0.2125	1
0.21875	1
0.21875	1
0.225	1
0.225	1
0.23125	1
0.23125	1
0.2375	1
0.2375	1
0.24375	1
0.24375	1
0.25	1
0.25	1
0.25625	1
0.25625	1
0.2625	1
0.2625	1
0.26875	1
0.26875	1
0.275	1
0.275	1
0.28125	1
0.28125	1
0.2875	1
0.2875	1
0.29375	1
0.29375	1
0.3	1
0.3	1
0.30625	1
0.30625	1
0.3125	1
0.3125	1
0.31875	1
0.31875	1
0.325	1
0.325	1
0.33125	1
0.33125	1
0.3375	1
0.3375	1
0.34375	1
0.34375	1
0.35	1
0.35	1
0.35625	1
0.35625	1
0.3625	1
0.3625	1
0.36875	1
0.36875	1
0.375	1
0.375	1
0.38125	1
0.38125	1
0.3875	1
0.3875	1
0.39375	1
0.39375	1
0.4	1
0.4	1
0.40625	1
0.40625	1
0.4125	1
0.4125	1
0.41875	1
0.41875	1
0.425	1
0.425	1
0.43125	1
0.43125	1
0.4375	1
0.4375	1
0.44375	1
0.44375	1
0.45	1
0.45	1
0.45625	1
0.45625	1
0.4625	1
0.4625	1
0.46875	1
0.46875	1
0.475	1
0.475	1
0.48125	1
0.48125	1
0.4875	1
0.4875	1
0.49375	1
0.49375	1
0.5	1
0.5	1
0.50625	1
0.50625	1
0.5125	1
0.5125	1
0.51875	1
0.51875	1
0.525	1
0.525	1
0.53125	1
0.53125	1
0.5375	1
0.5375	1
0.54375	1
0.54375	1
0.55	1
0.55	1
0.55625	1
0.55625	1
0.5625	1
0.5625	1
0.56875	1
0.56875	1
0.575	1
0.575	1
0.58125	1
0.58125	1
0.5875	1
0.5875	1
0.59375	1
0.59375	1
0.6	1
0.6	1
0.60625	1
0.60625	1
0.6125	1
0.6125	1
0.61875	1
0.61875	1
0.625	1
0.625	1
0.63125	1
0.63125	1
0.6375	1
0.6375	1
0.64375	1
0.64375	1
0.65	1
0.65	1
0.65625	1
0.65625	1
0.6625	1
0.6625	1
0.66875	1
0.66875	1
0.675	1
0.675	1
0.68125	1
0.68125	1
0.6875	1
0.6875	1
0.69375	1
0.69375	1
0.7	1
0.7	1
0.70625	1
0.70625	1
0.7125	1
0.7125	1
0.71875	1
0.71875	1
0.725	1
0.725	1
0.73125	1
0.73125	1
0.7375	1
0.7375	1
0.74375	1
0.74375	1
0.75	1
0.75	1
0.75625	1
0.75625	1
0.7625	1
0.7625	1
0.76875	1
0.76875	1
0.775	1
0.775	1
0.78125	1
0.78125	1
0.7875	1
0.7875	1
0.79375	1
0.79375	1
0.8	1
0.8	1
0.80625	1
0.80625	1
0.8125	1
0.8125	1
0.81875	1
0.81875	1
0.825	1
0.825	1
0.83125	1
0.83125	1
0.8375	1
0.8375	1
0.84375	1
0.84375	1
0.85	1
0.85	1
0.85625	1
0.85625	1
0.8625	1
0.8625	1
0.86875	1
0.86875	1
0.875	1
0.875	1
0.88125	1
0.88125	1
0.8875	1
0.8875	1
0.89375	1
0.89375	1
0.9	1
0.9	1
0.90625	1
0.90625	1
0.9125	1
0.9125	1
0.91875	1
0.91875	1
0.925	1
0.925	1
0.93125	1
0.93125	1
0.9375	1
0.9375	1
0.94375	1
0.94375	1
0.95	1
0.95	1
0.95625	1
0.95625	1
0.9625	1
0.9625	1
0.96875	1
0.96875	1
0.975	1
0.975	1
0.98125	1
0.98125	1
0.9875	1
0.9875	1
0.99375	1
0.99375	1
1	1
0	0
0.00625	0
0.00625	4.45830039560704e-09
0.0125	4.45830039560704e-09
0.0125	1.8725643257046e-09
0.01875	1.8725643257046e-09
0.01875	0
0.025	0
0.025	3.70386743628057e-08
0.03125	3.70386743628057e-08
0.03125	1.42870604122718e-08
0.0375	1.42870604122718e-08
0.0375	0
0.04375	0
0.04375	5.76983228994474e-07
0.05	5.76983228994474e-07
0.05	7.93251878255751e-07
0.05625	7.93251878255751e-07
0.05625	6.13647527346659e-06
0.0625	6.13647527346659e-06
0.0625	0
0.06875	0
0.06875	1.91740824694466e-05
0.075	1.91740824694466e-05
0.075	1.18348900770124e-05
0.08125	1.18348900770124e-05
0.08125	0
0.0875	0
0.0875	0.00015103575509206
0.09375	0.00015103575509206
0.09375	0.000226294520632254
0.1	0.000226294520632254
0.1	0.000740880014152749
0.10625	0.000740880014152749
0.10625	0
0.1125	0
0.1125	0.00229919504793899
0.11875	0.00229919504793899
0.11875	0.00317328802652628
0.125	0.00317328802652628
0.125	0.00528506181872134
0.13125	0.00528506181872134
0.13125	0
0.1375	0
0.1375	0.0321393670100725
0.14375	0.0321393670100725
0.14375	0.00892676971065192
0.15	0.00892676971065192
0.15	0.0143213351329326
0.15625	0.0143213351329326
0.15625	0.0322015032315871
0.1625	0.0322015032315871
0.1625	0.20031616106138
0.16875	0.20031616106138
0.16875	0.230891940613904
0.175	0.230891940613904
0.175	0
0.18125	0
0.18125	0.162759144650404
0.1875	0.162759144650404
0.1875	0.0844912435183814
0.19375	0.0844912435183814
0.19375	0.0341109317327943
0.2	0.0341109317327943
0.2	0.00828311800513995
0.20625	0.00828311800513995
0.20625	0.00392691889096369
0.2125	0.00392691889096369
0.2125	0.00986099940481679
0.21875	0.00986099940481679
0.21875	0.0130692026132744
0.225	0.0130692026132744
0.225	0.0150678999709941
0.23125	0.0150678999709941
0.23125	0.0164786297657502
0.2375	0.0164786297657502
0.2375	0.0175782362378801
0.24375	0.0175782362378801
0.24375	0.0184971723518637
0.25	0.0184971723518637
0.25	0.0193120332526514
0.25625	0.0193120332526514
0.25625	0.0200703467809483
0.2625	0.0200703467809483
0.2625	0.0208107634577502
0.26875	0.0208107634577502
0.26875	0.0215691530793693
0.275	0.0215691530793693
0.275	0.0223881281457139
0.28125	0.0223881281457139
0.28125	0.0233281928282328
0.2875	0.0233281928282328
0.2875	0.0244882411969815
0.29375	0.0244882411969815
0.29375	0.0260537800245831
0.3	0.0260537800245831
0.3	0.0284280884162005
0.30625	0.0284280884162005
0.30625	0.0326901363933658
0.3125	0.0326901363933658
0.3125	0.042309991013934
0.31875	0.042309991013934
0.31875	0.0683519652648792
0.325	0.0683519652648792
0.325	0.135266457955079
0.33125	0.135266457955079
0.33125	0.249104732845411
0.3375	0.249104732845411
0.3375	0.298058366520284
0.34375	0.298058366520284
0.34375	0.151061543657582
0.35	0.151061543657582
0.35	0.0322124834096494
0.35625	0.0322124834096494
0.35625	0.0649160174385824
0.3625	0.0649160174385824
0.3625	0.0197561329392526
0.36875	0.0197561329392526
0.36875	0.00414522016907469
0.375	0.00414522016907469
0.375	0.00352173193273601
0.38125	0.00352173193273601
0.38125	0.00029182901430865
0.3875	0.00029182901430865
0.3875	0.000109070319720384
0.39375	0.000109070319720384
0.39375	0.000192118837352568
0.4	0.000192118837352568
0.4	0.000284335442069889
0.40625	0.000284335442069889
0.40625	0.000280081089377914
0.4125	0.000280081089377914
0.4125	0.000268087496489849
0.41875	0.000268087496489849
0.41875	0.000251612616807098
0.425	0.000251612616807098
0.425	0.000229092584570338
0.43125	0.000229092584570338
0.43125	0.000202055544968507
0.4375	0.000202055544968507
0.4375	0.000171668948179941
0.44375	0.000171668948179941
0.44375	0.000141055690768833
0.45	0.000141055690768833
0.45	0.000114461413839095
0.45625	0.000114461413839095
0.45625	9.21944742553581e-05
0.4625	9.21944742553581e-05
0.4625	7.11414905773079e-05
0.46875	7.11414905773079e-05
0.46875	5.08098828990956e-05
0.475	5.08098828990956e-05
0.475	3.37414108980712e-05
0.48125	3.37414108980712e-05
0.48125	2.24639826723473e-05
0.4875	2.24639826723473e-05
0.4875	1.62092112377749e-05
0.49375	1.62092112377749e-05
0.49375	8.68829049490813e-06
0.5	8.68829049490813e-06
0.5	1.38534834341794e-06
0.50625	1.38534834341794e-06
0.50625	5.84989192032356e-06
0.5125	5.84989192032356e-06
0.5125	2.87726254818829e-06
0.51875	2.87726254818829e-06
0.51875	9.18993743127618e-07
0.525	9.18993743127618e-07
0.525	5.01635073496812e-06
0.53125	5.01635073496812e-06
0.53125	8.6759800481548e-06
0.5375	8.6759800481548e-06
0.5375	5.23945691224508e-06
0.54375	5.23945691224508e-06
0.54375	5.09435909607842e-07
0.55	5.09435909607842e-07
0.55	1.89789020830583e-07
0.55625	1.89789020830583e-07
0.55625	2.40280385736703e-06
0.5625	2.40280385736703e-06
0.5625	2.07636814481e-06
0.56875	2.07636814481e-06
0.56875	3.66752165065478e-06
0.575	3.66752165065478e-06
0.575	4.46707240194292e-06
0.58125	4.46707240194292e-06
0.58125	1.49711328983089e-06
0.5875	1.49711328983089e-06
0.5875	5.89586226009661e-07
0.59375	5.89586226009661e-07
0.59375	5.10617039264738e-06
0.6	5.10617039264738e-06
0.6	7.22890527633476e-06
0.60625	7.22890527633476e-06
0.60625	2.42155961499921e-06
0.6125	2.42155961499921e-06
0.6125	3.13076064230315e-06
0.61875	3.13076064230315e-06
0.61875	2.81679235033144e-06
0.625	2.81679235033144e-06
0.625	6.2166569224116e-06
0.63125	6.2166569224116e-06
0.63125	2.06418608699687e-06
0.6375	2.06418608699687e-06
0.6375	9.8825407520315e-07
0.64375	9.8825407520315e-07
0.64375	2.91247499189287e-06
0.65	2.91247499189287e-06
0.65	8.21850250272817e-06
0.65625	8.21850250272817e-06
0.65625	3.06655220738716e-06
0.6625	3.06655220738716e-06
0.6625	4.08696540206765e-06
0.66875	4.08696540206765e-06
0.66875	1.57312759336578e-06
0.675	1.57312759336578e-06
0.675	4.09642736746368e-06
0.68125	4.09642736746368e-06
0.68125	2.0482721745799e-05
0.6875	2.0482721745799e-05
0.6875	4.12146041381301e-05
0.69375	4.12146041381301e-05
0.69375	8.65438899506614e-05
0.7	8.65438899506614e-05
0.7	0.000159971062113417
0.70625	0.000159971062113417
0.70625	0.000269132834211144
0.7125	0.000269132834211144
0.7125	0.000331328256157556
0.71875	0.000331328256157556
0.71875	0.000286390918455434
0.725	0.000286390918455434
0.725	9.9396094258862e-05
0.73125	9.9396094258862e-05
0.73125	0.0011348367964172
0.7375	0.0011348367964172
0.7375	0.0034204294355222
0.74375	0.0034204294355222
0.74375	0.00750837326818388
0.75	0.00750837326818388
0.75	0.0140290620553695
0.75625	0.0140290620553695
0.75625	0.0228131386396961
0.7625	0.0228131386396961
0.7625	0.0291793003474923
0.76875	0.0291793003474923
0.76875	0.0101587804583083
0.775	0.0101587804583083
0.775	0.0128475104932781
0.78125	0.0128475104932781
0.78125	0.524009753459881
0.7875	0.524009753459881
0.7875	1.66335534668326
0.79375	1.66335534668326
0.79375	17.8197220473327
0.8	17.8197220473327
0.8	30.060171830938
0.80625	30.060171830938
0.80625	0
0.8125	0
0.8125	0.958920709727106
0.81875	0.958920709727106
0.81875	0
0.825	0
0.825	0.214231243136111
0.83125	0.214231243136111
0.83125	0.0714789194442965
0.8375	0.0714789194442965
0.8375	0
0.84375	0
0.84375	0.00638865974689749
0.85	0.00638865974689749
0.85	0
0.85625	0
0.85625	0.00015069882742068
0.8625	0.00015069882742068
0.8625	0
0.86875	0
0.86875	4.20259743479292e-05
0.875	4.20259743479292e-05
0.875	1.33069775315392e-05
0.88125	1.33069775315392e-05
0.88125	0
0.8875	0
0.8875	1.149662054184e-06
0.89375	1.149662054184e-06
0.89375	0
0.9	0
0.9	2.4728272756918e-08
0.90625	2.4728272756918e-08
0.90625	0
0.9125	0
0.9125	7.91942511549933e-09
0.91875	7.91942511549933e-09
0.91875	2.47529996501249e-09
0.925	2.47529996501249e-09
0.925	0
0.93125	0
0.93125	2.14779305451877e-10
0.9375	2.14779305451877e-10
0.9375	0
0.94375	0
0.94375	4.05009359383242e-12
0.95	4.05009359383242e-12
0.95	1.66977542903625e-12
0.95625	1.66977542903625e-12
0.95625	7.46069872548107e-13
0.9625	7.46069872548107e-13
0.9625	2.48689957516037e-13
0.96875	2.48689957516037e-13
0.96875	0
0.975	0
0.975	1.77635683940026e-14
0.98125	1.77635683940026e-14
0.98125	0
0.9875	0
0.9875	0
0.99375	0
0.99375	0
1	0
