3	1
160
0	0.2
1.25	0.2
1.25	0.2
2.5	0.2
2.5	0.2
3.75	0.2
3.75	0.2
5	0.2
5	0.2
6.25	0.2
6.25	0.199999999999999
7.5	0.200000000000001
7.5	0.200000000000001
8.75	0.199999999999999
8.75	0.200000000000009
10	0.199999999999971
10	0.199999999999885
11.25	0.199999999999998
11.25	0.200000000000413
12.5	0.199999999999782
12.5	0.199999999997745
13.75	0.200000000000256
13.75	0.200000000010009
15	0.200000000003065
15	0.199999999958529
16.25	0.199999999951565
16.25	0.200000000139727
17.5	0.200000000427135
17.5	0.199999999732694
18.75	0.199999997051306
18.75	0.199999998994327
20	0.200000016784407
20	0.200000015119966
21.25	0.199999922311818
21.25	0.199999896940973
22.5	0.200000267850314
22.5	0.20000048526568
23.75	0.199999536852574
23.75	0.199998502796397
25	0.199998432715046
25	0.200001339451946
26.25	0.200015189880977
26.25	0.200013818836336
27.5	0.199957116026859
27.5	0.199932357827198
28.75	0.199948329399639
28.75	0.200018306204861
30	0.200479965150914
30	0.200577719288696
31.25	0.20090735930722
31.25	0.200808797842634
32.5	0.200560312785173
32.5	0.200443656201051
33.75	0.200112099111917
33.75	0.200109384023931
35	0.199972241058447
35	0.200009035370153
36.25	0.199981836082298
36.25	0.200005781591884
37.5	0.20000327801533
37.5	0.200021322840593
38.75	0.177879449891714
38.75	0.178293922940739
40	0.0972485100640212
40	0.0971238958744028
41.25	0.178302876358334
41.25	0.177710831629161
42.5	0.200131299194748
42.5	0.199942778916656
43.75	0.200033707827956
43.75	0.199974033262857
45	0.199989107967752
45	0.199975646087157
46.25	0.199943022672075
46.25	0.199918908279373
47.5	0.1999152649506
47.5	0.199846321610802
48.75	0.200042468871068
48.75	0.200007954586686
50	0.200353010559225
50	0.200454616672638
51.25	0.200499926786744
51.25	0.200605565435909
52.5	0.200279274522578
52.5	0.20023346668131
53.75	0.20001439826025
53.75	0.199949014152456
55	0.199968776934582
55	0.199970834446561
56.25	0.200003032715941
56.25	0.20001003538749
57.5	0.200003029969243
57.5	0.200000560262562
58.75	0.199998823746893
58.75	0.199998857077422
60	0.200000117258704
60	0.200000342785059
61.25	0.200000064454613
61.25	0.199999967394018
62.5	0.199999963805465
62.5	0.199999985522728
63.75	0.200000010181986
63.75	0.200000008471478
65	0.199999998351193
65	0.199999997435526
66.25	0.19999999998842
66.25	0.200000000527095
67.5	0.200000000120225
67.5	0.1999999999379
68.75	0.199999999946571
68.75	0.199999999994016
70	0.200000000016352
70	0.200000000006289
71.25	0.199999999995825
71.25	0.199999999997504
72.5	0.200000000000844
72.5	0.200000000000673
73.75	0.199999999999802
73.75	0.199999999999784
75	0.200000000000003
75	0.200000000000011
76.25	0.199999999999981
76.25	0.199999999999986
77.5	0.199999999999996
77.5	0.200000000000001
78.75	0.199999999999999
78.75	0.2
80	0.2
80	0.2
81.25	0.2
81.25	0.2
82.5	0.2
82.5	0.2
83.75	0.2
83.75	0.2
85	0.2
85	0.2
86.25	0.2
86.25	0.2
87.5	0.2
87.5	0.2
88.75	0.2
88.75	0.2
90	0.2
90	0.2
91.25	0.2
91.25	0.2
92.5	0.2
92.5	0.2
93.75	0.2
93.75	0.2
95	0.2
95	0.2
96.25	0.2
96.25	0.2
97.5	0.2
97.5	0.2
98.75	0.2
98.75	0.2
100	0.2
0	0.028
1.25	0.028
1.25	0.028
2.5	0.028
2.5	0.028
3.75	0.0279999999999999
3.75	0.028
5	0.028
5	0.0279999999999998
6.25	0.0280000000000002
6.25	0.0280000000000005
7.5	0.027999999999997
7.5	0.0279999999999982
8.75	0.0280000000000004
8.75	0.0279999999999852
10	0.0280000000000201
10	0.0280000000001283
11.25	0.027999999999981
11.25	0.0279999999994585
12.5	0.0280000000002452
12.5	0.0280000000028146
13.75	0.0279999999996416
13.75	0.0279999999873456
15	0.0279999999960904
15	0.0280000000522373
16.25	0.0280000000610107
16.25	0.0279999998237919
17.5	0.0279999994614481
17.5	0.0280000003369392
18.75	0.0280000037173976
18.75	0.0280000012678039
20	0.0279999788395913
20	0.0279999809379973
21.25	0.0280000979424723
21.25	0.0280001299280181
22.5	0.0279996623169528
22.5	0.0279993882206925
23.75	0.0280005838921827
23.75	0.0280018875332321
25	0.0280019758899026
25	0.0279983116516849
26.25	0.0279808486878235
26.25	0.0279825851917178
27.5	0.0280540515678937
27.5	0.0280852518165399
28.75	0.0280651325254248
28.75	0.0279772862187617
30	0.027393698437901
30	0.0272701540001721
31.25	0.0268516998145238
31.25	0.0269770747643928
32.5	0.0272918351315686
32.5	0.0274398404215328
33.75	0.0278585758946353
33.75	0.0278620213993745
35	0.0280349315617289
35	0.0279885462254824
36.25	0.0280228603275803
36.25	0.0279926715785632
37.5	0.0279958051956449
37.5	0.0279918499549408
38.75	0.0279775798203662
38.75	0.0283265098719499
40	0.0276377416951626
40	0.0285103502137245
41.25	0.0274547820282358
41.25	0.0281642063290448
42.5	0.0278031824868126
42.5	0.0280436213926575
43.75	0.0279191447104719
43.75	0.0280025039471832
45	0.0279432155794729
45	0.027970213765479
46.25	0.0279028323914335
46.25	0.0278956115375346
47.5	0.0278422038762526
47.5	0.0278159409795513
48.75	0.0280083553347975
48.75	0.0280347748194516
50	0.028541925700529
50	0.0286112259655214
51.25	0.0288771398309167
51.25	0.0288663044832964
52.5	0.0284708542287672
52.5	0.0284114218317898
53.75	0.0279619988190323
53.75	0.027960484601852
55	0.0279266074264209
55	0.0279478448833165
56.25	0.0280126737611971
56.25	0.0280129745151878
57.5	0.0280051511021199
57.5	0.0280025504153338
58.75	0.027997123835906
58.75	0.0279979220629516
60	0.0280004844809816
60	0.0280004981555063
61.25	0.0280000740007294
61.25	0.0279999902422839
62.5	0.0279999289797357
62.5	0.0279999631229843
63.75	0.0280000238136333
63.75	0.0280000163163878
65	0.0279999951045297
65	0.0279999956693874
66.25	0.0280000004309988
66.25	0.028000000757371
67.5	0.028000000144643
67.5	0.0279999999539238
68.75	0.0279999999070762
68.75	0.0279999999721631
70	0.0280000000323289
70	0.0280000000150745
71.25	0.0279999999911162
71.25	0.0279999999948993
72.5	0.0280000000020097
72.5	0.0280000000013316
73.75	0.0279999999995562
73.75	0.0279999999996426
75	0.0280000000000433
75	0.0280000000000468
76.25	0.0279999999999815
76.25	0.027999999999976
77.5	0.0280000000000012
77.5	0.0279999999999993
78.75	0.0279999999999993
78.75	0.0279999999999989
80	0.0280000000000002
80	0.0280000000000001
81.25	0.0279999999999999
81.25	0.028
82.5	0.028
82.5	0.028
83.75	0.028
83.75	0.028
85	0.028
85	0.028
86.25	0.028
86.25	0.028
87.5	0.028
87.5	0.028
88.75	0.028
88.75	0.028
90	0.028
90	0.028
91.25	0.028
91.25	0.028
92.5	0.028
92.5	0.028
93.75	0.028
93.75	0.028
95	0.028
95	0.028
96.25	0.028
96.25	0.028
97.5	0.028
97.5	0.028
98.75	0.028
98.75	0.028
100	0.028
0	-0.1
1.25	-0.1
1.25	-0.1
2.5	-0.1
2.5	-0.1
3.75	-0.1
3.75	-0.1
5	-0.1
5	-0.1
6.25	-0.1
6.25	-0.1
7.5	-0.1
7.5	-0.1
8.75	-0.1
8.75	-0.1
10	-0.1
10	-0.1
11.25	-0.1
11.25	-0.1
12.5	-0.1
12.5	-0.1
13.75	-0.1
13.75	-0.1
15	-0.1
15	-0.1
16.25	-0.1
16.25	-0.1
17.5	-0.1
17.5	-0.1
18.75	-0.1
18.75	-0.1
20	-0.1
20	-0.1
21.25	-0.1
21.25	-0.1
22.5	-0.1
22.5	-0.1
23.75	-0.1
23.75	-0.1
25	-0.1
25	-0.1
26.25	-0.1
26.25	-0.1
27.5	-0.1
27.5	-0.1
28.75	-0.1
28.75	-0.1
30	-0.1
30	-0.1
31.25	-0.1
31.25	-0.1
32.5	-0.1
32.5	-0.1
33.75	-0.1
33.75	-0.1
35	-0.1
35	-0.1
36.25	-0.1
36.25	-0.1
37.5	-0.1
37.5	-0.1
38.75	-0.078125
38.75	-0.078125
40	0
40	0
41.25	-0.078125
41.25	-0.078125
42.5	-0.1
42.5	-0.1
43.75	-0.1
43.75	-0.1
45	-0.1
45	-0.1
46.25	-0.1
46.25	-0.1
47.5	-0.1
47.5	-0.1
48.75	-0.1
48.75	-0.1
50	-0.1
50	-0.1
51.25	-0.1
51.25	-0.1
52.5	-0.1
52.5	-0.1
53.75	-0.1
53.75	-0.1
55	-0.1
55	-0.1
56.25	-0.1
56.25	-0.1
57.5	-0.1
57.5	-0.1
58.75	-0.1
58.75	-0.1
60	-0.1
60	-0.1
61.25	-0.1
61.25	-0.1
62.5	-0.1
62.5	-0.1
63.75	-0.1
63.75	-0.1
65	-0.1
65	-0.1
66.25	-0.1
66.25	-0.1
67.5	-0.1
67.5	-0.1
68.75	-0.1
68.75	-0.1
70	-0.1
70	-0.1
71.25	-0.1
71.25	-0.1
72.5	-0.1
72.5	-0.1
73.75	-0.1
73.75	-0.1
75	-0.1
75	-0.1
76.25	-0.1
76.25	-0.1
77.5	-0.1
77.5	-0.1
78.75	-0.1
78.75	-0.1
80	-0.1
80	-0.1
81.25	-0.1
81.25	-0.1
82.5	-0.1
82.5	-0.1
83.75	-0.1
83.75	-0.1
85	-0.1
85	-0.1
86.25	-0.1
86.25	-0.1
87.5	-0.1
87.5	-0.1
88.75	-0.1
88.75	-0.1
90	-0.1
90	-0.1
91.25	-0.1
91.25	-0.1
92.5	-0.1
92.5	-0.1
93.75	-0.1
93.75	-0.1
95	-0.1
95	-0.1
96.25	-0.1
96.25	-0.1
97.5	-0.1
97.5	-0.1
98.75	-0.1
98.75	-0.1
100	-0.1
0	0
1.25	0
1.25	0
2.5	0
2.5	0
3.75	0
3.75	0
5	0
5	0
6.25	0
6.25	0
7.5	0
7.5	0
8.75	0
8.75	0
10	0
10	0
11.25	0
11.25	0
12.5	0
12.5	0
13.75	0
13.75	0
15	0
15	0
16.25	0
16.25	0
17.5	0
17.5	0
18.75	0
18.75	0
20	0
20	0
21.25	0
21.25	0
22.5	0
22.5	0
23.75	0
23.75	0
25	0
25	0
26.25	0
26.25	0
27.5	0
27.5	0
28.75	0
28.75	0
30	0
30	0
31.25	0
31.25	0
32.5	0
32.5	0
33.75	0
33.75	0
35	0
35	0
36.25	0
36.25	0
37.5	0
37.5	0.021875
38.75	0.021875
38.75	0.078125
40	0.078125
40	-0.078125
41.25	-0.078125
41.25	-0.021875
42.5	-0.021875
42.5	0
43.75	0
43.75	0
45	0
45	0
46.25	0
46.25	0
47.5	0
47.5	0
48.75	0
48.75	0
50	0
50	0
51.25	0
51.25	0
52.5	0
52.5	0
53.75	0
53.75	0
55	0
55	0
56.25	0
56.25	0
57.5	0
57.5	0
58.75	0
58.75	0
60	0
60	0
61.25	0
61.25	0
62.5	0
62.5	0
63.75	0
63.75	0
65	0
65	0
66.25	0
66.25	0
67.5	0
67.5	0
68.75	0
68.75	0
70	0
70	0
71.25	0
71.25	0
72.5	0
72.5	0
73.75	0
73.75	0
75	0
75	0
76.25	0
76.25	0
77.5	0
77.5	0
78.75	0
78.75	0
80	0
80	0
81.25	0
81.25	0
82.5	0
82.5	0
83.75	0
83.75	0
85	0
85	0
86.25	0
86.25	0
87.5	0
87.5	0
88.75	0
88.75	0
90	0
90	0
91.25	0
91.25	0
92.5	0
92.5	0
93.75	0
93.75	0
95	0
95	0
96.25	0
96.25	0
97.5	0
97.5	0
98.75	0
98.75	0
100	0
