3	1
40
0	0.4
1	0.4
1	0.4
2	0.4
2	0.4
3	0.4
3	0.4
4	0.4
4	0.4
5	0.4
5	0.4
6	0.4
6	0.4
7	0.4
7	0.4
8	0.4
8	0.391666666666667
9	0.241666666666667
9	0.241666666666667
10	0.191666666666667
10	0.191666666666667
11	0.241666666666667
11	0.241666666666667
12	0.391666666666667
12	0.4
13	0.4
13	0.4
14	0.4
14	0.4
15	0.4
15	0.4
16	0.4
16	0.4
17	0.4
17	0.4
18	0.4
18	0.4
19	0.4
19	0.4
20	0.4
0	1.50548
1	1.50548
1	1.50548
2	1.50548
2	1.50548
3	1.50548
3	1.50548
4	1.50548
4	1.50548
5	1.50548
5	1.50548
6	1.50548
6	1.50548
7	1.50548
7	1.50548
8	1.50548
8	1.47411583333333
9	0.909560833333333
9	0.909560833333333
10	0.721375833333333
10	0.721375833333333
11	0.909560833333333
11	0.909560833333333
12	1.47411583333333
12	1.50548
13	1.50548
13	1.50548
14	1.50548
14	1.50548
15	1.50548
15	1.50548
16	1.50548
16	1.50548
17	1.50548
17	1.50548
18	1.50548
18	1.50548
19	1.50548
19	1.50548
20	1.50548
0	-0.2
1	-0.2
1	-0.2
2	-0.2
2	-0.2
3	-0.2
3	-0.2
4	-0.2
4	-0.2
5	-0.2
5	-0.2
6	-0.2
6	-0.2
7	-0.2
7	-0.2
8	-0.2
8	-0.191666666666667
9	-0.0416666666666667
9	-0.0416666666666667
10	0.00833333333333333
10	0.00833333333333333
11	-0.0416666666666667
11	-0.0416666666666667
12	-0.191666666666667
12	-0.2
13	-0.2
13	-0.2
14	-0.2
14	-0.2
15	-0.2
15	-0.2
16	-0.2
16	-0.2
17	-0.2
17	-0.2
18	-0.2
18	-0.2
19	-0.2
19	-0.2
20	-0.2
0	0
1	0
1	0
2	0
2	0
3	0
3	0
4	0
4	0
5	0
5	0
6	0
6	0
7	0
7	0
8	0
8	0.15
9	0.15
9	0.05
10	0.05
10	-0.05
11	-0.05
11	-0.15
12	-0.15
12	0
13	0
13	0
14	0
14	0
15	0
15	0
16	0
16	0
17	0
17	0
18	0
18	0
19	0
19	0
20	0
