3	1
160
0	0.4
0.25	0.4
0.25	0.4
0.5	0.4
0.5	0.4
0.75	0.4
0.75	0.4
1	0.4
1	0.4
1.25	0.4
1.25	0.4
1.5	0.4
1.5	0.4
1.75	0.4
1.75	0.4
2	0.4
2	0.4
2.25	0.4
2.25	0.4
2.5	0.4
2.5	0.4
2.75	0.4
2.75	0.4
3	0.4
3	0.4
3.25	0.4
3.25	0.4
3.5	0.4
3.5	0.4
3.75	0.4
3.75	0.4
4	0.4
4	0.4
4.25	0.4
4.25	0.4
4.5	0.4
4.5	0.4
4.75	0.4
4.75	0.4
5	0.4
5	0.4
5.25	0.4
5.25	0.4
5.5	0.4
5.5	0.4
5.75	0.4
5.75	0.4
6	0.4
6	0.4
6.25	0.4
6.25	0.4
6.5	0.4
6.5	0.4
6.75	0.4
6.75	0.4
7	0.4
7	0.4
7.25	0.4
7.25	0.4
7.5	0.4
7.5	0.4
7.75	0.4
7.75	0.4
8	0.4
8	0.399479166666667
8.25	0.352604166666667
8.25	0.352604166666667
8.5	0.311979166666667
8.5	0.311979166666667
8.75	0.277604166666667
8.75	0.277604166666667
9	0.249479166666667
9	0.249479166666667
9.25	0.227604166666667
9.25	0.227604166666667
9.5	0.211979166666667
9.5	0.211979166666667
9.75	0.202604166666667
9.75	0.202604166666667
10	0.199479166666667
10	0.199479166666667
10.25	0.202604166666667
10.25	0.202604166666667
10.5	0.211979166666667
10.5	0.211979166666667
10.75	0.227604166666667
10.75	0.227604166666667
11	0.249479166666667
11	0.249479166666667
11.25	0.277604166666667
11.25	0.277604166666667
11.5	0.311979166666667
11.5	0.311979166666667
11.75	0.352604166666667
11.75	0.352604166666667
12	0.399479166666667
12	0.4
12.25	0.4
12.25	0.4
12.5	0.4
12.5	0.4
12.75	0.4
12.75	0.4
13	0.4
13	0.4
13.25	0.4
13.25	0.4
13.5	0.4
13.5	0.4
13.75	0.4
13.75	0.4
14	0.4
14	0.4
14.25	0.4
14.25	0.4
14.5	0.4
14.5	0.4
14.75	0.4
14.75	0.4
15	0.4
15	0.4
15.25	0.4
15.25	0.4
15.5	0.4
15.5	0.4
15.75	0.4
15.75	0.4
16	0.4
16	0.4
16.25	0.4
16.25	0.4
16.5	0.4
16.5	0.4
16.75	0.4
16.75	0.4
17	0.4
17	0.4
17.25	0.4
17.25	0.4
17.5	0.4
17.5	0.4
17.75	0.4
17.75	0.4
18	0.4
18	0.4
18.25	0.4
18.25	0.4
18.5	0.4
18.5	0.4
18.75	0.4
18.75	0.4
19	0.4
19	0.4
19.25	0.4
19.25	0.4
19.5	0.4
19.5	0.4
19.75	0.4
19.75	0.4
20	0.4
0	1.50548
0.25	1.50548
0.25	1.50548
0.5	1.50548
0.5	1.50548
0.75	1.50548
0.75	1.50548
1	1.50548
1	1.50548
1.25	1.50548
1.25	1.50548
1.5	1.50548
1.5	1.50548
1.75	1.50548
1.75	1.50548
2	1.50548
2	1.50548
2.25	1.50548
2.25	1.50548
2.5	1.50548
2.5	1.50548
2.75	1.50548
2.75	1.50548
3	1.50548
3	1.50548
3.25	1.50548
3.25	1.50548
3.5	1.50548
3.5	1.50548
3.75	1.50548
3.75	1.50548
4	1.50548
4	1.50548
4.25	1.50548
4.25	1.50548
4.5	1.50548
4.5	1.50548
4.75	1.50548
4.75	1.50548
5	1.50548
5	1.50548
5.25	1.50548
5.25	1.50548
5.5	1.50548
5.5	1.50548
5.75	1.50548
5.75	1.50548
6	1.50548
6	1.50548
6.25	1.50548
6.25	1.50548
6.5	1.50548
6.5	1.50548
6.75	1.50548
6.75	1.50548
7	1.50548
7	1.50548
7.25	1.50548
7.25	1.50548
7.5	1.50548
7.5	1.50548
7.75	1.50548
7.75	1.50548
8	1.50548
8	1.50351973958333
8.25	1.32709630208333
8.25	1.32709630208333
8.5	1.17419598958333
8.5	1.17419598958333
8.75	1.04481880208333
8.75	1.04481880208333
9	0.938964739583333
9	0.938964739583333
9.25	0.856633802083333
9.25	0.856633802083333
9.5	0.797825989583333
9.5	0.797825989583333
9.75	0.762541302083333
9.75	0.762541302083333
10	0.750779739583333
10	0.750779739583333
10.25	0.762541302083333
10.25	0.762541302083333
10.5	0.797825989583333
10.5	0.797825989583333
10.75	0.856633802083333
10.75	0.856633802083333
11	0.938964739583333
11	0.938964739583333
11.25	1.04481880208333
11.25	1.04481880208333
11.5	1.17419598958333
11.5	1.17419598958333
11.75	1.32709630208333
11.75	1.32709630208333
12	1.50351973958333
12	1.50548
12.25	1.50548
12.25	1.50548
12.5	1.50548
12.5	1.50548
12.75	1.50548
12.75	1.50548
13	1.50548
13	1.50548
13.25	1.50548
13.25	1.50548
13.5	1.50548
13.5	1.50548
13.75	1.50548
13.75	1.50548
14	1.50548
14	1.50548
14.25	1.50548
14.25	1.50548
14.5	1.50548
14.5	1.50548
14.75	1.50548
14.75	1.50548
15	1.50548
15	1.50548
15.25	1.50548
15.25	1.50548
15.5	1.50548
15.5	1.50548
15.75	1.50548
15.75	1.50548
16	1.50548
16	1.50548
16.25	1.50548
16.25	1.50548
16.5	1.50548
16.5	1.50548
16.75	1.50548
16.75	1.50548
17	1.50548
17	1.50548
17.25	1.50548
17.25	1.50548
17.5	1.50548
17.5	1.50548
17.75	1.50548
17.75	1.50548
18	1.50548
18	1.50548
18.25	1.50548
18.25	1.50548
18.5	1.50548
18.5	1.50548
18.75	1.50548
18.75	1.50548
19	1.50548
19	1.50548
19.25	1.50548
19.25	1.50548
19.5	1.50548
19.5	1.50548
19.75	1.50548
19.75	1.50548
20	1.50548
0	-0.2
0.25	-0.2
0.25	-0.2
0.5	-0.2
0.5	-0.2
0.75	-0.2
0.75	-0.2
1	-0.2
1	-0.2
1.25	-0.2
1.25	-0.2
1.5	-0.2
1.5	-0.2
1.75	-0.2
1.75	-0.2
2	-0.2
2	-0.2
2.25	-0.2
2.25	-0.2
2.5	-0.2
2.5	-0.2
2.75	-0.2
2.75	-0.2
3	-0.2
3	-0.2
3.25	-0.2
3.25	-0.2
3.5	-0.2
3.5	-0.2
3.75	-0.2
3.75	-0.2
4	-0.2
4	-0.2
4.25	-0.2
4.25	-0.2
4.5	-0.2
4.5	-0.2
4.75	-0.2
4.75	-0.2
5	-0.2
5	-0.2
5.25	-0.2
5.25	-0.2
5.5	-0.2
5.5	-0.2
5.75	-0.2
5.75	-0.2
6	-0.2
6	-0.2
6.25	-0.2
6.25	-0.2
6.5	-0.2
6.5	-0.2
6.75	-0.2
6.75	-0.2
7	-0.2
7	-0.2
7.25	-0.2
7.25	-0.2
7.5	-0.2
7.5	-0.2
7.75	-0.2
7.75	-0.2
8	-0.2
8	-0.199479166666667
8.25	-0.152604166666667
8.25	-0.152604166666667
8.5	-0.111979166666667
8.5	-0.111979166666667
8.75	-0.0776041666666667
8.75	-0.0776041666666667
9	-0.0494791666666667
9	-0.0494791666666667
9.25	-0.0276041666666667
9.25	-0.0276041666666667
9.5	-0.0119791666666667
9.5	-0.0119791666666667
9.75	-0.00260416666666666
9.75	-0.00260416666666666
10	0.000520833333333336
10	0.000520833333333336
10.25	-0.00260416666666666
10.25	-0.00260416666666666
10.5	-0.0119791666666667
10.5	-0.0119791666666667
10.75	-0.0276041666666667
10.75	-0.0276041666666667
11	-0.0494791666666667
11	-0.0494791666666667
11.25	-0.0776041666666667
11.25	-0.0776041666666667
11.5	-0.111979166666667
11.5	-0.111979166666667
11.75	-0.152604166666667
11.75	-0.152604166666667
12	-0.199479166666667
12	-0.2
12.25	-0.2
12.25	-0.2
12.5	-0.2
12.5	-0.2
12.75	-0.2
12.75	-0.2
13	-0.2
13	-0.2
13.25	-0.2
13.25	-0.2
13.5	-0.2
13.5	-0.2
13.75	-0.2
13.75	-0.2
14	-0.2
14	-0.2
14.25	-0.2
14.25	-0.2
14.5	-0.2
14.5	-0.2
14.75	-0.2
14.75	-0.2
15	-0.2
15	-0.2
15.25	-0.2
15.25	-0.2
15.5	-0.2
15.5	-0.2
15.75	-0.2
15.75	-0.2
16	-0.2
16	-0.2
16.25	-0.2
16.25	-0.2
16.5	-0.2
16.5	-0.2
16.75	-0.2
16.75	-0.2
17	-0.2
17	-0.2
17.25	-0.2
17.25	-0.2
17.5	-0.2
17.5	-0.2
17.75	-0.2
17.75	-0.2
18	-0.2
18	-0.2
18.25	-0.2
18.25	-0.2
18.5	-0.2
18.5	-0.2
18.75	-0.2
18.75	-0.2
19	-0.2
19	-0.2
19.25	-0.2
19.25	-0.2
19.5	-0.2
19.5	-0.2
19.75	-0.2
19.75	-0.2
20	-0.2
0	0
0.25	0
0.25	0
0.5	0
0.5	0
0.75	0
0.75	0
1	0
1	0
1.25	0
1.25	0
1.5	0
1.5	0
1.75	0
1.75	0
2	0
2	0
2.25	0
2.25	0
2.5	0
2.5	0
2.75	0
2.75	0
3	0
3	0
3.25	0
3.25	0
3.5	0
3.5	0
3.75	0
3.75	0
4	0
4	0
4.25	0
4.25	0
4.5	0
4.5	0
4.75	0
4.75	0
5	0
5	0
5.25	0
5.25	0
5.5	0
5.5	0
5.75	0
5.75	0
6	0
6	0
6.25	0
6.25	0
6.5	0
6.5	0
6.75	0
6.75	0
7	0
7	0
7.25	0
7.25	0
7.5	0
7.5	0
7.75	0
7.75	0
8	0
8	0.046875
8.25	0.046875
8.25	0.040625
8.5	0.040625
8.5	0.034375
8.75	0.034375
8.75	0.028125
9	0.028125
9	0.021875
9.25	0.021875
9.25	0.015625
9.5	0.015625
9.5	0.009375
9.75	0.009375
9.75	0.003125
10	0.003125
10	-0.003125
10.25	-0.003125
10.25	-0.009375
10.5	-0.009375
10.5	-0.015625
10.75	-0.015625
10.75	-0.021875
11	-0.021875
11	-0.028125
11.25	-0.028125
11.25	-0.034375
11.5	-0.034375
11.5	-0.040625
11.75	-0.040625
11.75	-0.046875
12	-0.046875
12	0
12.25	0
12.25	0
12.5	0
12.5	0
12.75	0
12.75	0
13	0
13	0
13.25	0
13.25	0
13.5	0
13.5	0
13.75	0
13.75	0
14	0
14	0
14.25	0
14.25	0
14.5	0
14.5	0
14.75	0
14.75	0
15	0
15	0
15.25	0
15.25	0
15.5	0
15.5	0
15.75	0
15.75	0
16	0
16	0
16.25	0
16.25	0
16.5	0
16.5	0
16.75	0
16.75	0
17	0
17	0
17.25	0
17.25	0
17.5	0
17.5	0
17.75	0
17.75	0
18	0
18	0
18.25	0
18.25	0
18.5	0
18.5	0
18.75	0
18.75	0
19	0
19	0
19.25	0
19.25	0
19.5	0
19.5	0
19.75	0
19.75	0
20	0
