3	1
20
0	0.4
2	0.4
2	0.4
4	0.4
4	0.4
6	0.4
6	0.4
8	0.4
8	0.366666666666667
10	0.166666666666667
10	0.166666666666667
12	0.366666666666667
12	0.4
14	0.4
14	0.4
16	0.4
16	0.4
18	0.4
18	0.4
20	0.4
0	1.50548
2	1.50548
2	1.50548
4	1.50548
4	1.50548
6	1.50548
6	1.50548
8	1.50548
8	1.38002333333333
10	0.627283333333334
10	0.627283333333334
12	1.38002333333333
12	1.50548
14	1.50548
14	1.50548
16	1.50548
16	1.50548
18	1.50548
18	1.50548
20	1.50548
0	-0.2
2	-0.2
2	-0.2
4	-0.2
4	-0.2
6	-0.2
6	-0.2
8	-0.2
8	-0.166666666666667
10	0.0333333333333333
10	0.0333333333333333
12	-0.166666666666667
12	-0.2
14	-0.2
14	-0.2
16	-0.2
16	-0.2
18	-0.2
18	-0.2
20	-0.2
0	0
2	0
2	0
4	0
4	0
6	0
6	0
8	0
8	0.2
10	0.2
10	-0.2
12	-0.2
12	0
14	0
14	0
16	0
16	0
18	0
18	0
20	0
