3	1
80
0	0.4
0.5	0.4
0.5	0.4
1	0.4
1	0.4
1.5	0.4
1.5	0.4
2	0.4
2	0.4
2.5	0.4
2.5	0.4
3	0.4
3	0.4
3.5	0.4
3.5	0.4
4	0.4
4	0.4
4.5	0.4
4.5	0.4
5	0.4
5	0.4
5.5	0.4
5.5	0.4
6	0.4
6	0.4
6.5	0.4
6.5	0.4
7	0.4
7	0.4
7.5	0.4
7.5	0.4
8	0.4
8	0.397916666666667
8.5	0.310416666666667
8.5	0.310416666666667
9	0.247916666666667
9	0.247916666666667
9.5	0.210416666666667
9.5	0.210416666666667
10	0.197916666666667
10	0.197916666666667
10.5	0.210416666666667
10.5	0.210416666666667
11	0.247916666666667
11	0.247916666666667
11.5	0.310416666666667
11.5	0.310416666666667
12	0.397916666666667
12	0.4
12.5	0.4
12.5	0.4
13	0.4
13	0.4
13.5	0.4
13.5	0.4
14	0.4
14	0.4
14.5	0.4
14.5	0.4
15	0.4
15	0.4
15.5	0.4
15.5	0.4
16	0.4
16	0.4
16.5	0.4
16.5	0.4
17	0.4
17	0.4
17.5	0.4
17.5	0.4
18	0.4
18	0.4
18.5	0.4
18.5	0.4
19	0.4
19	0.4
19.5	0.4
19.5	0.4
20	0.4
0	1.50548
0.5	1.50548
0.5	1.50548
1	1.50548
1	1.50548
1.5	1.50548
1.5	1.50548
2	1.50548
2	1.50548
2.5	1.50548
2.5	1.50548
3	1.50548
3	1.50548
3.5	1.50548
3.5	1.50548
4	1.50548
4	1.50548
4.5	1.50548
4.5	1.50548
5	1.50548
5	1.50548
5.5	1.50548
5.5	1.50548
6	1.50548
6	1.50548
6.5	1.50548
6.5	1.50548
7	1.50548
7	1.50548
7.5	1.50548
7.5	1.50548
8	1.50548
8	1.49763895833333
8.5	1.16831520833333
8.5	1.16831520833333
9	0.933083958333333
9	0.933083958333334
9.5	0.791945208333333
9.5	0.791945208333333
10	0.744898958333333
10	0.744898958333333
10.5	0.791945208333333
10.5	0.791945208333333
11	0.933083958333334
11	0.933083958333333
11.5	1.16831520833333
11.5	1.16831520833333
12	1.49763895833333
12	1.50548
12.5	1.50548
12.5	1.50548
13	1.50548
13	1.50548
13.5	1.50548
13.5	1.50548
14	1.50548
14	1.50548
14.5	1.50548
14.5	1.50548
15	1.50548
15	1.50548
15.5	1.50548
15.5	1.50548
16	1.50548
16	1.50548
16.5	1.50548
16.5	1.50548
17	1.50548
17	1.50548
17.5	1.50548
17.5	1.50548
18	1.50548
18	1.50548
18.5	1.50548
18.5	1.50548
19	1.50548
19	1.50548
19.5	1.50548
19.5	1.50548
20	1.50548
0	-0.2
0.5	-0.2
0.5	-0.2
1	-0.2
1	-0.2
1.5	-0.2
1.5	-0.2
2	-0.2
2	-0.2
2.5	-0.2
2.5	-0.2
3	-0.2
3	-0.2
3.5	-0.2
3.5	-0.2
4	-0.2
4	-0.2
4.5	-0.2
4.5	-0.2
5	-0.2
5	-0.2
5.5	-0.2
5.5	-0.2
6	-0.2
6	-0.2
6.5	-0.2
6.5	-0.2
7	-0.2
7	-0.2
7.5	-0.2
7.5	-0.2
8	-0.2
8	-0.197916666666667
8.5	-0.110416666666667
8.5	-0.110416666666667
9	-0.0479166666666667
9	-0.0479166666666667
9.5	-0.0104166666666667
9.5	-0.0104166666666667
10	0.00208333333333335
10	0.00208333333333335
10.5	-0.0104166666666667
10.5	-0.0104166666666667
11	-0.0479166666666667
11	-0.0479166666666667
11.5	-0.110416666666667
11.5	-0.110416666666667
12	-0.197916666666667
12	-0.2
12.5	-0.2
12.5	-0.2
13	-0.2
13	-0.2
13.5	-0.2
13.5	-0.2
14	-0.2
14	-0.2
14.5	-0.2
14.5	-0.2
15	-0.2
15	-0.2
15.5	-0.2
15.5	-0.2
16	-0.2
16	-0.2
16.5	-0.2
16.5	-0.2
17	-0.2
17	-0.2
17.5	-0.2
17.5	-0.2
18	-0.2
18	-0.2
18.5	-0.2
18.5	-0.2
19	-0.2
19	-0.2
19.5	-0.2
19.5	-0.2
20	-0.2
0	0
0.5	0
0.5	0
1	0
1	0
1.5	0
1.5	0
2	0
2	0
2.5	0
2.5	0
3	0
3	0
3.5	0
3.5	0
4	0
4	0
4.5	0
4.5	0
5	0
5	0
5.5	0
5.5	0
6	0
6	0
6.5	0
6.5	0
7	0
7	0
7.5	0
7.5	0
8	0
8	0.0875
8.5	0.0875
8.5	0.0625
9	0.0625
9	0.0375
9.5	0.0375
9.5	0.0125
10	0.0125
10	-0.0125
10.5	-0.0125
10.5	-0.0375
11	-0.0375
11	-0.0625
11.5	-0.0625
11.5	-0.0875
12	-0.0875
12	0
12.5	0
12.5	0
13	0
13	0
13.5	0
13.5	0
14	0
14	0
14.5	0
14.5	0
15	0
15	0
15.5	0
15.5	0
16	0
16	0
16.5	0
16.5	0
17	0
17	0
17.5	0
17.5	0
18	0
18	0
18.5	0
18.5	0
19	0
19	0
19.5	0
19.5	0
20	0
