3	1
20
0	0.759598897941562
2	1.09730396072248
2	0.93084897493987
4	0.968728584759622
4	0.944453292138799
6	0.955561940529449
6	0.941594478013892
8	0.958428311027998
8	0.912690188511696
10	0.605895289706255
10	0.487713970630503
12	0.362063282102952
12	0.350572084181922
14	0.350572080616667
14	0.350572081057118
16	0.350572074965193
16	0.350572075356111
18	0.350572066696845
18	0.350572066868361
20	0.350572056415528
0	1.60586224923542
2	0.962978002775284
2	1.31739155889577
4	1.25144866571726
4	1.29393483464168
6	1.27490537141369
6	1.26825215835046
8	1.30058803855327
8	1.32413879532012
10	1.24470139759834
10	1.28442009625991
12	1.28442009198361
12	1.28442009292482
14	1.28442008416082
14	1.28442008523433
16	1.28442007035408
16	1.28442007137618
18	1.28442005007619
18	1.28442005073827
20	1.2844200241924
0	-0.2
2	-0.2
2	-0.2
4	-0.2
4	-0.2
6	-0.2
6	-0.2
8	-0.2
8	-0.166666666666667
10	0.0333333333333333
10	0.0333333333333333
12	-0.166666666666667
12	-0.2
14	-0.2
14	-0.2
16	-0.2
16	-0.2
18	-0.2
18	-0.2
20	-0.2
0	0
2	0
2	0
4	0
4	0
6	0
6	0
8	0
8	0.2
10	0.2
10	-0.2
12	-0.2
12	0
14	0
14	0
16	0
16	0
18	0
18	0
20	0
