3	1
40
0	0.4
1	0.4
1	0.4
2	0.4
2	0.4
3	0.4
3	0.4
4	0.4
4	0.4
5	0.4
5	0.4
6	0.4
6	0.4
7	0.4
7	0.38844022435921
8	0.411628237617762
8	0.388792293896299
9	0.498684386959297
9	0.471534133777242
10	0.674413854628039
10	0.594861530094278
11	0.501605484924857
11	0.483155473734677
12	0.404503338254155
12	0.401260805194541
13	0.401260803840288
13	0.401260803856815
14	0.40126080240669
14	0.401260802424376
15	0.401260800871653
15	0.40126080089058
16	0.401260799228064
16	0.401260799248317
17	0.401260797468307
17	0.40126079748998
18	0.401260795584241
18	0.401260795607433
19	0.401260793567152
19	0.40126079359197
20	0.401260791407715
0	1.50548
1	1.50548
1	1.50548
2	1.50548
2	1.50548
3	1.50548
3	1.50548
4	1.50548
4	1.50548
5	1.50548
5	1.50548
6	1.50548
6	1.50548
7	1.50548
7	1.47437207740195
8	1.53658792259804
8	1.50548
9	1.50548
9	1.52975671604032
10	1.48120327221247
10	1.50547998334225
11	1.50547997546318
11	1.50547997520718
12	1.50547997245409
12	1.50547997248104
13	1.5054799701888
13	1.50547997021766
14	1.50547996775807
14	1.50547996778897
15	1.5054799651502
15	1.50547996518328
16	1.50547996235264
16	1.50547996238806
17	1.50547995935199
17	1.50547995938992
18	1.50547995613391
18	1.50547995617451
19	1.50547995268302
19	1.50547995272649
20	1.50547994898292
0	-0.2
1	-0.2
1	-0.2
2	-0.2
2	-0.2
3	-0.2
3	-0.2
4	-0.2
4	-0.2
5	-0.2
5	-0.2
6	-0.2
6	-0.2
7	-0.2
7	-0.2
8	-0.2
8	-0.191666666666667
9	-0.0416666666666667
9	-0.0416666666666667
10	0.00833333333333333
10	0.00833333333333333
11	-0.0416666666666667
11	-0.0416666666666667
12	-0.191666666666667
12	-0.2
13	-0.2
13	-0.2
14	-0.2
14	-0.2
15	-0.2
15	-0.2
16	-0.2
16	-0.2
17	-0.2
17	-0.2
18	-0.2
18	-0.2
19	-0.2
19	-0.2
20	-0.2
0	0
1	0
1	0
2	0
2	0
3	0
3	0
4	0
4	0
5	0
5	0
6	0
6	0
7	0
7	0
8	0
8	0.15
9	0.15
9	0.05
10	0.05
10	-0.05
11	-0.05
11	-0.15
12	-0.15
12	0
13	0
13	0
14	0
14	0
15	0
15	0
16	0
16	0
17	0
17	0
18	0
18	0
19	0
19	0
20	0
