3	1
640
0	0.4
0.0625	0.4
0.0625	0.4
0.125	0.4
0.125	0.4
0.1875	0.4
0.1875	0.4
0.25	0.4
0.25	0.4
0.3125	0.4
0.3125	0.4
0.375	0.4
0.375	0.4
0.4375	0.4
0.4375	0.4
0.5	0.4
0.5	0.4
0.5625	0.4
0.5625	0.4
0.625	0.4
0.625	0.4
0.6875	0.4
0.6875	0.4
0.75	0.4
0.75	0.4
0.8125	0.4
0.8125	0.4
0.875	0.4
0.875	0.4
0.9375	0.4
0.9375	0.4
1	0.399999999999999
1	0.399999999999999
1.0625	0.399999999999999
1.0625	0.399999999999999
1.125	0.399999999999999
1.125	0.399999999999999
1.1875	0.399999999999999
1.1875	0.399999999999999
1.25	0.4
1.25	0.4
1.3125	0.399999999999999
1.3125	0.399999999999999
1.375	0.399999999999997
1.375	0.399999999999997
1.4375	0.399999999999996
1.4375	0.399999999999996
1.5	0.399999999999995
1.5	0.399999999999995
1.5625	0.399999999999993
1.5625	0.399999999999993
1.625	0.399999999999993
1.625	0.399999999999993
1.6875	0.399999999999993
1.6875	0.399999999999992
1.75	0.399999999999993
1.75	0.399999999999993
1.8125	0.399999999999992
1.8125	0.399999999999992
1.875	0.399999999999993
1.875	0.399999999999993
1.9375	0.399999999999992
1.9375	0.399999999999992
2	0.399999999999991
2	0.399999999999991
2.0625	0.399999999999991
2.0625	0.399999999999991
2.125	0.399999999999989
2.125	0.399999999999989
2.1875	0.399999999999989
2.1875	0.39999999999999
2.25	0.399999999999989
2.25	0.399999999999989
2.3125	0.399999999999988
2.3125	0.399999999999988
2.375	0.399999999999988
2.375	0.399999999999988
2.4375	0.399999999999987
2.4375	0.399999999999987
2.5	0.399999999999986
2.5	0.399999999999986
2.5625	0.399999999999986
2.5625	0.399999999999986
2.625	0.399999999999986
2.625	0.399999999999986
2.6875	0.399999999999986
2.6875	0.399999999999986
2.75	0.399999999999987
2.75	0.399999999999986
2.8125	0.399999999999988
2.8125	0.399999999999988
2.875	0.399999999999985
2.875	0.399999999999985
2.9375	0.399999999999982
2.9375	0.399999999999983
3	0.399999999999981
3	0.399999999999982
3.0625	0.399999999999981
3.0625	0.399999999999981
3.125	0.399999999999981
3.125	0.399999999999981
3.1875	0.39999999999998
3.1875	0.39999999999998
3.25	0.399999999999979
3.25	0.399999999999979
3.3125	0.399999999999979
3.3125	0.399999999999979
3.375	0.399999999999978
3.375	0.399999999999978
3.4375	0.399999999999976
3.4375	0.399999999999976
3.5	0.399999999999977
3.5	0.399999999999977
3.5625	0.399999999999977
3.5625	0.399999999999977
3.625	0.399999999999976
3.625	0.399999999999977
3.6875	0.399999999999975
3.6875	0.399999999999976
3.75	0.399999999999975
3.75	0.399999999999975
3.8125	0.399999999999972
3.8125	0.399999999999972
3.875	0.399999999999971
3.875	0.399999999999971
3.9375	0.399999999999972
3.9375	0.399999999999973
4	0.399999999999972
4	0.399999999999972
4.0625	0.399999999999971
4.0625	0.399999999999971
4.125	0.399999999999972
4.125	0.399999999999972
4.1875	0.399999999999973
4.1875	0.399999999999973
4.25	0.399999999999972
4.25	0.399999999999973
4.3125	0.399999999999973
4.3125	0.399999999999973
4.375	0.399999999999971
4.375	0.39999999999997
4.4375	0.399999999999971
4.4375	0.399999999999971
4.5	0.399999999999971
4.5	0.399999999999971
4.5625	0.399999999999969
4.5625	0.399999999999969
4.625	0.399999999999968
4.625	0.399999999999968
4.6875	0.399999999999967
4.6875	0.399999999999967
4.75	0.399999999999965
4.75	0.399999999999966
4.8125	0.399999999999965
4.8125	0.399999999999965
4.875	0.399999999999964
4.875	0.399999999999965
4.9375	0.399999999999965
4.9375	0.399999999999965
5	0.399999999999964
5	0.399999999999965
5.0625	0.399999999999965
5.0625	0.399999999999965
5.125	0.399999999999965
5.125	0.399999999999965
5.1875	0.399999999999965
5.1875	0.399999999999965
5.25	0.399999999999962
5.25	0.399999999999962
5.3125	0.399999999999962
5.3125	0.399999999999962
5.375	0.39999999999996
5.375	0.399999999999959
5.4375	0.39999999999996
5.4375	0.39999999999996
5.5	0.39999999999996
5.5	0.39999999999996
5.5625	0.399999999999959
5.5625	0.39999999999996
5.625	0.399999999999959
5.625	0.399999999999959
5.6875	0.399999999999959
5.6875	0.39999999999996
5.75	0.399999999999959
5.75	0.399999999999959
5.8125	0.399999999999957
5.8125	0.399999999999956
5.875	0.399999999999956
5.875	0.399999999999956
5.9375	0.399999999999954
5.9375	0.399999999999954
6	0.399999999999954
6	0.399999999999954
6.0625	0.399999999999954
6.0625	0.399999999999954
6.125	0.399999999999951
6.125	0.399999999999952
6.1875	0.399999999999951
6.1875	0.399999999999951
6.25	0.399999999999949
6.25	0.399999999999949
6.3125	0.399999999999945
6.3125	0.399999999999945
6.375	0.399999999999946
6.375	0.399999999999946
6.4375	0.399999999999945
6.4375	0.399999999999945
6.5	0.399999999999944
6.5	0.399999999999944
6.5625	0.399999999999942
6.5625	0.399999999999943
6.625	0.399999999999943
6.625	0.399999999999942
6.6875	0.399999999999943
6.6875	0.399999999999944
6.75	0.399999999999943
6.75	0.399999999999943
6.8125	0.39999999999994
6.8125	0.39999999999994
6.875	0.399999999999939
6.875	0.399999999999939
6.9375	0.399999999999939
6.9375	0.399999999999939
7	0.399999999999939
7	0.399999999999939
7.0625	0.39999999999994
7.0625	0.39999999999994
7.125	0.39999999999994
7.125	0.39999999999994
7.1875	0.399999999999941
7.1875	0.399999999999941
7.25	0.399999999999942
7.25	0.399999999999942
7.3125	0.399999999999939
7.3125	0.399999999999939
7.375	0.399999999999938
7.375	0.399999999999938
7.4375	0.399999999999938
7.4375	0.399999999999938
7.5	0.399999999999938
7.5	0.399999999999938
7.5625	0.399999999999938
7.5625	0.399999999999939
7.625	0.399999999999939
7.625	0.399999999999939
7.6875	0.399999999999937
7.6875	0.399999999999937
7.75	0.399999999999936
7.75	0.399999999999935
7.8125	0.399999999999934
7.8125	0.399999999999935
7.875	0.399999999999935
7.875	0.399999999999935
7.9375	0.399999999999933
7.9375	0.399954975104679
8	0.400045025901198
8	0.399972204907878
8.0625	0.404846919339707
8.0625	0.40480503655689
8.125	0.40977146520915
8.125	0.409727868214655
8.1875	0.414787895463265
8.1875	0.414742474410345
8.25	0.419898000517485
8.25	0.419850634795634
8.3125	0.425103571266682
8.3125	0.425054128034772
8.375	0.430406391751183
8.375	0.430354724217158
8.4375	0.435808230002052
8.4375	0.435754175397009
8.5	0.441310826555523
8.5	0.441254203737841
8.5625	0.446915879954994
8.5625	0.446856486565055
8.625	0.45262502831958
8.625	0.452562637386895
8.6875	0.45843982572023
8.6875	0.458374181601841
8.75	0.464361711620433
8.75	0.464292525121944
8.8125	0.470391970935543
8.8125	0.470318913434208
8.875	0.476531681227504
8.875	0.476454377582604
8.9375	0.482781641995594
8.9375	0.482699662000331
9	0.489142278645138
9	0.489055126760687
9.0625	0.495613510008221
9.0625	0.495520613156235
9.125	0.502194562382285
9.125	0.502095255727997
9.1875	0.508883703414018
9.1875	0.508777214503926
9.25	0.515677853018553
9.25	0.515563285689638
9.3125	0.522572000732667
9.3125	0.522448322657178
9.375	0.529558309545966
9.375	0.529424352883215
9.4375	0.536624695654806
9.4375	0.536479193166738
9.5	0.543752501345976
9.5	0.543594210268024
9.5625	0.550912538950102
9.5625	0.550740575163099
9.625	0.55805809361645
9.625	0.557872762492193
9.6875	0.565112040755603
9.6875	0.564916808846231
9.75	0.571942320464561
9.75	0.57174814758264
9.8125	0.578314926377621
9.8125	0.578147660184748
9.875	0.583810825626842
9.875	0.583712430519635
9.9375	0.587730203814448
9.9375	0.587715007449166
10	0.589190089942595
10	0.589174596461392
10.0625	0.587730204171674
10.0625	0.587627086274352
10.125	0.583810840599759
10.125	0.583633904857586
10.1875	0.578314980569851
10.1875	0.578109794802641
10.25	0.571942421094452
10.25	0.571737065623189
10.3125	0.565112180984331
10.3125	0.564918254892875
10.375	0.558058262846024
10.375	0.557879192249956
10.4375	0.550912727583348
10.4375	0.550748587364095
10.5	0.543752701932614
10.5	0.543602364080252
10.5625	0.536624902750738
10.5625	0.536486916658183
10.625	0.529558519277873
10.625	0.529431452461404
10.6875	0.522572210382013
10.6875	0.522454766694585
10.75	0.515678060695782
10.75	0.515569108699451
10.8125	0.508883907820152
10.8125	0.508782474554233
10.875	0.502194762638897
10.875	0.502100015725458
10.9375	0.495613705537086
10.9375	0.495524932976383
11	0.48914246908303
11	0.489059060329115
11.0625	0.482781827133676
11.0625	0.482703256605745
11.125	0.476531860967949
11.125	0.476457674152508
11.1875	0.470392145260275
11.1875	0.47032194717971
11.25	0.46436188056846
11.25	0.464295326278173
11.3125	0.458439989371097
11.3125	0.458376776143409
11.375	0.452625186781239
11.375	0.452565047670911
11.4375	0.446916033354857
11.4375	0.446858731888421
11.5	0.441310975033843
11.5	0.441256300810956
11.5625	0.435808373707054
11.5625	0.435756138742298
11.625	0.430406530835422
11.625	0.430356566502528
11.6875	0.425103705884364
11.6875	0.425055860352089
11.75	0.419898130822517
11.75	0.41985226689329
11.8125	0.4147880216078
11.8125	0.414744014887648
11.875	0.409771587342546
11.875	0.409729324684709
11.9375	0.404847037607795
11.9375	0.404806415783403
12	0.400012588362444
12	0.400000115933592
12.0625	0.400000115933591
12.0625	0.400000115933591
12.125	0.400000115933592
12.125	0.400000115933592
12.1875	0.400000115933591
12.1875	0.400000115933591
12.25	0.400000115933592
12.25	0.400000115933593
12.3125	0.400000115933592
12.3125	0.400000115933591
12.375	0.40000011593359
12.375	0.40000011593359
12.4375	0.400000115933591
12.4375	0.400000115933591
12.5	0.400000115933591
12.5	0.400000115933591
12.5625	0.400000115933589
12.5625	0.400000115933588
12.625	0.400000115933588
12.625	0.400000115933588
12.6875	0.400000115933587
12.6875	0.400000115933587
12.75	0.400000115933585
12.75	0.400000115933585
12.8125	0.400000115933584
12.8125	0.400000115933584
12.875	0.400000115933584
12.875	0.400000115933584
12.9375	0.400000115933584
12.9375	0.400000115933584
13	0.400000115933584
13	0.400000115933583
13.0625	0.400000115933584
13.0625	0.400000115933584
13.125	0.400000115933583
13.125	0.400000115933584
13.1875	0.400000115933583
13.1875	0.400000115933583
13.25	0.400000115933581
13.25	0.400000115933581
13.3125	0.400000115933582
13.3125	0.400000115933582
13.375	0.400000115933581
13.375	0.40000011593358
13.4375	0.40000011593358
13.4375	0.40000011593358
13.5	0.400000115933579
13.5	0.400000115933579
13.5625	0.400000115933577
13.5625	0.400000115933577
13.625	0.400000115933576
13.625	0.400000115933576
13.6875	0.400000115933575
13.6875	0.400000115933575
13.75	0.400000115933575
13.75	0.400000115933575
13.8125	0.400000115933575
13.8125	0.400000115933575
13.875	0.400000115933575
13.875	0.400000115933575
13.9375	0.400000115933575
13.9375	0.400000115933575
14	0.400000115933575
14	0.400000115933575
14.0625	0.400000115933575
14.0625	0.400000115933576
14.125	0.400000115933576
14.125	0.400000115933576
14.1875	0.400000115933576
14.1875	0.400000115933576
14.25	0.400000115933576
14.25	0.400000115933576
14.3125	0.400000115933576
14.3125	0.400000115933576
14.375	0.400000115933576
14.375	0.400000115933576
14.4375	0.400000115933576
14.4375	0.400000115933576
14.5	0.400000115933575
14.5	0.400000115933575
14.5625	0.400000115933576
14.5625	0.400000115933576
14.625	0.400000115933578
14.625	0.400000115933578
14.6875	0.400000115933575
14.6875	0.400000115933575
14.75	0.400000115933573
14.75	0.400000115933573
14.8125	0.400000115933572
14.8125	0.400000115933572
14.875	0.400000115933572
14.875	0.400000115933573
14.9375	0.400000115933573
14.9375	0.400000115933573
15	0.400000115933571
15	0.400000115933571
15.0625	0.400000115933569
15.0625	0.40000011593357
15.125	0.400000115933568
15.125	0.400000115933568
15.1875	0.400000115933567
15.1875	0.400000115933567
15.25	0.400000115933567
15.25	0.400000115933567
15.3125	0.400000115933565
15.3125	0.400000115933565
15.375	0.400000115933564
15.375	0.400000115933565
15.4375	0.400000115933563
15.4375	0.400000115933563
15.5	0.400000115933563
15.5	0.400000115933563
15.5625	0.400000115933561
15.5625	0.400000115933561
15.625	0.400000115933559
15.625	0.400000115933559
15.6875	0.400000115933557
15.6875	0.400000115933557
15.75	0.400000115933558
15.75	0.400000115933557
15.8125	0.400000115933559
15.8125	0.400000115933559
15.875	0.400000115933559
15.875	0.400000115933559
15.9375	0.400000115933557
15.9375	0.400000115933558
16	0.400000115933556
16	0.400000115933555
16.0625	0.400000115933554
16.0625	0.400000115933554
16.125	0.400000115933554
16.125	0.400000115933554
16.1875	0.400000115933553
16.1875	0.400000115933553
16.25	0.400000115933553
16.25	0.400000115933553
16.3125	0.40000011593355
16.3125	0.400000115933551
16.375	0.40000011593355
16.375	0.40000011593355
16.4375	0.400000115933548
16.4375	0.400000115933548
16.5	0.400000115933545
16.5	0.400000115933544
16.5625	0.400000115933544
16.5625	0.400000115933544
16.625	0.400000115933545
16.625	0.400000115933545
16.6875	0.400000115933544
16.6875	0.400000115933544
16.75	0.400000115933543
16.75	0.400000115933542
16.8125	0.400000115933542
16.8125	0.400000115933542
16.875	0.400000115933543
16.875	0.400000115933542
16.9375	0.400000115933542
16.9375	0.400000115933542
17	0.400000115933544
17	0.400000115933544
17.0625	0.400000115933544
17.0625	0.400000115933544
17.125	0.400000115933542
17.125	0.400000115933541
17.1875	0.400000115933543
17.1875	0.400000115933543
17.25	0.400000115933541
17.25	0.400000115933541
17.3125	0.400000115933541
17.3125	0.400000115933542
17.375	0.400000115933539
17.375	0.400000115933538
17.4375	0.400000115933539
17.4375	0.400000115933539
17.5	0.400000115933539
17.5	0.400000115933539
17.5625	0.400000115933539
17.5625	0.400000115933539
17.625	0.400000115933538
17.625	0.400000115933538
17.6875	0.400000115933537
17.6875	0.400000115933537
17.75	0.400000115933537
17.75	0.400000115933537
17.8125	0.400000115933538
17.8125	0.400000115933538
17.875	0.400000115933537
17.875	0.400000115933537
17.9375	0.400000115933537
17.9375	0.400000115933537
18	0.400000115933535
18	0.400000115933535
18.0625	0.400000115933535
18.0625	0.400000115933535
18.125	0.400000115933535
18.125	0.400000115933535
18.1875	0.400000115933535
18.1875	0.400000115933535
18.25	0.400000115933536
18.25	0.400000115933535
18.3125	0.400000115933533
18.3125	0.400000115933534
18.375	0.400000115933534
18.375	0.400000115933534
18.4375	0.400000115933532
18.4375	0.400000115933532
18.5	0.400000115933532
18.5	0.400000115933532
18.5625	0.400000115933531
18.5625	0.400000115933531
18.625	0.40000011593353
18.625	0.40000011593353
18.6875	0.40000011593353
18.6875	0.40000011593353
18.75	0.40000011593353
18.75	0.40000011593353
18.8125	0.40000011593353
18.8125	0.40000011593353
18.875	0.400000115933528
18.875	0.400000115933528
18.9375	0.400000115933526
18.9375	0.400000115933527
19	0.400000115933527
19	0.400000115933527
19.0625	0.400000115933526
19.0625	0.400000115933525
19.125	0.400000115933525
19.125	0.400000115933525
19.1875	0.400000115933525
19.1875	0.400000115933525
19.25	0.400000115933526
19.25	0.400000115933526
19.3125	0.400000115933526
19.3125	0.400000115933527
19.375	0.400000115933526
19.375	0.400000115933526
19.4375	0.400000115933524
19.4375	0.400000115933524
19.5	0.40000011593352
19.5	0.40000011593352
19.5625	0.400000115933522
19.5625	0.400000115933522
19.625	0.400000115933523
19.625	0.400000115933522
19.6875	0.400000115933522
19.6875	0.400000115933522
19.75	0.40000011593352
19.75	0.40000011593352
19.8125	0.40000011593352
19.8125	0.40000011593352
19.875	0.40000011593352
19.875	0.40000011593352
19.9375	0.40000011593352
19.9375	0.40000011593352
20	0.400000115933519
0	1.50548
0.0625	1.50548
0.0625	1.50548
0.125	1.50548
0.125	1.50548
0.1875	1.50548
0.1875	1.50548
0.25	1.50548
0.25	1.50548
0.3125	1.50548
0.3125	1.50548
0.375	1.50548
0.375	1.50548
0.4375	1.50548
0.4375	1.50548
0.5	1.50548
0.5	1.50548
0.5625	1.50548
0.5625	1.50548
0.625	1.50548
0.625	1.50548
0.6875	1.50548
0.6875	1.50548
0.75	1.50548
0.75	1.50548
0.8125	1.50548
0.8125	1.50548
0.875	1.50548
0.875	1.50548
0.9375	1.50548
0.9375	1.50548
1	1.50547999999999
1	1.50547999999999
1.0625	1.50547999999999
1.0625	1.50547999999999
1.125	1.50547999999999
1.125	1.50547999999999
1.1875	1.50547999999999
1.1875	1.50547999999999
1.25	1.50547999999999
1.25	1.50547999999999
1.3125	1.50547999999999
1.3125	1.50547999999999
1.375	1.50547999999999
1.375	1.50547999999999
1.4375	1.50547999999998
1.4375	1.50547999999998
1.5	1.50547999999998
1.5	1.50547999999998
1.5625	1.50547999999998
1.5625	1.50547999999998
1.625	1.50547999999998
1.625	1.50547999999998
1.6875	1.50547999999998
1.6875	1.50547999999998
1.75	1.50547999999998
1.75	1.50547999999998
1.8125	1.50547999999997
1.8125	1.50547999999997
1.875	1.50547999999997
1.875	1.50547999999997
1.9375	1.50547999999997
1.9375	1.50547999999997
2	1.50547999999997
2	1.50547999999997
2.0625	1.50547999999997
2.0625	1.50547999999997
2.125	1.50547999999997
2.125	1.50547999999997
2.1875	1.50547999999997
2.1875	1.50547999999997
2.25	1.50547999999996
2.25	1.50547999999997
2.3125	1.50547999999996
2.3125	1.50547999999996
2.375	1.50547999999996
2.375	1.50547999999996
2.4375	1.50547999999996
2.4375	1.50547999999996
2.5	1.50547999999996
2.5	1.50547999999996
2.5625	1.50547999999996
2.5625	1.50547999999996
2.625	1.50547999999996
2.625	1.50547999999996
2.6875	1.50547999999996
2.6875	1.50547999999996
2.75	1.50547999999996
2.75	1.50547999999996
2.8125	1.50547999999996
2.8125	1.50547999999996
2.875	1.50547999999996
2.875	1.50547999999995
2.9375	1.50547999999995
2.9375	1.50547999999995
3	1.50547999999995
3	1.50547999999995
3.0625	1.50547999999995
3.0625	1.50547999999995
3.125	1.50547999999995
3.125	1.50547999999995
3.1875	1.50547999999994
3.1875	1.50547999999994
3.25	1.50547999999994
3.25	1.50547999999994
3.3125	1.50547999999994
3.3125	1.50547999999994
3.375	1.50547999999994
3.375	1.50547999999994
3.4375	1.50547999999994
3.4375	1.50547999999994
3.5	1.50547999999994
3.5	1.50547999999994
3.5625	1.50547999999994
3.5625	1.50547999999994
3.625	1.50547999999994
3.625	1.50547999999994
3.6875	1.50547999999993
3.6875	1.50547999999993
3.75	1.50547999999993
3.75	1.50547999999993
3.8125	1.50547999999993
3.8125	1.50547999999992
3.875	1.50547999999992
3.875	1.50547999999992
3.9375	1.50547999999993
3.9375	1.50547999999993
4	1.50547999999993
4	1.50547999999993
4.0625	1.50547999999992
4.0625	1.50547999999992
4.125	1.50547999999993
4.125	1.50547999999993
4.1875	1.50547999999993
4.1875	1.50547999999993
4.25	1.50547999999993
4.25	1.50547999999993
4.3125	1.50547999999993
4.3125	1.50547999999993
4.375	1.50547999999992
4.375	1.50547999999992
4.4375	1.50547999999992
4.4375	1.50547999999992
4.5	1.50547999999992
4.5	1.50547999999992
4.5625	1.50547999999992
4.5625	1.50547999999992
4.625	1.50547999999992
4.625	1.50547999999992
4.6875	1.50547999999991
4.6875	1.50547999999991
4.75	1.50547999999991
4.75	1.50547999999991
4.8125	1.50547999999991
4.8125	1.50547999999991
4.875	1.5054799999999
4.875	1.5054799999999
4.9375	1.5054799999999
4.9375	1.5054799999999
5	1.5054799999999
5	1.5054799999999
5.0625	1.5054799999999
5.0625	1.5054799999999
5.125	1.5054799999999
5.125	1.5054799999999
5.1875	1.5054799999999
5.1875	1.5054799999999
5.25	1.5054799999999
5.25	1.5054799999999
5.3125	1.5054799999999
5.3125	1.5054799999999
5.375	1.50547999999989
5.375	1.50547999999989
5.4375	1.50547999999989
5.4375	1.50547999999989
5.5	1.50547999999989
5.5	1.50547999999989
5.5625	1.50547999999989
5.5625	1.50547999999989
5.625	1.50547999999989
5.625	1.50547999999989
5.6875	1.50547999999989
5.6875	1.50547999999989
5.75	1.50547999999989
5.75	1.50547999999989
5.8125	1.50547999999989
5.8125	1.50547999999989
5.875	1.50547999999988
5.875	1.50547999999988
5.9375	1.50547999999988
5.9375	1.50547999999988
6	1.50547999999988
6	1.50547999999988
6.0625	1.50547999999988
6.0625	1.50547999999988
6.125	1.50547999999988
6.125	1.50547999999988
6.1875	1.50547999999988
6.1875	1.50547999999988
6.25	1.50547999999987
6.25	1.50547999999987
6.3125	1.50547999999986
6.3125	1.50547999999986
6.375	1.50547999999986
6.375	1.50547999999986
6.4375	1.50547999999986
6.4375	1.50547999999986
6.5	1.50547999999986
6.5	1.50547999999986
6.5625	1.50547999999985
6.5625	1.50547999999986
6.625	1.50547999999986
6.625	1.50547999999985
6.6875	1.50547999999986
6.6875	1.50547999999986
6.75	1.50547999999985
6.75	1.50547999999986
6.8125	1.50547999999985
6.8125	1.50547999999985
6.875	1.50547999999985
6.875	1.50547999999985
6.9375	1.50547999999984
6.9375	1.50547999999984
7	1.50547999999985
7	1.50547999999985
7.0625	1.50547999999985
7.0625	1.50547999999985
7.125	1.50547999999985
7.125	1.50547999999985
7.1875	1.50547999999985
7.1875	1.50547999999985
7.25	1.50547999999985
7.25	1.50547999999985
7.3125	1.50547999999985
7.3125	1.50547999999985
7.375	1.50547999999985
7.375	1.50547999999985
7.4375	1.50547999999985
7.4375	1.50547999999985
7.5	1.50547999999984
7.5	1.50547999999984
7.5625	1.50547999999984
7.5625	1.50547999999984
7.625	1.50547999999984
7.625	1.50547999999984
7.6875	1.50547999999984
7.6875	1.50547999999984
7.75	1.50547999999984
7.75	1.50547999999984
7.8125	1.50547999999983
7.8125	1.50547999999983
7.875	1.50547999999984
7.875	1.50547999999984
7.9375	1.50547999999983
7.9375	1.50535748754429
8	1.50560251245538
8	1.50547999999983
8.0625	1.50547999999983
8.0625	1.50547999999983
8.125	1.50547999999983
8.125	1.50547999999983
8.1875	1.50547999999983
8.1875	1.50547999999983
8.25	1.50547999999983
8.25	1.50547999999983
8.3125	1.50547999999983
8.3125	1.50547999999983
8.375	1.50547999999982
8.375	1.50547999999982
8.4375	1.50547999999982
8.4375	1.50547999999982
8.5	1.50547999999982
8.5	1.50547999999982
8.5625	1.50547999999982
8.5625	1.50547999999982
8.625	1.50547999999981
8.625	1.50547999999981
8.6875	1.50547999999981
8.6875	1.50547999999981
8.75	1.50547999999981
8.75	1.50547999999981
8.8125	1.50547999999981
8.8125	1.50547999999981
8.875	1.5054799999998
8.875	1.5054799999998
8.9375	1.5054799999998
8.9375	1.5054799999998
9	1.5054799999998
9	1.5054799999998
9.0625	1.5054799999998
9.0625	1.5054799999998
9.125	1.5054799999998
9.125	1.5054799999998
9.1875	1.5054799999998
9.1875	1.5054799999998
9.25	1.5054799999998
9.25	1.5054799999998
9.3125	1.5054799999998
9.3125	1.5054799999998
9.375	1.5054799999998
9.375	1.5054799999998
9.4375	1.5054799999998
9.4375	1.5054799999998
9.5	1.50547999999979
9.5	1.50547999999979
9.5625	1.50547999999979
9.5625	1.50547999999979
9.625	1.50547999999979
9.625	1.50547999999979
9.6875	1.50547999999978
9.6875	1.50547999999978
9.75	1.50547999999979
9.75	1.50547999999979
9.8125	1.50547999999979
9.8125	1.50547999999979
9.875	1.50547999999979
9.875	1.50547999999979
9.9375	1.50547999999979
9.9375	1.50547999999979
10	1.50547999999978
10	1.50547999999978
10.0625	1.50547999999977
10.0625	1.50547999999977
10.125	1.50547999999977
10.125	1.50547999999977
10.1875	1.50547999999977
10.1875	1.50547999999977
10.25	1.50547999999976
10.25	1.50547999999976
10.3125	1.50547999999977
10.3125	1.50547999999977
10.375	1.50547999999977
10.375	1.50547999999977
10.4375	1.50547999999977
10.4375	1.50547999999977
10.5	1.50547999999977
10.5	1.50547999999977
10.5625	1.50547999999976
10.5625	1.50547999999976
10.625	1.50547999999976
10.625	1.50547999999976
10.6875	1.50547999999976
10.6875	1.50547999999976
10.75	1.50547999999976
10.75	1.50547999999976
10.8125	1.50547999999976
10.8125	1.50547999999976
10.875	1.50547999999976
10.875	1.50547999999976
10.9375	1.50547999999976
10.9375	1.50547999999976
11	1.50547999999976
11	1.50547999999976
11.0625	1.50547999999976
11.0625	1.50547999999976
11.125	1.50547999999976
11.125	1.50547999999976
11.1875	1.50547999999976
11.1875	1.50547999999976
11.25	1.50547999999975
11.25	1.50547999999975
11.3125	1.50547999999975
11.3125	1.50547999999975
11.375	1.50547999999975
11.375	1.50547999999975
11.4375	1.50547999999975
11.4375	1.50547999999975
11.5	1.50547999999974
11.5	1.50547999999974
11.5625	1.50547999999974
11.5625	1.50547999999974
11.625	1.50547999999974
11.625	1.50547999999974
11.6875	1.50547999999973
11.6875	1.50547999999973
11.75	1.50547999999973
11.75	1.50547999999973
11.8125	1.50547999999973
11.8125	1.50547999999974
11.875	1.50547999999973
11.875	1.50547999999973
11.9375	1.50547999999972
11.9375	1.50547999999972
12	1.50547999999972
12	1.50547999999972
12.0625	1.50547999999972
12.0625	1.50547999999972
12.125	1.50547999999972
12.125	1.50547999999972
12.1875	1.50547999999972
12.1875	1.50547999999972
12.25	1.50547999999972
12.25	1.50547999999972
12.3125	1.50547999999972
12.3125	1.50547999999971
12.375	1.50547999999971
12.375	1.50547999999971
12.4375	1.50547999999971
12.4375	1.50547999999971
12.5	1.50547999999971
12.5	1.50547999999971
12.5625	1.50547999999971
12.5625	1.50547999999971
12.625	1.5054799999997
12.625	1.50547999999971
12.6875	1.5054799999997
12.6875	1.5054799999997
12.75	1.5054799999997
12.75	1.5054799999997
12.8125	1.5054799999997
12.8125	1.5054799999997
12.875	1.5054799999997
12.875	1.5054799999997
12.9375	1.5054799999997
12.9375	1.5054799999997
13	1.50547999999969
13	1.5054799999997
13.0625	1.5054799999997
13.0625	1.50547999999969
13.125	1.50547999999969
13.125	1.50547999999969
13.1875	1.50547999999969
13.1875	1.50547999999969
13.25	1.50547999999969
13.25	1.50547999999969
13.3125	1.50547999999969
13.3125	1.50547999999969
13.375	1.50547999999969
13.375	1.50547999999969
13.4375	1.50547999999968
13.4375	1.50547999999968
13.5	1.50547999999968
13.5	1.50547999999968
13.5625	1.50547999999968
13.5625	1.50547999999968
13.625	1.50547999999967
13.625	1.50547999999967
13.6875	1.50547999999967
13.6875	1.50547999999967
13.75	1.50547999999967
13.75	1.50547999999967
13.8125	1.50547999999967
13.8125	1.50547999999967
13.875	1.50547999999967
13.875	1.50547999999967
13.9375	1.50547999999967
13.9375	1.50547999999967
14	1.50547999999967
14	1.50547999999967
14.0625	1.50547999999967
14.0625	1.50547999999967
14.125	1.50547999999967
14.125	1.50547999999967
14.1875	1.50547999999967
14.1875	1.50547999999967
14.25	1.50547999999967
14.25	1.50547999999967
14.3125	1.50547999999967
14.3125	1.50547999999967
14.375	1.50547999999967
14.375	1.50547999999967
14.4375	1.50547999999967
14.4375	1.50547999999967
14.5	1.50547999999967
14.5	1.50547999999966
14.5625	1.50547999999967
14.5625	1.50547999999967
14.625	1.50547999999967
14.625	1.50547999999967
14.6875	1.50547999999967
14.6875	1.50547999999966
14.75	1.50547999999966
14.75	1.50547999999966
14.8125	1.50547999999966
14.8125	1.50547999999966
14.875	1.50547999999966
14.875	1.50547999999966
14.9375	1.50547999999966
14.9375	1.50547999999966
15	1.50547999999966
15	1.50547999999965
15.0625	1.50547999999965
15.0625	1.50547999999965
15.125	1.50547999999965
15.125	1.50547999999965
15.1875	1.50547999999965
15.1875	1.50547999999965
15.25	1.50547999999965
15.25	1.50547999999965
15.3125	1.50547999999964
15.3125	1.50547999999964
15.375	1.50547999999964
15.375	1.50547999999964
15.4375	1.50547999999964
15.4375	1.50547999999964
15.5	1.50547999999964
15.5	1.50547999999964
15.5625	1.50547999999963
15.5625	1.50547999999964
15.625	1.50547999999963
15.625	1.50547999999963
15.6875	1.50547999999963
15.6875	1.50547999999963
15.75	1.50547999999963
15.75	1.50547999999963
15.8125	1.50547999999963
15.8125	1.50547999999964
15.875	1.50547999999964
15.875	1.50547999999964
15.9375	1.50547999999963
15.9375	1.50547999999963
16	1.50547999999963
16	1.50547999999963
16.0625	1.50547999999963
16.0625	1.50547999999963
16.125	1.50547999999963
16.125	1.50547999999963
16.1875	1.50547999999962
16.1875	1.50547999999962
16.25	1.50547999999962
16.25	1.50547999999962
16.3125	1.50547999999962
16.3125	1.50547999999962
16.375	1.50547999999962
16.375	1.50547999999962
16.4375	1.50547999999961
16.4375	1.50547999999961
16.5	1.50547999999961
16.5	1.5054799999996
16.5625	1.5054799999996
16.5625	1.5054799999996
16.625	1.50547999999961
16.625	1.50547999999961
16.6875	1.50547999999961
16.6875	1.50547999999961
16.75	1.5054799999996
16.75	1.5054799999996
16.8125	1.50547999999961
16.8125	1.50547999999961
16.875	1.50547999999961
16.875	1.50547999999961
16.9375	1.50547999999961
16.9375	1.50547999999961
17	1.50547999999961
17	1.50547999999961
17.0625	1.50547999999961
17.0625	1.50547999999961
17.125	1.5054799999996
17.125	1.5054799999996
17.1875	1.5054799999996
17.1875	1.5054799999996
17.25	1.5054799999996
17.25	1.5054799999996
17.3125	1.5054799999996
17.3125	1.5054799999996
17.375	1.50547999999959
17.375	1.50547999999959
17.4375	1.50547999999959
17.4375	1.50547999999959
17.5	1.50547999999959
17.5	1.50547999999959
17.5625	1.50547999999959
17.5625	1.50547999999959
17.625	1.50547999999959
17.625	1.50547999999959
17.6875	1.50547999999958
17.6875	1.50547999999959
17.75	1.50547999999958
17.75	1.50547999999958
17.8125	1.50547999999958
17.8125	1.50547999999958
17.875	1.50547999999958
17.875	1.50547999999958
17.9375	1.50547999999958
17.9375	1.50547999999958
18	1.50547999999958
18	1.50547999999958
18.0625	1.50547999999958
18.0625	1.50547999999958
18.125	1.50547999999958
18.125	1.50547999999958
18.1875	1.50547999999958
18.1875	1.50547999999958
18.25	1.50547999999958
18.25	1.50547999999958
18.3125	1.50547999999958
18.3125	1.50547999999958
18.375	1.50547999999958
18.375	1.50547999999958
18.4375	1.50547999999957
18.4375	1.50547999999957
18.5	1.50547999999957
18.5	1.50547999999957
18.5625	1.50547999999957
18.5625	1.50547999999957
18.625	1.50547999999957
18.625	1.50547999999957
18.6875	1.50547999999957
18.6875	1.50547999999957
18.75	1.50547999999957
18.75	1.50547999999957
18.8125	1.50547999999957
18.8125	1.50547999999957
18.875	1.50547999999956
18.875	1.50547999999956
18.9375	1.50547999999956
18.9375	1.50547999999956
19	1.50547999999956
19	1.50547999999956
19.0625	1.50547999999956
19.0625	1.50547999999956
19.125	1.50547999999956
19.125	1.50547999999956
19.1875	1.50547999999956
19.1875	1.50547999999956
19.25	1.50547999999956
19.25	1.50547999999956
19.3125	1.50547999999956
19.3125	1.50547999999956
19.375	1.50547999999955
19.375	1.50547999999955
19.4375	1.50547999999955
19.4375	1.50547999999955
19.5	1.50547999999955
19.5	1.50547999999955
19.5625	1.50547999999955
19.5625	1.50547999999955
19.625	1.50547999999955
19.625	1.50547999999955
19.6875	1.50547999999955
19.6875	1.50547999999955
19.75	1.50547999999954
19.75	1.50547999999954
19.8125	1.50547999999954
19.8125	1.50547999999954
19.875	1.50547999999954
19.875	1.50547999999954
19.9375	1.50547999999954
19.9375	1.50547999999954
20	1.50547999999954
0	-0.2
0.0625	-0.2
0.0625	-0.2
0.125	-0.2
0.125	-0.2
0.1875	-0.2
0.1875	-0.2
0.25	-0.2
0.25	-0.2
0.3125	-0.2
0.3125	-0.2
0.375	-0.2
0.375	-0.2
0.4375	-0.2
0.4375	-0.2
0.5	-0.2
0.5	-0.2
0.5625	-0.2
0.5625	-0.2
0.625	-0.2
0.625	-0.2
0.6875	-0.2
0.6875	-0.2
0.75	-0.2
0.75	-0.2
0.8125	-0.2
0.8125	-0.2
0.875	-0.2
0.875	-0.2
0.9375	-0.2
0.9375	-0.2
1	-0.2
1	-0.2
1.0625	-0.2
1.0625	-0.2
1.125	-0.2
1.125	-0.2
1.1875	-0.2
1.1875	-0.2
1.25	-0.2
1.25	-0.2
1.3125	-0.2
1.3125	-0.2
1.375	-0.2
1.375	-0.2
1.4375	-0.2
1.4375	-0.2
1.5	-0.2
1.5	-0.2
1.5625	-0.2
1.5625	-0.2
1.625	-0.2
1.625	-0.2
1.6875	-0.2
1.6875	-0.2
1.75	-0.2
1.75	-0.2
1.8125	-0.2
1.8125	-0.2
1.875	-0.2
1.875	-0.2
1.9375	-0.2
1.9375	-0.2
2	-0.2
2	-0.2
2.0625	-0.2
2.0625	-0.2
2.125	-0.2
2.125	-0.2
2.1875	-0.2
2.1875	-0.2
2.25	-0.2
2.25	-0.2
2.3125	-0.2
2.3125	-0.2
2.375	-0.2
2.375	-0.2
2.4375	-0.2
2.4375	-0.2
2.5	-0.2
2.5	-0.2
2.5625	-0.2
2.5625	-0.2
2.625	-0.2
2.625	-0.2
2.6875	-0.2
2.6875	-0.2
2.75	-0.2
2.75	-0.2
2.8125	-0.2
2.8125	-0.2
2.875	-0.2
2.875	-0.2
2.9375	-0.2
2.9375	-0.2
3	-0.2
3	-0.2
3.0625	-0.2
3.0625	-0.2
3.125	-0.2
3.125	-0.2
3.1875	-0.2
3.1875	-0.2
3.25	-0.2
3.25	-0.2
3.3125	-0.2
3.3125	-0.2
3.375	-0.2
3.375	-0.2
3.4375	-0.2
3.4375	-0.2
3.5	-0.2
3.5	-0.2
3.5625	-0.2
3.5625	-0.2
3.625	-0.2
3.625	-0.2
3.6875	-0.2
3.6875	-0.2
3.75	-0.2
3.75	-0.2
3.8125	-0.2
3.8125	-0.2
3.875	-0.2
3.875	-0.2
3.9375	-0.2
3.9375	-0.2
4	-0.2
4	-0.2
4.0625	-0.2
4.0625	-0.2
4.125	-0.2
4.125	-0.2
4.1875	-0.2
4.1875	-0.2
4.25	-0.2
4.25	-0.2
4.3125	-0.2
4.3125	-0.2
4.375	-0.2
4.375	-0.2
4.4375	-0.2
4.4375	-0.2
4.5	-0.2
4.5	-0.2
4.5625	-0.2
4.5625	-0.2
4.625	-0.2
4.625	-0.2
4.6875	-0.2
4.6875	-0.2
4.75	-0.2
4.75	-0.2
4.8125	-0.2
4.8125	-0.2
4.875	-0.2
4.875	-0.2
4.9375	-0.2
4.9375	-0.2
5	-0.2
5	-0.2
5.0625	-0.2
5.0625	-0.2
5.125	-0.2
5.125	-0.2
5.1875	-0.2
5.1875	-0.2
5.25	-0.2
5.25	-0.2
5.3125	-0.2
5.3125	-0.2
5.375	-0.2
5.375	-0.2
5.4375	-0.2
5.4375	-0.2
5.5	-0.2
5.5	-0.2
5.5625	-0.2
5.5625	-0.2
5.625	-0.2
5.625	-0.2
5.6875	-0.2
5.6875	-0.2
5.75	-0.2
5.75	-0.2
5.8125	-0.2
5.8125	-0.2
5.875	-0.2
5.875	-0.2
5.9375	-0.2
5.9375	-0.2
6	-0.2
6	-0.2
6.0625	-0.2
6.0625	-0.2
6.125	-0.2
6.125	-0.2
6.1875	-0.2
6.1875	-0.2
6.25	-0.2
6.25	-0.2
6.3125	-0.2
6.3125	-0.2
6.375	-0.2
6.375	-0.2
6.4375	-0.2
6.4375	-0.2
6.5	-0.2
6.5	-0.2
6.5625	-0.2
6.5625	-0.2
6.625	-0.2
6.625	-0.2
6.6875	-0.2
6.6875	-0.2
6.75	-0.2
6.75	-0.2
6.8125	-0.2
6.8125	-0.2
6.875	-0.2
6.875	-0.2
6.9375	-0.2
6.9375	-0.2
7	-0.2
7	-0.2
7.0625	-0.2
7.0625	-0.2
7.125	-0.2
7.125	-0.2
7.1875	-0.2
7.1875	-0.2
7.25	-0.2
7.25	-0.2
7.3125	-0.2
7.3125	-0.2
7.375	-0.2
7.375	-0.2
7.4375	-0.2
7.4375	-0.2
7.5	-0.2
7.5	-0.2
7.5625	-0.2
7.5625	-0.2
7.625	-0.2
7.625	-0.2
7.6875	-0.2
7.6875	-0.2
7.75	-0.2
7.75	-0.2
7.8125	-0.2
7.8125	-0.2
7.875	-0.2
7.875	-0.2
7.9375	-0.2
7.9375	-0.2
8	-0.2
8	-0.199967447916667
8.0625	-0.187662760416667
8.0625	-0.187662760416667
8.125	-0.175748697916667
8.125	-0.175748697916667
8.1875	-0.164225260416667
8.1875	-0.164225260416667
8.25	-0.153092447916667
8.25	-0.153092447916667
8.3125	-0.142350260416667
8.3125	-0.142350260416667
8.375	-0.131998697916667
8.375	-0.131998697916667
8.4375	-0.122037760416667
8.4375	-0.122037760416667
8.5	-0.112467447916667
8.5	-0.112467447916667
8.5625	-0.103287760416667
8.5625	-0.103287760416667
8.625	-0.0944986979166666
8.625	-0.0944986979166667
8.6875	-0.0861002604166667
8.6875	-0.0861002604166667
8.75	-0.0780924479166667
8.75	-0.0780924479166667
8.8125	-0.0704752604166667
8.8125	-0.0704752604166667
8.875	-0.0632486979166667
8.875	-0.0632486979166667
8.9375	-0.0564127604166667
8.9375	-0.0564127604166667
9	-0.0499674479166667
9	-0.0499674479166667
9.0625	-0.0439127604166667
9.0625	-0.0439127604166667
9.125	-0.0382486979166667
9.125	-0.0382486979166667
9.1875	-0.0329752604166667
9.1875	-0.0329752604166667
9.25	-0.0280924479166667
9.25	-0.0280924479166667
9.3125	-0.0236002604166667
9.3125	-0.0236002604166667
9.375	-0.0194986979166667
9.375	-0.0194986979166667
9.4375	-0.0157877604166667
9.4375	-0.0157877604166667
9.5	-0.0124674479166667
9.5	-0.0124674479166667
9.5625	-0.00953776041666667
9.5625	-0.00953776041666667
9.625	-0.00699869791666667
9.625	-0.00699869791666667
9.6875	-0.00485026041666667
9.6875	-0.00485026041666667
9.75	-0.00309244791666667
9.75	-0.00309244791666667
9.8125	-0.00172526041666667
9.8125	-0.00172526041666667
9.875	-0.000748697916666668
9.875	-0.000748697916666668
9.9375	-0.000162760416666668
9.9375	-0.000162760416666668
10	3.25520833333319e-05
10	3.25520833333319e-05
10.0625	-0.000162760416666668
10.0625	-0.000162760416666668
10.125	-0.000748697916666668
10.125	-0.000748697916666668
10.1875	-0.00172526041666667
10.1875	-0.00172526041666667
10.25	-0.00309244791666667
10.25	-0.00309244791666667
10.3125	-0.00485026041666667
10.3125	-0.00485026041666667
10.375	-0.00699869791666667
10.375	-0.00699869791666667
10.4375	-0.00953776041666667
10.4375	-0.00953776041666667
10.5	-0.0124674479166667
10.5	-0.0124674479166667
10.5625	-0.0157877604166667
10.5625	-0.0157877604166667
10.625	-0.0194986979166667
10.625	-0.0194986979166667
10.6875	-0.0236002604166667
10.6875	-0.0236002604166667
10.75	-0.0280924479166667
10.75	-0.0280924479166667
10.8125	-0.0329752604166667
10.8125	-0.0329752604166667
10.875	-0.0382486979166667
10.875	-0.0382486979166667
10.9375	-0.0439127604166667
10.9375	-0.0439127604166667
11	-0.0499674479166667
11	-0.0499674479166667
11.0625	-0.0564127604166667
11.0625	-0.0564127604166667
11.125	-0.0632486979166667
11.125	-0.0632486979166667
11.1875	-0.0704752604166667
11.1875	-0.0704752604166667
11.25	-0.0780924479166667
11.25	-0.0780924479166667
11.3125	-0.0861002604166667
11.3125	-0.0861002604166667
11.375	-0.0944986979166667
11.375	-0.0944986979166666
11.4375	-0.103287760416667
11.4375	-0.103287760416667
11.5	-0.112467447916667
11.5	-0.112467447916667
11.5625	-0.122037760416667
11.5625	-0.122037760416667
11.625	-0.131998697916667
11.625	-0.131998697916667
11.6875	-0.142350260416667
11.6875	-0.142350260416667
11.75	-0.153092447916667
11.75	-0.153092447916667
11.8125	-0.164225260416667
11.8125	-0.164225260416667
11.875	-0.175748697916667
11.875	-0.175748697916667
11.9375	-0.187662760416667
11.9375	-0.187662760416667
12	-0.199967447916667
12	-0.2
12.0625	-0.2
12.0625	-0.2
12.125	-0.2
12.125	-0.2
12.1875	-0.2
12.1875	-0.2
12.25	-0.2
12.25	-0.2
12.3125	-0.2
12.3125	-0.2
12.375	-0.2
12.375	-0.2
12.4375	-0.2
12.4375	-0.2
12.5	-0.2
12.5	-0.2
12.5625	-0.2
12.5625	-0.2
12.625	-0.2
12.625	-0.2
12.6875	-0.2
12.6875	-0.2
12.75	-0.2
12.75	-0.2
12.8125	-0.2
12.8125	-0.2
12.875	-0.2
12.875	-0.2
12.9375	-0.2
12.9375	-0.2
13	-0.2
13	-0.2
13.0625	-0.2
13.0625	-0.2
13.125	-0.2
13.125	-0.2
13.1875	-0.2
13.1875	-0.2
13.25	-0.2
13.25	-0.2
13.3125	-0.2
13.3125	-0.2
13.375	-0.2
13.375	-0.2
13.4375	-0.2
13.4375	-0.2
13.5	-0.2
13.5	-0.2
13.5625	-0.2
13.5625	-0.2
13.625	-0.2
13.625	-0.2
13.6875	-0.2
13.6875	-0.2
13.75	-0.2
13.75	-0.2
13.8125	-0.2
13.8125	-0.2
13.875	-0.2
13.875	-0.2
13.9375	-0.2
13.9375	-0.2
14	-0.2
14	-0.2
14.0625	-0.2
14.0625	-0.2
14.125	-0.2
14.125	-0.2
14.1875	-0.2
14.1875	-0.2
14.25	-0.2
14.25	-0.2
14.3125	-0.2
14.3125	-0.2
14.375	-0.2
14.375	-0.2
14.4375	-0.2
14.4375	-0.2
14.5	-0.2
14.5	-0.2
14.5625	-0.2
14.5625	-0.2
14.625	-0.2
14.625	-0.2
14.6875	-0.2
14.6875	-0.2
14.75	-0.2
14.75	-0.2
14.8125	-0.2
14.8125	-0.2
14.875	-0.2
14.875	-0.2
14.9375	-0.2
14.9375	-0.2
15	-0.2
15	-0.2
15.0625	-0.2
15.0625	-0.2
15.125	-0.2
15.125	-0.2
15.1875	-0.2
15.1875	-0.2
15.25	-0.2
15.25	-0.2
15.3125	-0.2
15.3125	-0.2
15.375	-0.2
15.375	-0.2
15.4375	-0.2
15.4375	-0.2
15.5	-0.2
15.5	-0.2
15.5625	-0.2
15.5625	-0.2
15.625	-0.2
15.625	-0.2
15.6875	-0.2
15.6875	-0.2
15.75	-0.2
15.75	-0.2
15.8125	-0.2
15.8125	-0.2
15.875	-0.2
15.875	-0.2
15.9375	-0.2
15.9375	-0.2
16	-0.2
16	-0.2
16.0625	-0.2
16.0625	-0.2
16.125	-0.2
16.125	-0.2
16.1875	-0.2
16.1875	-0.2
16.25	-0.2
16.25	-0.2
16.3125	-0.2
16.3125	-0.2
16.375	-0.2
16.375	-0.2
16.4375	-0.2
16.4375	-0.2
16.5	-0.2
16.5	-0.2
16.5625	-0.2
16.5625	-0.2
16.625	-0.2
16.625	-0.2
16.6875	-0.2
16.6875	-0.2
16.75	-0.2
16.75	-0.2
16.8125	-0.2
16.8125	-0.2
16.875	-0.2
16.875	-0.2
16.9375	-0.2
16.9375	-0.2
17	-0.2
17	-0.2
17.0625	-0.2
17.0625	-0.2
17.125	-0.2
17.125	-0.2
17.1875	-0.2
17.1875	-0.2
17.25	-0.2
17.25	-0.2
17.3125	-0.2
17.3125	-0.2
17.375	-0.2
17.375	-0.2
17.4375	-0.2
17.4375	-0.2
17.5	-0.2
17.5	-0.2
17.5625	-0.2
17.5625	-0.2
17.625	-0.2
17.625	-0.2
17.6875	-0.2
17.6875	-0.2
17.75	-0.2
17.75	-0.2
17.8125	-0.2
17.8125	-0.2
17.875	-0.2
17.875	-0.2
17.9375	-0.2
17.9375	-0.2
18	-0.2
18	-0.2
18.0625	-0.2
18.0625	-0.2
18.125	-0.2
18.125	-0.2
18.1875	-0.2
18.1875	-0.2
18.25	-0.2
18.25	-0.2
18.3125	-0.2
18.3125	-0.2
18.375	-0.2
18.375	-0.2
18.4375	-0.2
18.4375	-0.2
18.5	-0.2
18.5	-0.2
18.5625	-0.2
18.5625	-0.2
18.625	-0.2
18.625	-0.2
18.6875	-0.2
18.6875	-0.2
18.75	-0.2
18.75	-0.2
18.8125	-0.2
18.8125	-0.2
18.875	-0.2
18.875	-0.2
18.9375	-0.2
18.9375	-0.2
19	-0.2
19	-0.2
19.0625	-0.2
19.0625	-0.2
19.125	-0.2
19.125	-0.2
19.1875	-0.2
19.1875	-0.2
19.25	-0.2
19.25	-0.2
19.3125	-0.2
19.3125	-0.2
19.375	-0.2
19.375	-0.2
19.4375	-0.2
19.4375	-0.2
19.5	-0.2
19.5	-0.2
19.5625	-0.2
19.5625	-0.2
19.625	-0.2
19.625	-0.2
19.6875	-0.2
19.6875	-0.2
19.75	-0.2
19.75	-0.2
19.8125	-0.2
19.8125	-0.2
19.875	-0.2
19.875	-0.2
19.9375	-0.2
19.9375	-0.2
20	-0.2
0	0
0.0625	0
0.0625	0
0.125	0
0.125	0
0.1875	0
0.1875	0
0.25	0
0.25	0
0.3125	0
0.3125	0
0.375	0
0.375	0
0.4375	0
0.4375	0
0.5	0
0.5	0
0.5625	0
0.5625	0
0.625	0
0.625	0
0.6875	0
0.6875	0
0.75	0
0.75	0
0.8125	0
0.8125	0
0.875	0
0.875	0
0.9375	0
0.9375	0
1	0
1	0
1.0625	0
1.0625	0
1.125	0
1.125	0
1.1875	0
1.1875	0
1.25	0
1.25	0
1.3125	0
1.3125	0
1.375	0
1.375	0
1.4375	0
1.4375	0
1.5	0
1.5	0
1.5625	0
1.5625	0
1.625	0
1.625	0
1.6875	0
1.6875	0
1.75	0
1.75	0
1.8125	0
1.8125	0
1.875	0
1.875	0
1.9375	0
1.9375	0
2	0
2	0
2.0625	0
2.0625	0
2.125	0
2.125	0
2.1875	0
2.1875	0
2.25	0
2.25	0
2.3125	0
2.3125	0
2.375	0
2.375	0
2.4375	0
2.4375	0
2.5	0
2.5	0
2.5625	0
2.5625	0
2.625	0
2.625	0
2.6875	0
2.6875	0
2.75	0
2.75	0
2.8125	0
2.8125	0
2.875	0
2.875	0
2.9375	0
2.9375	0
3	0
3	0
3.0625	0
3.0625	0
3.125	0
3.125	0
3.1875	0
3.1875	0
3.25	0
3.25	0
3.3125	0
3.3125	0
3.375	0
3.375	0
3.4375	0
3.4375	0
3.5	0
3.5	0
3.5625	0
3.5625	0
3.625	0
3.625	0
3.6875	0
3.6875	0
3.75	0
3.75	0
3.8125	0
3.8125	0
3.875	0
3.875	0
3.9375	0
3.9375	0
4	0
4	0
4.0625	0
4.0625	0
4.125	0
4.125	0
4.1875	0
4.1875	0
4.25	0
4.25	0
4.3125	0
4.3125	0
4.375	0
4.375	0
4.4375	0
4.4375	0
4.5	0
4.5	0
4.5625	0
4.5625	0
4.625	0
4.625	0
4.6875	0
4.6875	0
4.75	0
4.75	0
4.8125	0
4.8125	0
4.875	0
4.875	0
4.9375	0
4.9375	0
5	0
5	0
5.0625	0
5.0625	0
5.125	0
5.125	0
5.1875	0
5.1875	0
5.25	0
5.25	0
5.3125	0
5.3125	0
5.375	0
5.375	0
5.4375	0
5.4375	0
5.5	0
5.5	0
5.5625	0
5.5625	0
5.625	0
5.625	0
5.6875	0
5.6875	0
5.75	0
5.75	0
5.8125	0
5.8125	0
5.875	0
5.875	0
5.9375	0
5.9375	0
6	0
6	0
6.0625	0
6.0625	0
6.125	0
6.125	0
6.1875	0
6.1875	0
6.25	0
6.25	0
6.3125	0
6.3125	0
6.375	0
6.375	0
6.4375	0
6.4375	0
6.5	0
6.5	0
6.5625	0
6.5625	0
6.625	0
6.625	0
6.6875	0
6.6875	0
6.75	0
6.75	0
6.8125	0
6.8125	0
6.875	0
6.875	0
6.9375	0
6.9375	0
7	0
7	0
7.0625	0
7.0625	0
7.125	0
7.125	0
7.1875	0
7.1875	0
7.25	0
7.25	0
7.3125	0
7.3125	0
7.375	0
7.375	0
7.4375	0
7.4375	0
7.5	0
7.5	0
7.5625	0
7.5625	0
7.625	0
7.625	0
7.6875	0
7.6875	0
7.75	0
7.75	0
7.8125	0
7.8125	0
7.875	0
7.875	0
7.9375	0
7.9375	0
8	0
8	0.0123046875
8.0625	0.0123046875
8.0625	0.0119140625
8.125	0.0119140625
8.125	0.0115234375
8.1875	0.0115234375
8.1875	0.0111328125
8.25	0.0111328125
8.25	0.0107421875
8.3125	0.0107421875
8.3125	0.0103515625
8.375	0.0103515625
8.375	0.00996093750000001
8.4375	0.00996093750000001
8.4375	0.00957031249999998
8.5	0.00957031249999998
8.5	0.00917968749999998
8.5625	0.00917968749999998
8.5625	0.0087890625
8.625	0.0087890625
8.625	0.00839843750000002
8.6875	0.00839843750000002
8.6875	0.00800781250000001
8.75	0.00800781250000001
8.75	0.00761718750000001
8.8125	0.00761718750000001
8.8125	0.0072265625
8.875	0.0072265625
8.875	0.0068359375
8.9375	0.0068359375
8.9375	0.00644531250000001
9	0.00644531250000001
9	0.0060546875
9.0625	0.0060546875
9.0625	0.0056640625
9.125	0.0056640625
9.125	0.0052734375
9.1875	0.0052734375
9.1875	0.00488281250000001
9.25	0.00488281250000001
9.25	0.0044921875
9.3125	0.0044921875
9.3125	0.0041015625
9.375	0.0041015625
9.375	0.0037109375
9.4375	0.0037109375
9.4375	0.0033203125
9.5	0.0033203125
9.5	0.0029296875
9.5625	0.0029296875
9.5625	0.0025390625
9.625	0.0025390625
9.625	0.0021484375
9.6875	0.0021484375
9.6875	0.0017578125
9.75	0.0017578125
9.75	0.0013671875
9.8125	0.0013671875
9.8125	0.0009765625
9.875	0.0009765625
9.875	0.0005859375
9.9375	0.0005859375
9.9375	0.0001953125
10	0.0001953125
10	-0.0001953125
10.0625	-0.0001953125
10.0625	-0.0005859375
10.125	-0.0005859375
10.125	-0.0009765625
10.1875	-0.0009765625
10.1875	-0.0013671875
10.25	-0.0013671875
10.25	-0.0017578125
10.3125	-0.0017578125
10.3125	-0.0021484375
10.375	-0.0021484375
10.375	-0.0025390625
10.4375	-0.0025390625
10.4375	-0.0029296875
10.5	-0.0029296875
10.5	-0.0033203125
10.5625	-0.0033203125
10.5625	-0.0037109375
10.625	-0.0037109375
10.625	-0.0041015625
10.6875	-0.0041015625
10.6875	-0.0044921875
10.75	-0.0044921875
10.75	-0.00488281250000001
10.8125	-0.00488281250000001
10.8125	-0.0052734375
10.875	-0.0052734375
10.875	-0.0056640625
10.9375	-0.0056640625
10.9375	-0.0060546875
11	-0.0060546875
11	-0.00644531250000001
11.0625	-0.00644531250000001
11.0625	-0.0068359375
11.125	-0.0068359375
11.125	-0.0072265625
11.1875	-0.0072265625
11.1875	-0.00761718750000001
11.25	-0.00761718750000001
11.25	-0.00800781250000001
11.3125	-0.00800781250000001
11.3125	-0.00839843750000002
11.375	-0.00839843750000002
11.375	-0.0087890625
11.4375	-0.0087890625
11.4375	-0.00917968749999998
11.5	-0.00917968749999998
11.5	-0.00957031249999998
11.5625	-0.00957031249999998
11.5625	-0.00996093750000001
11.625	-0.00996093750000001
11.625	-0.0103515625
11.6875	-0.0103515625
11.6875	-0.0107421875
11.75	-0.0107421875
11.75	-0.0111328125
11.8125	-0.0111328125
11.8125	-0.0115234375
11.875	-0.0115234375
11.875	-0.0119140625
11.9375	-0.0119140625
11.9375	-0.0123046875
12	-0.0123046875
12	0
12.0625	0
12.0625	0
12.125	0
12.125	0
12.1875	0
12.1875	0
12.25	0
12.25	0
12.3125	0
12.3125	0
12.375	0
12.375	0
12.4375	0
12.4375	0
12.5	0
12.5	0
12.5625	0
12.5625	0
12.625	0
12.625	0
12.6875	0
12.6875	0
12.75	0
12.75	0
12.8125	0
12.8125	0
12.875	0
12.875	0
12.9375	0
12.9375	0
13	0
13	0
13.0625	0
13.0625	0
13.125	0
13.125	0
13.1875	0
13.1875	0
13.25	0
13.25	0
13.3125	0
13.3125	0
13.375	0
13.375	0
13.4375	0
13.4375	0
13.5	0
13.5	0
13.5625	0
13.5625	0
13.625	0
13.625	0
13.6875	0
13.6875	0
13.75	0
13.75	0
13.8125	0
13.8125	0
13.875	0
13.875	0
13.9375	0
13.9375	0
14	0
14	0
14.0625	0
14.0625	0
14.125	0
14.125	0
14.1875	0
14.1875	0
14.25	0
14.25	0
14.3125	0
14.3125	0
14.375	0
14.375	0
14.4375	0
14.4375	0
14.5	0
14.5	0
14.5625	0
14.5625	0
14.625	0
14.625	0
14.6875	0
14.6875	0
14.75	0
14.75	0
14.8125	0
14.8125	0
14.875	0
14.875	0
14.9375	0
14.9375	0
15	0
15	0
15.0625	0
15.0625	0
15.125	0
15.125	0
15.1875	0
15.1875	0
15.25	0
15.25	0
15.3125	0
15.3125	0
15.375	0
15.375	0
15.4375	0
15.4375	0
15.5	0
15.5	0
15.5625	0
15.5625	0
15.625	0
15.625	0
15.6875	0
15.6875	0
15.75	0
15.75	0
15.8125	0
15.8125	0
15.875	0
15.875	0
15.9375	0
15.9375	0
16	0
16	0
16.0625	0
16.0625	0
16.125	0
16.125	0
16.1875	0
16.1875	0
16.25	0
16.25	0
16.3125	0
16.3125	0
16.375	0
16.375	0
16.4375	0
16.4375	0
16.5	0
16.5	0
16.5625	0
16.5625	0
16.625	0
16.625	0
16.6875	0
16.6875	0
16.75	0
16.75	0
16.8125	0
16.8125	0
16.875	0
16.875	0
16.9375	0
16.9375	0
17	0
17	0
17.0625	0
17.0625	0
17.125	0
17.125	0
17.1875	0
17.1875	0
17.25	0
17.25	0
17.3125	0
17.3125	0
17.375	0
17.375	0
17.4375	0
17.4375	0
17.5	0
17.5	0
17.5625	0
17.5625	0
17.625	0
17.625	0
17.6875	0
17.6875	0
17.75	0
17.75	0
17.8125	0
17.8125	0
17.875	0
17.875	0
17.9375	0
17.9375	0
18	0
18	0
18.0625	0
18.0625	0
18.125	0
18.125	0
18.1875	0
18.1875	0
18.25	0
18.25	0
18.3125	0
18.3125	0
18.375	0
18.375	0
18.4375	0
18.4375	0
18.5	0
18.5	0
18.5625	0
18.5625	0
18.625	0
18.625	0
18.6875	0
18.6875	0
18.75	0
18.75	0
18.8125	0
18.8125	0
18.875	0
18.875	0
18.9375	0
18.9375	0
19	0
19	0
19.0625	0
19.0625	0
19.125	0
19.125	0
19.1875	0
19.1875	0
19.25	0
19.25	0
19.3125	0
19.3125	0
19.375	0
19.375	0
19.4375	0
19.4375	0
19.5	0
19.5	0
19.5625	0
19.5625	0
19.625	0
19.625	0
19.6875	0
19.6875	0
19.75	0
19.75	0
19.8125	0
19.8125	0
19.875	0
19.875	0
19.9375	0
19.9375	0
20	0
