3	1
320
0	0.4
0.125	0.4
0.125	0.4
0.25	0.4
0.25	0.4
0.375	0.4
0.375	0.4
0.5	0.4
0.5	0.4
0.625	0.4
0.625	0.4
0.75	0.4
0.75	0.4
0.875	0.4
0.875	0.4
1	0.4
1	0.4
1.125	0.4
1.125	0.4
1.25	0.4
1.25	0.4
1.375	0.4
1.375	0.4
1.5	0.4
1.5	0.4
1.625	0.4
1.625	0.4
1.75	0.4
1.75	0.4
1.875	0.4
1.875	0.4
2	0.4
2	0.4
2.125	0.4
2.125	0.4
2.25	0.4
2.25	0.4
2.375	0.4
2.375	0.4
2.5	0.4
2.5	0.4
2.625	0.4
2.625	0.399999999999999
2.75	0.4
2.75	0.4
2.875	0.399999999999999
2.875	0.399999999999999
3	0.399999999999999
3	0.399999999999999
3.125	0.399999999999999
3.125	0.399999999999999
3.25	0.399999999999997
3.25	0.399999999999997
3.375	0.399999999999998
3.375	0.399999999999998
3.5	0.399999999999998
3.5	0.399999999999998
3.625	0.399999999999997
3.625	0.399999999999997
3.75	0.399999999999997
3.75	0.399999999999997
3.875	0.399999999999997
3.875	0.399999999999997
4	0.399999999999997
4	0.399999999999997
4.125	0.399999999999996
4.125	0.399999999999996
4.25	0.399999999999997
4.25	0.399999999999997
4.375	0.399999999999996
4.375	0.399999999999996
4.5	0.399999999999995
4.5	0.399999999999995
4.625	0.399999999999995
4.625	0.399999999999995
4.75	0.399999999999993
4.75	0.399999999999993
4.875	0.399999999999993
4.875	0.399999999999993
5	0.399999999999993
5	0.399999999999992
5.125	0.399999999999992
5.125	0.399999999999992
5.25	0.399999999999991
5.25	0.399999999999991
5.375	0.399999999999991
5.375	0.399999999999991
5.5	0.399999999999991
5.5	0.399999999999991
5.625	0.399999999999989
5.625	0.399999999999989
5.75	0.399999999999988
5.75	0.399999999999988
5.875	0.399999999999989
5.875	0.39999999999999
6	0.39999999999999
6	0.39999999999999
6.125	0.399999999999988
6.125	0.399999999999988
6.25	0.399999999999986
6.25	0.399999999999985
6.375	0.399999999999986
6.375	0.399999999999987
6.5	0.399999999999985
6.5	0.399999999999984
6.625	0.399999999999983
6.625	0.399999999999984
6.75	0.399999999999985
6.75	0.399999999999984
6.875	0.399999999999984
6.875	0.399999999999984
7	0.399999999999985
7	0.399999999999985
7.125	0.399999999999985
7.125	0.399999999999985
7.25	0.399999999999982
7.25	0.399999999999982
7.375	0.399999999999982
7.375	0.399999999999982
7.5	0.39999999999998
7.5	0.399999999999981
7.625	0.399999999999981
7.625	0.399999999999981
7.75	0.399999999999982
7.75	0.399999999999981
7.875	0.39999999999998
7.875	0.399819894381765
8	0.400180121721355
8	0.399886276057576
8.125	0.409812920762887
8.125	0.40963565412696
8.25	0.41994411240724
8.25	0.419751390447033
8.375	0.430457948601669
8.375	0.430247556813493
8.5	0.441368813412361
8.5	0.441138029744651
8.625	0.452690695844156
8.625	0.452436124069213
8.75	0.464436678300772
8.75	0.464154010984103
8.875	0.476618089225234
8.875	0.476301765871836
9	0.48924304035926
9	0.488885751509584
9.125	0.502313767766621
9.125	0.501905747834409
9.25	0.515821477492806
9.25	0.515349584991942
9.375	0.529735519132124
9.375	0.529182509399211
9.5	0.543978221169474
9.5	0.543324858793376
9.625	0.558358357162462
9.625	0.55760326432219
9.75	0.572364983657602
9.75	0.571637712508879
9.875	0.584431152393391
9.875	0.584227905084637
10	0.589965794127247
10	0.589747902698753
10.125	0.584431214318096
10.125	0.583617066075398
10.25	0.572365785142113
10.25	0.571534469971433
10.375	0.558359731617023
10.375	0.557654178067724
10.5	0.543979849749643
10.5	0.543391255855765
10.625	0.529737218943349
10.625	0.529240212066436
10.75	0.515823158066952
10.75	0.51539675097944
10.875	0.502315386356569
10.875	0.501944197316512
11	0.48924457816426
11	0.488917460637671
11.125	0.476619539588389
11.125	0.476328300301972
11.25	0.464438040777444
11.25	0.46417653277254
11.375	0.452691973138504
11.375	0.452455486994756
11.5	0.441370009754146
11.5	0.441154865740719
11.625	0.430459068870388
11.625	0.430262339950267
11.75	0.419945161656034
11.75	0.419764481845114
11.875	0.409813903961768
11.875	0.409647333134624
12	0.400050835289842
12	0.400000943887329
12.125	0.400000943887329
12.125	0.40000094388733
12.25	0.400000943887328
12.25	0.400000943887328
12.375	0.400000943887327
12.375	0.400000943887327
12.5	0.400000943887328
12.5	0.400000943887328
12.625	0.400000943887329
12.625	0.400000943887329
12.75	0.400000943887327
12.75	0.400000943887327
12.875	0.400000943887328
12.875	0.400000943887328
13	0.400000943887325
13	0.400000943887325
13.125	0.400000943887325
13.125	0.400000943887325
13.25	0.400000943887325
13.25	0.400000943887325
13.375	0.400000943887324
13.375	0.400000943887324
13.5	0.400000943887321
13.5	0.400000943887321
13.625	0.400000943887321
13.625	0.400000943887321
13.75	0.400000943887321
13.75	0.400000943887321
13.875	0.400000943887321
13.875	0.400000943887321
14	0.400000943887322
14	0.400000943887322
14.125	0.400000943887321
14.125	0.400000943887321
14.25	0.400000943887321
14.25	0.400000943887322
14.375	0.400000943887319
14.375	0.400000943887318
14.5	0.400000943887317
14.5	0.400000943887318
14.625	0.400000943887318
14.625	0.400000943887318
14.75	0.400000943887319
14.75	0.400000943887319
14.875	0.400000943887319
14.875	0.40000094388732
15	0.400000943887319
15	0.400000943887319
15.125	0.400000943887317
15.125	0.400000943887317
15.25	0.400000943887317
15.25	0.400000943887316
15.375	0.400000943887315
15.375	0.400000943887315
15.5	0.400000943887315
15.5	0.400000943887316
15.625	0.400000943887315
15.625	0.400000943887315
15.75	0.400000943887313
15.75	0.400000943887314
15.875	0.400000943887312
15.875	0.400000943887312
16	0.40000094388731
16	0.40000094388731
16.125	0.40000094388731
16.125	0.40000094388731
16.25	0.400000943887308
16.25	0.400000943887308
16.375	0.400000943887308
16.375	0.400000943887308
16.5	0.400000943887309
16.5	0.400000943887309
16.625	0.40000094388731
16.625	0.40000094388731
16.75	0.40000094388731
16.75	0.40000094388731
16.875	0.400000943887309
16.875	0.400000943887309
17	0.400000943887309
17	0.400000943887309
17.125	0.40000094388731
17.125	0.40000094388731
17.25	0.40000094388731
17.25	0.40000094388731
17.375	0.400000943887307
17.375	0.400000943887306
17.5	0.400000943887307
17.5	0.400000943887308
17.625	0.400000943887308
17.625	0.400000943887308
17.75	0.400000943887308
17.75	0.400000943887307
17.875	0.400000943887305
17.875	0.400000943887305
18	0.400000943887306
18	0.400000943887306
18.125	0.400000943887304
18.125	0.400000943887305
18.25	0.400000943887302
18.25	0.400000943887302
18.375	0.400000943887299
18.375	0.4000009438873
18.5	0.400000943887299
18.5	0.400000943887299
18.625	0.400000943887298
18.625	0.400000943887298
18.75	0.400000943887299
18.75	0.400000943887299
18.875	0.400000943887299
18.875	0.4000009438873
19	0.4000009438873
19	0.4000009438873
19.125	0.400000943887299
19.125	0.400000943887299
19.25	0.400000943887299
19.25	0.400000943887299
19.375	0.400000943887298
19.375	0.400000943887298
19.5	0.400000943887297
19.5	0.400000943887297
19.625	0.400000943887297
19.625	0.400000943887298
19.75	0.400000943887298
19.75	0.400000943887297
19.875	0.400000943887297
19.875	0.400000943887297
20	0.400000943887296
0	1.50548
0.125	1.50548
0.125	1.50548
0.25	1.50548
0.25	1.50548
0.375	1.50548
0.375	1.50548
0.5	1.50548
0.5	1.50548
0.625	1.50548
0.625	1.50548
0.75	1.50548
0.75	1.50548
0.875	1.50548
0.875	1.50548
1	1.50548
1	1.50548
1.125	1.50548
1.125	1.50548
1.25	1.50548
1.25	1.50548
1.375	1.50548
1.375	1.50548
1.5	1.50548
1.5	1.50548
1.625	1.50548
1.625	1.50548
1.75	1.50548
1.75	1.50548
1.875	1.50548
1.875	1.50548
2	1.50548
2	1.50548
2.125	1.50548
2.125	1.50548
2.25	1.50548
2.25	1.50548
2.375	1.50548
2.375	1.50548
2.5	1.50548
2.5	1.50548
2.625	1.50547999999999
2.625	1.50547999999999
2.75	1.50547999999999
2.75	1.50547999999999
2.875	1.50547999999999
2.875	1.50547999999999
3	1.50547999999999
3	1.50547999999999
3.125	1.50547999999999
3.125	1.50547999999999
3.25	1.50547999999999
3.25	1.50547999999999
3.375	1.50547999999999
3.375	1.50547999999999
3.5	1.50547999999999
3.5	1.50547999999999
3.625	1.50547999999999
3.625	1.50547999999999
3.75	1.50547999999999
3.75	1.50547999999999
3.875	1.50547999999999
3.875	1.50547999999999
4	1.50547999999999
4	1.50547999999999
4.125	1.50547999999999
4.125	1.50547999999999
4.25	1.50547999999999
4.25	1.50547999999999
4.375	1.50547999999998
4.375	1.50547999999998
4.5	1.50547999999998
4.5	1.50547999999998
4.625	1.50547999999998
4.625	1.50547999999998
4.75	1.50547999999998
4.75	1.50547999999998
4.875	1.50547999999998
4.875	1.50547999999998
5	1.50547999999998
5	1.50547999999998
5.125	1.50547999999998
5.125	1.50547999999998
5.25	1.50547999999997
5.25	1.50547999999997
5.375	1.50547999999997
5.375	1.50547999999997
5.5	1.50547999999997
5.5	1.50547999999997
5.625	1.50547999999997
5.625	1.50547999999997
5.75	1.50547999999997
5.75	1.50547999999997
5.875	1.50547999999997
5.875	1.50547999999997
6	1.50547999999997
6	1.50547999999997
6.125	1.50547999999997
6.125	1.50547999999997
6.25	1.50547999999996
6.25	1.50547999999996
6.375	1.50547999999996
6.375	1.50547999999996
6.5	1.50547999999996
6.5	1.50547999999995
6.625	1.50547999999995
6.625	1.50547999999995
6.75	1.50547999999996
6.75	1.50547999999996
6.875	1.50547999999996
6.875	1.50547999999996
7	1.50547999999996
7	1.50547999999996
7.125	1.50547999999996
7.125	1.50547999999996
7.25	1.50547999999995
7.25	1.50547999999995
7.375	1.50547999999995
7.375	1.50547999999995
7.5	1.50547999999995
7.5	1.50547999999995
7.625	1.50547999999995
7.625	1.50547999999995
7.75	1.50547999999995
7.75	1.50547999999995
7.875	1.50547999999995
7.875	1.50498999604017
8	1.50597000395972
8	1.50547999999995
8.125	1.50547999999994
8.125	1.50547999999994
8.25	1.50547999999994
8.25	1.50547999999994
8.375	1.50547999999994
8.375	1.50547999999994
8.5	1.50547999999994
8.5	1.50547999999994
8.625	1.50547999999994
8.625	1.50547999999994
8.75	1.50547999999994
8.75	1.50547999999994
8.875	1.50547999999993
8.875	1.50547999999993
9	1.50547999999993
9	1.50547999999993
9.125	1.50547999999993
9.125	1.50547999999993
9.25	1.50547999999992
9.25	1.50547999999992
9.375	1.50547999999992
9.375	1.50547999999992
9.5	1.50547999999992
9.5	1.50547999999992
9.625	1.50547999999992
9.625	1.50547999999992
9.75	1.50547999999992
9.75	1.50547999999992
9.875	1.50547999999992
9.875	1.50547999999992
10	1.50547999999992
10	1.50547999999992
10.125	1.50547999999991
10.125	1.50547999999991
10.25	1.50547999999991
10.25	1.50547999999991
10.375	1.50547999999991
10.375	1.50547999999991
10.5	1.50547999999991
10.5	1.50547999999991
10.625	1.50547999999991
10.625	1.50547999999991
10.75	1.5054799999999
10.75	1.5054799999999
10.875	1.5054799999999
10.875	1.5054799999999
11	1.5054799999999
11	1.5054799999999
11.125	1.50547999999989
11.125	1.50547999999989
11.25	1.50547999999989
11.25	1.50547999999989
11.375	1.50547999999989
11.375	1.50547999999989
11.5	1.50547999999989
11.5	1.50547999999989
11.625	1.50547999999989
11.625	1.50547999999989
11.75	1.50547999999989
11.75	1.50547999999989
11.875	1.50547999999989
11.875	1.50547999999989
12	1.50547999999989
12	1.50547999999989
12.125	1.50547999999989
12.125	1.50547999999989
12.25	1.50547999999988
12.25	1.50547999999988
12.375	1.50547999999988
12.375	1.50547999999988
12.5	1.50547999999988
12.5	1.50547999999988
12.625	1.50547999999988
12.625	1.50547999999988
12.75	1.50547999999988
12.75	1.50547999999988
12.875	1.50547999999988
12.875	1.50547999999988
13	1.50547999999988
13	1.50547999999988
13.125	1.50547999999988
13.125	1.50547999999988
13.25	1.50547999999987
13.25	1.50547999999988
13.375	1.50547999999987
13.375	1.50547999999987
13.5	1.50547999999987
13.5	1.50547999999987
13.625	1.50547999999987
13.625	1.50547999999987
13.75	1.50547999999987
13.75	1.50547999999987
13.875	1.50547999999987
13.875	1.50547999999987
14	1.50547999999987
14	1.50547999999987
14.125	1.50547999999987
14.125	1.50547999999987
14.25	1.50547999999986
14.25	1.50547999999986
14.375	1.50547999999986
14.375	1.50547999999986
14.5	1.50547999999985
14.5	1.50547999999985
14.625	1.50547999999986
14.625	1.50547999999986
14.75	1.50547999999986
14.75	1.50547999999986
14.875	1.50547999999986
14.875	1.50547999999986
15	1.50547999999986
15	1.50547999999986
15.125	1.50547999999985
15.125	1.50547999999986
15.25	1.50547999999985
15.25	1.50547999999985
15.375	1.50547999999985
15.375	1.50547999999985
15.5	1.50547999999985
15.5	1.50547999999985
15.625	1.50547999999985
15.625	1.50547999999985
15.75	1.50547999999985
15.75	1.50547999999985
15.875	1.50547999999984
15.875	1.50547999999985
16	1.50547999999984
16	1.50547999999984
16.125	1.50547999999984
16.125	1.50547999999984
16.25	1.50547999999984
16.25	1.50547999999984
16.375	1.50547999999984
16.375	1.50547999999984
16.5	1.50547999999984
16.5	1.50547999999984
16.625	1.50547999999984
16.625	1.50547999999984
16.75	1.50547999999984
16.75	1.50547999999984
16.875	1.50547999999983
16.875	1.50547999999983
17	1.50547999999983
17	1.50547999999983
17.125	1.50547999999984
17.125	1.50547999999984
17.25	1.50547999999983
17.25	1.50547999999983
17.375	1.50547999999983
17.375	1.50547999999983
17.5	1.50547999999983
17.5	1.50547999999983
17.625	1.50547999999983
17.625	1.50547999999983
17.75	1.50547999999983
17.75	1.50547999999983
17.875	1.50547999999982
17.875	1.50547999999982
18	1.50547999999983
18	1.50547999999983
18.125	1.50547999999982
18.125	1.50547999999982
18.25	1.50547999999982
18.25	1.50547999999982
18.375	1.50547999999981
18.375	1.50547999999981
18.5	1.50547999999981
18.5	1.50547999999981
18.625	1.50547999999981
18.625	1.50547999999981
18.75	1.50547999999981
18.75	1.50547999999981
18.875	1.50547999999981
18.875	1.50547999999981
19	1.50547999999981
19	1.50547999999981
19.125	1.50547999999981
19.125	1.50547999999981
19.25	1.50547999999981
19.25	1.50547999999981
19.375	1.50547999999981
19.375	1.50547999999981
19.5	1.50547999999981
19.5	1.50547999999981
19.625	1.50547999999981
19.625	1.50547999999981
19.75	1.50547999999981
19.75	1.50547999999981
19.875	1.50547999999981
19.875	1.50547999999981
20	1.5054799999998
0	-0.2
0.125	-0.2
0.125	-0.2
0.25	-0.2
0.25	-0.2
0.375	-0.2
0.375	-0.2
0.5	-0.2
0.5	-0.2
0.625	-0.2
0.625	-0.2
0.75	-0.2
0.75	-0.2
0.875	-0.2
0.875	-0.2
1	-0.2
1	-0.2
1.125	-0.2
1.125	-0.2
1.25	-0.2
1.25	-0.2
1.375	-0.2
1.375	-0.2
1.5	-0.2
1.5	-0.2
1.625	-0.2
1.625	-0.2
1.75	-0.2
1.75	-0.2
1.875	-0.2
1.875	-0.2
2	-0.2
2	-0.2
2.125	-0.2
2.125	-0.2
2.25	-0.2
2.25	-0.2
2.375	-0.2
2.375	-0.2
2.5	-0.2
2.5	-0.2
2.625	-0.2
2.625	-0.2
2.75	-0.2
2.75	-0.2
2.875	-0.2
2.875	-0.2
3	-0.2
3	-0.2
3.125	-0.2
3.125	-0.2
3.25	-0.2
3.25	-0.2
3.375	-0.2
3.375	-0.2
3.5	-0.2
3.5	-0.2
3.625	-0.2
3.625	-0.2
3.75	-0.2
3.75	-0.2
3.875	-0.2
3.875	-0.2
4	-0.2
4	-0.2
4.125	-0.2
4.125	-0.2
4.25	-0.2
4.25	-0.2
4.375	-0.2
4.375	-0.2
4.5	-0.2
4.5	-0.2
4.625	-0.2
4.625	-0.2
4.75	-0.2
4.75	-0.2
4.875	-0.2
4.875	-0.2
5	-0.2
5	-0.2
5.125	-0.2
5.125	-0.2
5.25	-0.2
5.25	-0.2
5.375	-0.2
5.375	-0.2
5.5	-0.2
5.5	-0.2
5.625	-0.2
5.625	-0.2
5.75	-0.2
5.75	-0.2
5.875	-0.2
5.875	-0.2
6	-0.2
6	-0.2
6.125	-0.2
6.125	-0.2
6.25	-0.2
6.25	-0.2
6.375	-0.2
6.375	-0.2
6.5	-0.2
6.5	-0.2
6.625	-0.2
6.625	-0.2
6.75	-0.2
6.75	-0.2
6.875	-0.2
6.875	-0.2
7	-0.2
7	-0.2
7.125	-0.2
7.125	-0.2
7.25	-0.2
7.25	-0.2
7.375	-0.2
7.375	-0.2
7.5	-0.2
7.5	-0.2
7.625	-0.2
7.625	-0.2
7.75	-0.2
7.75	-0.2
7.875	-0.2
7.875	-0.2
8	-0.2
8	-0.199869791666667
8.125	-0.175651041666667
8.125	-0.175651041666667
8.25	-0.152994791666667
8.25	-0.152994791666667
8.375	-0.131901041666667
8.375	-0.131901041666667
8.5	-0.112369791666667
8.5	-0.112369791666667
8.625	-0.0944010416666667
8.625	-0.0944010416666667
8.75	-0.0779947916666667
8.75	-0.0779947916666667
8.875	-0.0631510416666667
8.875	-0.0631510416666667
9	-0.0498697916666667
9	-0.0498697916666667
9.125	-0.0381510416666667
9.125	-0.0381510416666667
9.25	-0.0279947916666667
9.25	-0.0279947916666667
9.375	-0.0194010416666667
9.375	-0.0194010416666667
9.5	-0.0123697916666667
9.5	-0.0123697916666667
9.625	-0.00690104166666667
9.625	-0.00690104166666667
9.75	-0.00299479166666667
9.75	-0.00299479166666667
9.875	-0.000651041666666666
9.875	-0.000651041666666666
10	0.000130208333333334
10	0.000130208333333334
10.125	-0.000651041666666666
10.125	-0.000651041666666666
10.25	-0.00299479166666667
10.25	-0.00299479166666667
10.375	-0.00690104166666667
10.375	-0.00690104166666667
10.5	-0.0123697916666667
10.5	-0.0123697916666667
10.625	-0.0194010416666667
10.625	-0.0194010416666667
10.75	-0.0279947916666667
10.75	-0.0279947916666667
10.875	-0.0381510416666667
10.875	-0.0381510416666667
11	-0.0498697916666667
11	-0.0498697916666667
11.125	-0.0631510416666667
11.125	-0.0631510416666667
11.25	-0.0779947916666667
11.25	-0.0779947916666667
11.375	-0.0944010416666667
11.375	-0.0944010416666667
11.5	-0.112369791666667
11.5	-0.112369791666667
11.625	-0.131901041666667
11.625	-0.131901041666667
11.75	-0.152994791666667
11.75	-0.152994791666667
11.875	-0.175651041666667
11.875	-0.175651041666667
12	-0.199869791666667
12	-0.2
12.125	-0.2
12.125	-0.2
12.25	-0.2
12.25	-0.2
12.375	-0.2
12.375	-0.2
12.5	-0.2
12.5	-0.2
12.625	-0.2
12.625	-0.2
12.75	-0.2
12.75	-0.2
12.875	-0.2
12.875	-0.2
13	-0.2
13	-0.2
13.125	-0.2
13.125	-0.2
13.25	-0.2
13.25	-0.2
13.375	-0.2
13.375	-0.2
13.5	-0.2
13.5	-0.2
13.625	-0.2
13.625	-0.2
13.75	-0.2
13.75	-0.2
13.875	-0.2
13.875	-0.2
14	-0.2
14	-0.2
14.125	-0.2
14.125	-0.2
14.25	-0.2
14.25	-0.2
14.375	-0.2
14.375	-0.2
14.5	-0.2
14.5	-0.2
14.625	-0.2
14.625	-0.2
14.75	-0.2
14.75	-0.2
14.875	-0.2
14.875	-0.2
15	-0.2
15	-0.2
15.125	-0.2
15.125	-0.2
15.25	-0.2
15.25	-0.2
15.375	-0.2
15.375	-0.2
15.5	-0.2
15.5	-0.2
15.625	-0.2
15.625	-0.2
15.75	-0.2
15.75	-0.2
15.875	-0.2
15.875	-0.2
16	-0.2
16	-0.2
16.125	-0.2
16.125	-0.2
16.25	-0.2
16.25	-0.2
16.375	-0.2
16.375	-0.2
16.5	-0.2
16.5	-0.2
16.625	-0.2
16.625	-0.2
16.75	-0.2
16.75	-0.2
16.875	-0.2
16.875	-0.2
17	-0.2
17	-0.2
17.125	-0.2
17.125	-0.2
17.25	-0.2
17.25	-0.2
17.375	-0.2
17.375	-0.2
17.5	-0.2
17.5	-0.2
17.625	-0.2
17.625	-0.2
17.75	-0.2
17.75	-0.2
17.875	-0.2
17.875	-0.2
18	-0.2
18	-0.2
18.125	-0.2
18.125	-0.2
18.25	-0.2
18.25	-0.2
18.375	-0.2
18.375	-0.2
18.5	-0.2
18.5	-0.2
18.625	-0.2
18.625	-0.2
18.75	-0.2
18.75	-0.2
18.875	-0.2
18.875	-0.2
19	-0.2
19	-0.2
19.125	-0.2
19.125	-0.2
19.25	-0.2
19.25	-0.2
19.375	-0.2
19.375	-0.2
19.5	-0.2
19.5	-0.2
19.625	-0.2
19.625	-0.2
19.75	-0.2
19.75	-0.2
19.875	-0.2
19.875	-0.2
20	-0.2
0	0
0.125	0
0.125	0
0.25	0
0.25	0
0.375	0
0.375	0
0.5	0
0.5	0
0.625	0
0.625	0
0.75	0
0.75	0
0.875	0
0.875	0
1	0
1	0
1.125	0
1.125	0
1.25	0
1.25	0
1.375	0
1.375	0
1.5	0
1.5	0
1.625	0
1.625	0
1.75	0
1.75	0
1.875	0
1.875	0
2	0
2	0
2.125	0
2.125	0
2.25	0
2.25	0
2.375	0
2.375	0
2.5	0
2.5	0
2.625	0
2.625	0
2.75	0
2.75	0
2.875	0
2.875	0
3	0
3	0
3.125	0
3.125	0
3.25	0
3.25	0
3.375	0
3.375	0
3.5	0
3.5	0
3.625	0
3.625	0
3.75	0
3.75	0
3.875	0
3.875	0
4	0
4	0
4.125	0
4.125	0
4.25	0
4.25	0
4.375	0
4.375	0
4.5	0
4.5	0
4.625	0
4.625	0
4.75	0
4.75	0
4.875	0
4.875	0
5	0
5	0
5.125	0
5.125	0
5.25	0
5.25	0
5.375	0
5.375	0
5.5	0
5.5	0
5.625	0
5.625	0
5.75	0
5.75	0
5.875	0
5.875	0
6	0
6	0
6.125	0
6.125	0
6.25	0
6.25	0
6.375	0
6.375	0
6.5	0
6.5	0
6.625	0
6.625	0
6.75	0
6.75	0
6.875	0
6.875	0
7	0
7	0
7.125	0
7.125	0
7.25	0
7.25	0
7.375	0
7.375	0
7.5	0
7.5	0
7.625	0
7.625	0
7.75	0
7.75	0
7.875	0
7.875	0
8	0
8	0.02421875
8.125	0.02421875
8.125	0.02265625
8.25	0.02265625
8.25	0.02109375
8.375	0.02109375
8.375	0.01953125
8.5	0.01953125
8.5	0.01796875
8.625	0.01796875
8.625	0.01640625
8.75	0.01640625
8.75	0.01484375
8.875	0.01484375
8.875	0.01328125
9	0.01328125
9	0.01171875
9.125	0.01171875
9.125	0.01015625
9.25	0.01015625
9.25	0.00859375000000001
9.375	0.00859375000000001
9.375	0.00703125
9.5	0.00703125
9.5	0.00546875
9.625	0.00546875
9.625	0.00390625
9.75	0.00390625
9.75	0.00234375
9.875	0.00234375
9.875	0.00078125
10	0.00078125
10	-0.00078125
10.125	-0.00078125
10.125	-0.00234375
10.25	-0.00234375
10.25	-0.00390625
10.375	-0.00390625
10.375	-0.00546875
10.5	-0.00546875
10.5	-0.00703125
10.625	-0.00703125
10.625	-0.00859375000000001
10.75	-0.00859375000000001
10.75	-0.01015625
10.875	-0.01015625
10.875	-0.01171875
11	-0.01171875
11	-0.01328125
11.125	-0.01328125
11.125	-0.01484375
11.25	-0.01484375
11.25	-0.01640625
11.375	-0.01640625
11.375	-0.01796875
11.5	-0.01796875
11.5	-0.01953125
11.625	-0.01953125
11.625	-0.02109375
11.75	-0.02109375
11.75	-0.02265625
11.875	-0.02265625
11.875	-0.02421875
12	-0.02421875
12	0
12.125	0
12.125	0
12.25	0
12.25	0
12.375	0
12.375	0
12.5	0
12.5	0
12.625	0
12.625	0
12.75	0
12.75	0
12.875	0
12.875	0
13	0
13	0
13.125	0
13.125	0
13.25	0
13.25	0
13.375	0
13.375	0
13.5	0
13.5	0
13.625	0
13.625	0
13.75	0
13.75	0
13.875	0
13.875	0
14	0
14	0
14.125	0
14.125	0
14.25	0
14.25	0
14.375	0
14.375	0
14.5	0
14.5	0
14.625	0
14.625	0
14.75	0
14.75	0
14.875	0
14.875	0
15	0
15	0
15.125	0
15.125	0
15.25	0
15.25	0
15.375	0
15.375	0
15.5	0
15.5	0
15.625	0
15.625	0
15.75	0
15.75	0
15.875	0
15.875	0
16	0
16	0
16.125	0
16.125	0
16.25	0
16.25	0
16.375	0
16.375	0
16.5	0
16.5	0
16.625	0
16.625	0
16.75	0
16.75	0
16.875	0
16.875	0
17	0
17	0
17.125	0
17.125	0
17.25	0
17.25	0
17.375	0
17.375	0
17.5	0
17.5	0
17.625	0
17.625	0
17.75	0
17.75	0
17.875	0
17.875	0
18	0
18	0
18.125	0
18.125	0
18.25	0
18.25	0
18.375	0
18.375	0
18.5	0
18.5	0
18.625	0
18.625	0
18.75	0
18.75	0
18.875	0
18.875	0
19	0
19	0
19.125	0
19.125	0
19.25	0
19.25	0
19.375	0
19.375	0
19.5	0
19.5	0
19.625	0
19.625	0
19.75	0
19.75	0
19.875	0
19.875	0
20	0
