3	1
80
0	0.4
0.5	0.4
0.5	0.4
1	0.4
1	0.4
1.5	0.4
1.5	0.4
2	0.4
2	0.4
2.5	0.4
2.5	0.4
3	0.4
3	0.4
3.5	0.4
3.5	0.4
4	0.4
4	0.4
4.5	0.4
4.5	0.4
5	0.4
5	0.4
5.5	0.4
5.5	0.4
6	0.4
6	0.4
6.5	0.4
6.5	0.4
7	0.4
7	0.4
7.5	0.4
7.5	0.397116370101632
8	0.402887788377414
8	0.397887034160375
8.5	0.442546607005934
8.5	0.438303024205577
9	0.491318851700936
9	0.484181926729819
9.5	0.548847408964229
9.5	0.532232213062269
10	0.621032882766867
10	0.591860467434053
10.5	0.549198238109555
10.5	0.540427698779304
11	0.491526163035082
11	0.486748187092832
11.5	0.442685519341923
11.5	0.439518492702249
12	0.400903627187601
12	0.400104104833995
12.5	0.400104104833993
12.5	0.400104104833993
13	0.400104104833992
13	0.400104104833993
13.5	0.40010410483399
13.5	0.40010410483399
14	0.400104104833991
14	0.400104104833991
14.5	0.400104104833989
14.5	0.400104104833989
15	0.400104104833989
15	0.400104104833989
15.5	0.400104104833988
15.5	0.400104104833988
16	0.400104104833988
16	0.400104104833988
16.5	0.400104104833988
16.5	0.400104104833988
17	0.400104104833988
17	0.400104104833989
17.5	0.400104104833989
17.5	0.400104104833988
18	0.400104104833986
18	0.400104104833987
18.5	0.400104104833985
18.5	0.400104104833985
19	0.400104104833984
19	0.400104104833984
19.5	0.400104104833983
19.5	0.400104104833983
20	0.400104104833983
0	1.50548
0.5	1.50548
0.5	1.50548
1	1.50548
1	1.50548
1.5	1.50548
1.5	1.50548
2	1.50548
2	1.50548
2.5	1.50548
2.5	1.50548
3	1.50548
3	1.50548
3.5	1.50548
3.5	1.50548
4	1.50548
4	1.50548
4.5	1.50548
4.5	1.50548
5	1.50548
5	1.50548
5.5	1.50548
5.5	1.50548
6	1.50548
6	1.50548
6.5	1.50548
6.5	1.50548
7	1.50547999999999
7	1.50548
7.5	1.50547999999999
7.5	1.49765469609632
8	1.51330530390367
8	1.50547999999999
8.5	1.50547999999999
8.5	1.50547999999999
9	1.50547999999999
9	1.50547999999999
9.5	1.50547999999999
9.5	1.50651746428743
10	1.50444253571254
10	1.50547999999998
10.5	1.50547999999998
10.5	1.50547999999998
11	1.50547999999997
11	1.50547999999997
11.5	1.50547999999997
11.5	1.50547999999997
12	1.50547999999997
12	1.50547999999997
12.5	1.50547999999997
12.5	1.50547999999997
13	1.50547999999997
13	1.50547999999997
13.5	1.50547999999996
13.5	1.50547999999996
14	1.50547999999996
14	1.50547999999996
14.5	1.50547999999996
14.5	1.50547999999996
15	1.50547999999996
15	1.50547999999996
15.5	1.50547999999996
15.5	1.50547999999996
16	1.50547999999996
16	1.50547999999996
16.5	1.50547999999996
16.5	1.50547999999996
17	1.50547999999996
17	1.50547999999996
17.5	1.50547999999996
17.5	1.50547999999996
18	1.50547999999995
18	1.50547999999996
18.5	1.50547999999995
18.5	1.50547999999995
19	1.50547999999995
19	1.50547999999995
19.5	1.50547999999995
19.5	1.50547999999995
20	1.50547999999994
0	-0.2
0.5	-0.2
0.5	-0.2
1	-0.2
1	-0.2
1.5	-0.2
1.5	-0.2
2	-0.2
2	-0.2
2.5	-0.2
2.5	-0.2
3	-0.2
3	-0.2
3.5	-0.2
3.5	-0.2
4	-0.2
4	-0.2
4.5	-0.2
4.5	-0.2
5	-0.2
5	-0.2
5.5	-0.2
5.5	-0.2
6	-0.2
6	-0.2
6.5	-0.2
6.5	-0.2
7	-0.2
7	-0.2
7.5	-0.2
7.5	-0.2
8	-0.2
8	-0.197916666666667
8.5	-0.110416666666667
8.5	-0.110416666666667
9	-0.0479166666666667
9	-0.0479166666666667
9.5	-0.0104166666666667
9.5	-0.0104166666666667
10	0.00208333333333335
10	0.00208333333333335
10.5	-0.0104166666666667
10.5	-0.0104166666666667
11	-0.0479166666666667
11	-0.0479166666666667
11.5	-0.110416666666667
11.5	-0.110416666666667
12	-0.197916666666667
12	-0.2
12.5	-0.2
12.5	-0.2
13	-0.2
13	-0.2
13.5	-0.2
13.5	-0.2
14	-0.2
14	-0.2
14.5	-0.2
14.5	-0.2
15	-0.2
15	-0.2
15.5	-0.2
15.5	-0.2
16	-0.2
16	-0.2
16.5	-0.2
16.5	-0.2
17	-0.2
17	-0.2
17.5	-0.2
17.5	-0.2
18	-0.2
18	-0.2
18.5	-0.2
18.5	-0.2
19	-0.2
19	-0.2
19.5	-0.2
19.5	-0.2
20	-0.2
0	0
0.5	0
0.5	0
1	0
1	0
1.5	0
1.5	0
2	0
2	0
2.5	0
2.5	0
3	0
3	0
3.5	0
3.5	0
4	0
4	0
4.5	0
4.5	0
5	0
5	0
5.5	0
5.5	0
6	0
6	0
6.5	0
6.5	0
7	0
7	0
7.5	0
7.5	0
8	0
8	0.0875
8.5	0.0875
8.5	0.0625
9	0.0625
9	0.0375
9.5	0.0375
9.5	0.0125
10	0.0125
10	-0.0125
10.5	-0.0125
10.5	-0.0375
11	-0.0375
11	-0.0625
11.5	-0.0625
11.5	-0.0875
12	-0.0875
12	0
12.5	0
12.5	0
13	0
13	0
13.5	0
13.5	0
14	0
14	0
14.5	0
14.5	0
15	0
15	0
15.5	0
15.5	0
16	0
16	0
16.5	0
16.5	0
17	0
17	0
17.5	0
17.5	0
18	0
18	0
18.5	0
18.5	0
19	0
19	0
19.5	0
19.5	0
20	0
