3	1
160
0	0.4
0.25	0.4
0.25	0.4
0.5	0.4
0.5	0.4
0.75	0.4
0.75	0.4
1	0.4
1	0.4
1.25	0.4
1.25	0.4
1.5	0.4
1.5	0.4
1.75	0.4
1.75	0.4
2	0.4
2	0.4
2.25	0.4
2.25	0.4
2.5	0.4
2.5	0.4
2.75	0.4
2.75	0.4
3	0.4
3	0.4
3.25	0.4
3.25	0.4
3.5	0.4
3.5	0.4
3.75	0.4
3.75	0.4
4	0.399999999999999
4	0.4
4.25	0.4
4.25	0.4
4.5	0.399999999999999
4.5	0.399999999999999
4.75	0.399999999999999
4.75	0.399999999999999
5	0.399999999999999
5	0.399999999999999
5.25	0.399999999999997
5.25	0.399999999999997
5.5	0.399999999999997
5.5	0.399999999999998
5.75	0.399999999999996
5.75	0.399999999999996
6	0.399999999999996
6	0.399999999999996
6.25	0.399999999999994
6.25	0.399999999999995
6.5	0.399999999999994
6.5	0.399999999999994
6.75	0.399999999999994
6.75	0.399999999999994
7	0.399999999999993
7	0.399999999999993
7.25	0.399999999999992
7.25	0.399999999999992
7.5	0.399999999999992
7.5	0.399999999999992
7.75	0.399999999999992
7.75	0.399279480835844
8	0.400720777262017
8	0.399523272323234
8.25	0.420129102773385
8.25	0.419329697154693
8.5	0.441601761166406
8.5	0.440640369571595
8.75	0.464738364544429
8.75	0.463553487300084
9	0.489649513677697
9	0.488137540048426
9.25	0.516403070932927
9.25	0.51437648804479
9.5	0.544899217749756
9.5	0.542060399933216
9.75	0.57413047722714
9.75	0.57210219973263
10	0.593439874517027
10	0.590947778182112
10.25	0.574136124593916
10.25	0.570755920859482
10.5	0.544912783788401
10.5	0.542640317454227
10.75	0.516416987272006
10.75	0.514775057536344
11	0.489662174406878
11	0.488399482881349
11.25	0.464749538683479
11.25	0.463737396750854
11.5	0.441611546771408
11.5	0.440776979682764
11.75	0.420137668693082
11.75	0.419435524531537
12	0.400207459203295
12	0.40000785914173
12.25	0.400007859141731
12.25	0.400007859141731
12.5	0.400007859141729
12.5	0.400007859141729
12.75	0.400007859141728
12.75	0.400007859141728
13	0.400007859141727
13	0.400007859141727
13.25	0.400007859141728
13.25	0.400007859141728
13.5	0.400007859141726
13.5	0.400007859141727
13.75	0.400007859141727
13.75	0.400007859141727
14	0.400007859141727
14	0.400007859141727
14.25	0.400007859141727
14.25	0.400007859141727
14.5	0.400007859141725
14.5	0.400007859141726
14.75	0.400007859141725
14.75	0.400007859141725
15	0.400007859141725
15	0.400007859141725
15.25	0.400007859141724
15.25	0.400007859141724
15.5	0.400007859141723
15.5	0.400007859141723
15.75	0.400007859141723
15.75	0.400007859141723
16	0.400007859141721
16	0.400007859141721
16.25	0.400007859141718
16.25	0.400007859141718
16.5	0.400007859141719
16.5	0.400007859141719
16.75	0.400007859141717
16.75	0.400007859141717
17	0.400007859141718
17	0.400007859141718
17.25	0.400007859141717
17.25	0.400007859141717
17.5	0.400007859141717
17.5	0.400007859141717
17.75	0.400007859141716
17.75	0.400007859141717
18	0.400007859141714
18	0.400007859141714
18.25	0.400007859141714
18.25	0.400007859141714
18.5	0.400007859141714
18.5	0.400007859141714
18.75	0.400007859141713
18.75	0.400007859141713
19	0.400007859141712
19	0.400007859141712
19.25	0.400007859141711
19.25	0.400007859141711
19.5	0.40000785914171
19.5	0.40000785914171
19.75	0.400007859141709
19.75	0.400007859141709
20	0.400007859141709
0	1.50548
0.25	1.50548
0.25	1.50548
0.5	1.50548
0.5	1.50548
0.75	1.50548
0.75	1.50548
1	1.50548
1	1.50548
1.25	1.50548
1.25	1.50548
1.5	1.50548
1.5	1.50548
1.75	1.50548
1.75	1.50548
2	1.50548
2	1.50548
2.25	1.50548
2.25	1.50548
2.5	1.50548
2.5	1.50548
2.75	1.50548
2.75	1.50548
3	1.50548
3	1.50548
3.25	1.50548
3.25	1.50548
3.5	1.50548
3.5	1.50548
3.75	1.50547999999999
3.75	1.50548
4	1.50547999999999
4	1.50547999999999
4.25	1.50547999999999
4.25	1.50547999999999
4.5	1.50547999999999
4.5	1.50547999999999
4.75	1.50547999999999
4.75	1.50547999999999
5	1.50547999999999
5	1.50547999999999
5.25	1.50547999999999
5.25	1.50547999999999
5.5	1.50547999999999
5.5	1.50547999999999
5.75	1.50547999999998
5.75	1.50547999999998
6	1.50547999999998
6	1.50547999999998
6.25	1.50547999999998
6.25	1.50547999999998
6.5	1.50547999999998
6.5	1.50547999999998
6.75	1.50547999999998
6.75	1.50547999999998
7	1.50547999999998
7	1.50547999999998
7.25	1.50547999999998
7.25	1.50547999999998
7.5	1.50547999999997
7.5	1.50547999999998
7.75	1.50547999999997
7.75	1.50352071894918
8	1.50743928105076
8	1.50547999999997
8.25	1.50547999999997
8.25	1.50547999999997
8.5	1.50547999999997
8.5	1.50547999999997
8.75	1.50547999999997
8.75	1.50547999999997
9	1.50547999999997
9	1.50547999999997
9.25	1.50547999999996
9.25	1.50547999999996
9.5	1.50547999999996
9.5	1.50547999999996
9.75	1.50547999999996
9.75	1.50547999999996
10	1.50547999999996
10	1.50547999999996
10.25	1.50547999999995
10.25	1.50547999999995
10.5	1.50547999999995
10.5	1.50547999999996
10.75	1.50547999999995
10.75	1.50547999999995
11	1.50547999999995
11	1.50547999999995
11.25	1.50547999999995
11.25	1.50547999999995
11.5	1.50547999999995
11.5	1.50547999999995
11.75	1.50547999999995
11.75	1.50547999999995
12	1.50547999999995
12	1.50547999999995
12.25	1.50547999999995
12.25	1.50547999999995
12.5	1.50547999999995
12.5	1.50547999999995
12.75	1.50547999999995
12.75	1.50547999999995
13	1.50547999999994
13	1.50547999999994
13.25	1.50547999999995
13.25	1.50547999999995
13.5	1.50547999999994
13.5	1.50547999999994
13.75	1.50547999999994
13.75	1.50547999999994
14	1.50547999999994
14	1.50547999999994
14.25	1.50547999999994
14.25	1.50547999999994
14.5	1.50547999999994
14.5	1.50547999999994
14.75	1.50547999999994
14.75	1.50547999999993
15	1.50547999999994
15	1.50547999999994
15.25	1.50547999999993
15.25	1.50547999999993
15.5	1.50547999999993
15.5	1.50547999999993
15.75	1.50547999999993
15.75	1.50547999999993
16	1.50547999999992
16	1.50547999999992
16.25	1.50547999999992
16.25	1.50547999999992
16.5	1.50547999999992
16.5	1.50547999999992
16.75	1.50547999999992
16.75	1.50547999999992
17	1.50547999999992
17	1.50547999999992
17.25	1.50547999999992
17.25	1.50547999999992
17.5	1.50547999999992
17.5	1.50547999999992
17.75	1.50547999999992
17.75	1.50547999999992
18	1.50547999999991
18	1.50547999999991
18.25	1.50547999999991
18.25	1.50547999999991
18.5	1.50547999999991
18.5	1.50547999999991
18.75	1.50547999999991
18.75	1.50547999999991
19	1.50547999999991
19	1.50547999999991
19.25	1.5054799999999
19.25	1.5054799999999
19.5	1.5054799999999
19.5	1.5054799999999
19.75	1.5054799999999
19.75	1.5054799999999
20	1.5054799999999
0	-0.2
0.25	-0.2
0.25	-0.2
0.5	-0.2
0.5	-0.2
0.75	-0.2
0.75	-0.2
1	-0.2
1	-0.2
1.25	-0.2
1.25	-0.2
1.5	-0.2
1.5	-0.2
1.75	-0.2
1.75	-0.2
2	-0.2
2	-0.2
2.25	-0.2
2.25	-0.2
2.5	-0.2
2.5	-0.2
2.75	-0.2
2.75	-0.2
3	-0.2
3	-0.2
3.25	-0.2
3.25	-0.2
3.5	-0.2
3.5	-0.2
3.75	-0.2
3.75	-0.2
4	-0.2
4	-0.2
4.25	-0.2
4.25	-0.2
4.5	-0.2
4.5	-0.2
4.75	-0.2
4.75	-0.2
5	-0.2
5	-0.2
5.25	-0.2
5.25	-0.2
5.5	-0.2
5.5	-0.2
5.75	-0.2
5.75	-0.2
6	-0.2
6	-0.2
6.25	-0.2
6.25	-0.2
6.5	-0.2
6.5	-0.2
6.75	-0.2
6.75	-0.2
7	-0.2
7	-0.2
7.25	-0.2
7.25	-0.2
7.5	-0.2
7.5	-0.2
7.75	-0.2
7.75	-0.2
8	-0.2
8	-0.199479166666667
8.25	-0.152604166666667
8.25	-0.152604166666667
8.5	-0.111979166666667
8.5	-0.111979166666667
8.75	-0.0776041666666667
8.75	-0.0776041666666667
9	-0.0494791666666667
9	-0.0494791666666667
9.25	-0.0276041666666667
9.25	-0.0276041666666667
9.5	-0.0119791666666667
9.5	-0.0119791666666667
9.75	-0.00260416666666666
9.75	-0.00260416666666666
10	0.000520833333333336
10	0.000520833333333336
10.25	-0.00260416666666666
10.25	-0.00260416666666666
10.5	-0.0119791666666667
10.5	-0.0119791666666667
10.75	-0.0276041666666667
10.75	-0.0276041666666667
11	-0.0494791666666667
11	-0.0494791666666667
11.25	-0.0776041666666667
11.25	-0.0776041666666667
11.5	-0.111979166666667
11.5	-0.111979166666667
11.75	-0.152604166666667
11.75	-0.152604166666667
12	-0.199479166666667
12	-0.2
12.25	-0.2
12.25	-0.2
12.5	-0.2
12.5	-0.2
12.75	-0.2
12.75	-0.2
13	-0.2
13	-0.2
13.25	-0.2
13.25	-0.2
13.5	-0.2
13.5	-0.2
13.75	-0.2
13.75	-0.2
14	-0.2
14	-0.2
14.25	-0.2
14.25	-0.2
14.5	-0.2
14.5	-0.2
14.75	-0.2
14.75	-0.2
15	-0.2
15	-0.2
15.25	-0.2
15.25	-0.2
15.5	-0.2
15.5	-0.2
15.75	-0.2
15.75	-0.2
16	-0.2
16	-0.2
16.25	-0.2
16.25	-0.2
16.5	-0.2
16.5	-0.2
16.75	-0.2
16.75	-0.2
17	-0.2
17	-0.2
17.25	-0.2
17.25	-0.2
17.5	-0.2
17.5	-0.2
17.75	-0.2
17.75	-0.2
18	-0.2
18	-0.2
18.25	-0.2
18.25	-0.2
18.5	-0.2
18.5	-0.2
18.75	-0.2
18.75	-0.2
19	-0.2
19	-0.2
19.25	-0.2
19.25	-0.2
19.5	-0.2
19.5	-0.2
19.75	-0.2
19.75	-0.2
20	-0.2
0	0
0.25	0
0.25	0
0.5	0
0.5	0
0.75	0
0.75	0
1	0
1	0
1.25	0
1.25	0
1.5	0
1.5	0
1.75	0
1.75	0
2	0
2	0
2.25	0
2.25	0
2.5	0
2.5	0
2.75	0
2.75	0
3	0
3	0
3.25	0
3.25	0
3.5	0
3.5	0
3.75	0
3.75	0
4	0
4	0
4.25	0
4.25	0
4.5	0
4.5	0
4.75	0
4.75	0
5	0
5	0
5.25	0
5.25	0
5.5	0
5.5	0
5.75	0
5.75	0
6	0
6	0
6.25	0
6.25	0
6.5	0
6.5	0
6.75	0
6.75	0
7	0
7	0
7.25	0
7.25	0
7.5	0
7.5	0
7.75	0
7.75	0
8	0
8	0.046875
8.25	0.046875
8.25	0.040625
8.5	0.040625
8.5	0.034375
8.75	0.034375
8.75	0.028125
9	0.028125
9	0.021875
9.25	0.021875
9.25	0.015625
9.5	0.015625
9.5	0.009375
9.75	0.009375
9.75	0.003125
10	0.003125
10	-0.003125
10.25	-0.003125
10.25	-0.009375
10.5	-0.009375
10.5	-0.015625
10.75	-0.015625
10.75	-0.021875
11	-0.021875
11	-0.028125
11.25	-0.028125
11.25	-0.034375
11.5	-0.034375
11.5	-0.040625
11.75	-0.040625
11.75	-0.046875
12	-0.046875
12	0
12.25	0
12.25	0
12.5	0
12.5	0
12.75	0
12.75	0
13	0
13	0
13.25	0
13.25	0
13.5	0
13.5	0
13.75	0
13.75	0
14	0
14	0
14.25	0
14.25	0
14.5	0
14.5	0
14.75	0
14.75	0
15	0
15	0
15.25	0
15.25	0
15.5	0
15.5	0
15.75	0
15.75	0
16	0
16	0
16.25	0
16.25	0
16.5	0
16.5	0
16.75	0
16.75	0
17	0
17	0
17.25	0
17.25	0
17.5	0
17.5	0
17.75	0
17.75	0
18	0
18	0
18.25	0
18.25	0
18.5	0
18.5	0
18.75	0
18.75	0
19	0
19	0
19.25	0
19.25	0
19.5	0
19.5	0
19.75	0
19.75	0
20	0
