ridge.640
1.1
0
641
0
0.03125
0.0625
0.09375
0.125
0.15625
0.1875
0.21875
0.25
0.28125
0.3125
0.34375
0.375
0.40625
0.4375
0.46875
0.5
0.53125
0.5625
0.59375
0.625
0.65625
0.6875
0.71875
0.75
0.78125
0.8125
0.84375
0.875
0.90625
0.9375
0.96875
1
1.03125
1.0625
1.09375
1.125
1.15625
1.1875
1.21875
1.25
1.28125
1.3125
1.34375
1.375
1.40625
1.4375
1.46875
1.5
1.53125
1.5625
1.59375
1.625
1.65625
1.6875
1.71875
1.75
1.78125
1.8125
1.84375
1.875
1.90625
1.9375
1.96875
2
2.03125
2.0625
2.09375
2.125
2.15625
2.1875
2.21875
2.25
2.28125
2.3125
2.34375
2.375
2.40625
2.4375
2.46875
2.5
2.53125
2.5625
2.59375
2.625
2.65625
2.6875
2.71875
2.75
2.78125
2.8125
2.84375
2.875
2.90625
2.9375
2.96875
3
3.03125
3.0625
3.09375
3.125
3.15625
3.1875
3.21875
3.25
3.28125
3.3125
3.34375
3.375
3.40625
3.4375
3.46875
3.5
3.53125
3.5625
3.59375
3.625
3.65625
3.6875
3.71875
3.75
3.78125
3.8125
3.84375
3.875
3.90625
3.9375
3.96875
4
4.03125
4.0625
4.09375
4.125
4.15625
4.1875
4.21875
4.25
4.28125
4.3125
4.34375
4.375
4.40625
4.4375
4.46875
4.5
4.53125
4.5625
4.59375
4.625
4.65625
4.6875
4.71875
4.75
4.78125
4.8125
4.84375
4.875
4.90625
4.9375
4.96875
5
5.03125
5.0625
5.09375
5.125
5.15625
5.1875
5.21875
5.25
5.28125
5.3125
5.34375
5.375
5.40625
5.4375
5.46875
5.5
5.53125
5.5625
5.59375
5.625
5.65625
5.6875
5.71875
5.75
5.78125
5.8125
5.84375
5.875
5.90625
5.9375
5.96875
6
6.03125
6.0625
6.09375
6.125
6.15625
6.1875
6.21875
6.25
6.28125
6.3125
6.34375
6.375
6.40625
6.4375
6.46875
6.5
6.53125
6.5625
6.59375
6.625
6.65625
6.6875
6.71875
6.75
6.78125
6.8125
6.84375
6.875
6.90625
6.9375
6.96875
7
7.03125
7.0625
7.09375
7.125
7.15625
7.1875
7.21875
7.25
7.28125
7.3125
7.34375
7.375
7.40625
7.4375
7.46875
7.5
7.53125
7.5625
7.59375
7.625
7.65625
7.6875
7.71875
7.75
7.78125
7.8125
7.84375
7.875
7.90625
7.9375
7.96875
8
8.03125
8.0625
8.09375
8.125
8.15625
8.1875
8.21875
8.25
8.28125
8.3125
8.34375
8.375
8.40625
8.4375
8.46875
8.5
8.53125
8.5625
8.59375
8.625
8.65625
8.6875
8.71875
8.75
8.78125
8.8125
8.84375
8.875
8.90625
8.9375
8.96875
9
9.03125
9.0625
9.09375
9.125
9.15625
9.1875
9.21875
9.25
9.28125
9.3125
9.34375
9.375
9.40625
9.4375
9.46875
9.5
9.53125
9.5625
9.59375
9.625
9.65625
9.6875
9.71875
9.75
9.78125
9.8125
9.84375
9.875
9.90625
9.9375
9.96875
10
10.03125
10.0625
10.09375
10.125
10.15625
10.1875
10.21875
10.25
10.28125
10.3125
10.34375
10.375
10.40625
10.4375
10.46875
10.5
10.53125
10.5625
10.59375
10.625
10.65625
10.6875
10.71875
10.75
10.78125
10.8125
10.84375
10.875
10.90625
10.9375
10.96875
11
11.03125
11.0625
11.09375
11.125
11.15625
11.1875
11.21875
11.25
11.28125
11.3125
11.34375
11.375
11.40625
11.4375
11.46875
11.5
11.53125
11.5625
11.59375
11.625
11.65625
11.6875
11.71875
11.75
11.78125
11.8125
11.84375
11.875
11.90625
11.9375
11.96875
12
12.03125
12.0625
12.09375
12.125
12.15625
12.1875
12.21875
12.25
12.28125
12.3125
12.34375
12.375
12.40625
12.4375
12.46875
12.5
12.53125
12.5625
12.59375
12.625
12.65625
12.6875
12.71875
12.75
12.78125
12.8125
12.84375
12.875
12.90625
12.9375
12.96875
13
13.03125
13.0625
13.09375
13.125
13.15625
13.1875
13.21875
13.25
13.28125
13.3125
13.34375
13.375
13.40625
13.4375
13.46875
13.5
13.53125
13.5625
13.59375
13.625
13.65625
13.6875
13.71875
13.75
13.78125
13.8125
13.84375
13.875
13.90625
13.9375
13.96875
14
14.03125
14.0625
14.09375
14.125
14.15625
14.1875
14.21875
14.25
14.28125
14.3125
14.34375
14.375
14.40625
14.4375
14.46875
14.5
14.53125
14.5625
14.59375
14.625
14.65625
14.6875
14.71875
14.75
14.78125
14.8125
14.84375
14.875
14.90625
14.9375
14.96875
15
15.03125
15.0625
15.09375
15.125
15.15625
15.1875
15.21875
15.25
15.28125
15.3125
15.34375
15.375
15.40625
15.4375
15.46875
15.5
15.53125
15.5625
15.59375
15.625
15.65625
15.6875
15.71875
15.75
15.78125
15.8125
15.84375
15.875
15.90625
15.9375
15.96875
16
16.03125
16.0625
16.09375
16.125
16.15625
16.1875
16.21875
16.25
16.28125
16.3125
16.34375
16.375
16.40625
16.4375
16.46875
16.5
16.53125
16.5625
16.59375
16.625
16.65625
16.6875
16.71875
16.75
16.78125
16.8125
16.84375
16.875
16.90625
16.9375
16.96875
17
17.03125
17.0625
17.09375
17.125
17.15625
17.1875
17.21875
17.25
17.28125
17.3125
17.34375
17.375
17.40625
17.4375
17.46875
17.5
17.53125
17.5625
17.59375
17.625
17.65625
17.6875
17.71875
17.75
17.78125
17.8125
17.84375
17.875
17.90625
17.9375
17.96875
18
18.03125
18.0625
18.09375
18.125
18.15625
18.1875
18.21875
18.25
18.28125
18.3125
18.34375
18.375
18.40625
18.4375
18.46875
18.5
18.53125
18.5625
18.59375
18.625
18.65625
18.6875
18.71875
18.75
18.78125
18.8125
18.84375
18.875
18.90625
18.9375
18.96875
19
19.03125
19.0625
19.09375
19.125
19.15625
19.1875
19.21875
19.25
19.28125
19.3125
19.34375
19.375
19.40625
19.4375
19.46875
19.5
19.53125
19.5625
19.59375
19.625
19.65625
19.6875
19.71875
19.75
19.78125
19.8125
19.84375
19.875
19.90625
19.9375
19.96875
20
640
1	2
2	3
3	4
4	5
5	6
6	7
7	8
8	9
9	10
10	11
11	12
12	13
13	14
14	15
15	16
16	17
17	18
18	19
19	20
20	21
21	22
22	23
23	24
24	25
25	26
26	27
27	28
28	29
29	30
30	31
31	32
32	33
33	34
34	35
35	36
36	37
37	38
38	39
39	40
40	41
41	42
42	43
43	44
44	45
45	46
46	47
47	48
48	49
49	50
50	51
51	52
52	53
53	54
54	55
55	56
56	57
57	58
58	59
59	60
60	61
61	62
62	63
63	64
64	65
65	66
66	67
67	68
68	69
69	70
70	71
71	72
72	73
73	74
74	75
75	76
76	77
77	78
78	79
79	80
80	81
81	82
82	83
83	84
84	85
85	86
86	87
87	88
88	89
89	90
90	91
91	92
92	93
93	94
94	95
95	96
96	97
97	98
98	99
99	100
100	101
101	102
102	103
103	104
104	105
105	106
106	107
107	108
108	109
109	110
110	111
111	112
112	113
113	114
114	115
115	116
116	117
117	118
118	119
119	120
120	121
121	122
122	123
123	124
124	125
125	126
126	127
127	128
128	129
129	130
130	131
131	132
132	133
133	134
134	135
135	136
136	137
137	138
138	139
139	140
140	141
141	142
142	143
143	144
144	145
145	146
146	147
147	148
148	149
149	150
150	151
151	152
152	153
153	154
154	155
155	156
156	157
157	158
158	159
159	160
160	161
161	162
162	163
163	164
164	165
165	166
166	167
167	168
168	169
169	170
170	171
171	172
172	173
173	174
174	175
175	176
176	177
177	178
178	179
179	180
180	181
181	182
182	183
183	184
184	185
185	186
186	187
187	188
188	189
189	190
190	191
191	192
192	193
193	194
194	195
195	196
196	197
197	198
198	199
199	200
200	201
201	202
202	203
203	204
204	205
205	206
206	207
207	208
208	209
209	210
210	211
211	212
212	213
213	214
214	215
215	216
216	217
217	218
218	219
219	220
220	221
221	222
222	223
223	224
224	225
225	226
226	227
227	228
228	229
229	230
230	231
231	232
232	233
233	234
234	235
235	236
236	237
237	238
238	239
239	240
240	241
241	242
242	243
243	244
244	245
245	246
246	247
247	248
248	249
249	250
250	251
251	252
252	253
253	254
254	255
255	256
256	257
257	258
258	259
259	260
260	261
261	262
262	263
263	264
264	265
265	266
266	267
267	268
268	269
269	270
270	271
271	272
272	273
273	274
274	275
275	276
276	277
277	278
278	279
279	280
280	281
281	282
282	283
283	284
284	285
285	286
286	287
287	288
288	289
289	290
290	291
291	292
292	293
293	294
294	295
295	296
296	297
297	298
298	299
299	300
300	301
301	302
302	303
303	304
304	305
305	306
306	307
307	308
308	309
309	310
310	311
311	312
312	313
313	314
314	315
315	316
316	317
317	318
318	319
319	320
320	321
321	322
322	323
323	324
324	325
325	326
326	327
327	328
328	329
329	330
330	331
331	332
332	333
333	334
334	335
335	336
336	337
337	338
338	339
339	340
340	341
341	342
342	343
343	344
344	345
345	346
346	347
347	348
348	349
349	350
350	351
351	352
352	353
353	354
354	355
355	356
356	357
357	358
358	359
359	360
360	361
361	362
362	363
363	364
364	365
365	366
366	367
367	368
368	369
369	370
370	371
371	372
372	373
373	374
374	375
375	376
376	377
377	378
378	379
379	380
380	381
381	382
382	383
383	384
384	385
385	386
386	387
387	388
388	389
389	390
390	391
391	392
392	393
393	394
394	395
395	396
396	397
397	398
398	399
399	400
400	401
401	402
402	403
403	404
404	405
405	406
406	407
407	408
408	409
409	410
410	411
411	412
412	413
413	414
414	415
415	416
416	417
417	418
418	419
419	420
420	421
421	422
422	423
423	424
424	425
425	426
426	427
427	428
428	429
429	430
430	431
431	432
432	433
433	434
434	435
435	436
436	437
437	438
438	439
439	440
440	441
441	442
442	443
443	444
444	445
445	446
446	447
447	448
448	449
449	450
450	451
451	452
452	453
453	454
454	455
455	456
456	457
457	458
458	459
459	460
460	461
461	462
462	463
463	464
464	465
465	466
466	467
467	468
468	469
469	470
470	471
471	472
472	473
473	474
474	475
475	476
476	477
477	478
478	479
479	480
480	481
481	482
482	483
483	484
484	485
485	486
486	487
487	488
488	489
489	490
490	491
491	492
492	493
493	494
494	495
495	496
496	497
497	498
498	499
499	500
500	501
501	502
502	503
503	504
504	505
505	506
506	507
507	508
508	509
509	510
510	511
511	512
512	513
513	514
514	515
515	516
516	517
517	518
518	519
519	520
520	521
521	522
522	523
523	524
524	525
525	526
526	527
527	528
528	529
529	530
530	531
531	532
532	533
533	534
534	535
535	536
536	537
537	538
538	539
539	540
540	541
541	542
542	543
543	544
544	545
545	546
546	547
547	548
548	549
549	550
550	551
551	552
552	553
553	554
554	555
555	556
556	557
557	558
558	559
559	560
560	561
561	562
562	563
563	564
564	565
565	566
566	567
567	568
568	569
569	570
570	571
571	572
572	573
573	574
574	575
575	576
576	577
577	578
578	579
579	580
580	581
581	582
582	583
583	584
584	585
585	586
586	587
587	588
588	589
589	590
590	591
591	592
592	593
593	594
594	595
595	596
596	597
597	598
598	599
599	600
600	601
601	602
602	603
603	604
604	605
605	606
606	607
607	608
608	609
609	610
610	611
611	612
612	613
613	614
614	615
615	616
616	617
617	618
618	619
619	620
620	621
621	622
622	623
623	624
624	625
625	626
626	627
627	628
628	629
629	630
630	631
631	632
632	633
633	634
634	635
635	636
636	637
637	638
638	639
639	640
640	641
2
1	4
641	4
