3	1
320
0	0.2
0.125	0.2
0.125	0.2
0.25	0.2
0.25	0.2
0.375	0.2
0.375	0.2
0.5	0.2
0.5	0.2
0.625	0.2
0.625	0.2
0.75	0.2
0.75	0.2
0.875	0.2
0.875	0.2
1	0.2
1	0.2
1.125	0.2
1.125	0.2
1.25	0.2
1.25	0.2
1.375	0.2
1.375	0.2
1.5	0.2
1.5	0.2
1.625	0.2
1.625	0.2
1.75	0.2
1.75	0.2
1.875	0.2
1.875	0.2
2	0.2
2	0.2
2.125	0.2
2.125	0.2
2.25	0.2
2.25	0.2
2.375	0.2
2.375	0.2
2.5	0.2
2.5	0.2
2.625	0.2
2.625	0.2
2.75	0.2
2.75	0.2
2.875	0.2
2.875	0.2
3	0.2
3	0.2
3.125	0.219134171618254
3.125	0.219134171618254
3.25	0.235355339059327
3.25	0.235355339059327
3.375	0.246193976625564
3.375	0.246193976625564
3.5	0.25
3.5	0.25
3.625	0.246193976625564
3.625	0.246193976625564
3.75	0.235355339059327
3.75	0.235355339059327
3.875	0.219134171618255
3.875	0.219134171618255
4	0.2
4	0.2
4.125	0.180865828381746
4.125	0.180865828381746
4.25	0.164644660940673
4.25	0.164644660940673
4.375	0.153806023374436
4.375	0.153806023374436
4.5	0.15
4.5	0.15
4.625	0.153806023374436
4.625	0.153806023374436
4.75	0.164644660940673
4.75	0.164644660940673
4.875	0.180865828381745
4.875	0.180865828381745
5	0.2
5	0.2
5.125	0.219134171618254
5.125	0.219134171618254
5.25	0.235355339059327
5.25	0.235355339059327
5.375	0.246193976625564
5.375	0.246193976625564
5.5	0.25
5.5	0.25
5.625	0.246193976625564
5.625	0.246193976625564
5.75	0.235355339059327
5.75	0.235355339059327
5.875	0.219134171618254
5.875	0.219134171618254
6	0.2
6	0.2
6.125	0.180865828381746
6.125	0.180865828381746
6.25	0.164644660940673
6.25	0.164644660940673
6.375	0.153806023374436
6.375	0.153806023374436
6.5	0.15
6.5	0.15
6.625	0.153806023374436
6.625	0.153806023374436
6.75	0.164644660940673
6.75	0.164644660940673
6.875	0.180865828381746
6.875	0.180865828381746
7	0.2
7	0.2
7.125	0.219134171618254
7.125	0.219134171618254
7.25	0.235355339059327
7.25	0.235355339059327
7.375	0.246193976625564
7.375	0.246193976625564
7.5	0.25
7.5	0.25
7.625	0.246193976625564
7.625	0.246193976625564
7.75	0.235355339059327
7.75	0.235355339059327
7.875	0.219134171618254
7.875	0.219134171618254
8	0.2
8	0.2
8.125	0.180865828381746
8.125	0.180865828381746
8.25	0.164644660940673
8.25	0.164644660940673
8.375	0.153806023374436
8.375	0.153806023374436
8.5	0.15
8.5	0.15
8.625	0.153806023374436
8.625	0.153806023374436
8.75	0.164644660940673
8.75	0.164644660940673
8.875	0.180865828381746
8.875	0.180865828381746
9	0.2
9	0.2
9.125	0.219134171618254
9.125	0.219134171618254
9.25	0.235355339059327
9.25	0.235355339059327
9.375	0.246193976625564
9.375	0.246193976625564
9.5	0.25
9.5	0.25
9.625	0.246193976625564
9.625	0.246193976625564
9.75	0.235355339059327
9.75	0.235355339059327
9.875	0.219134171618254
9.875	0.219134171618254
10	0.2
10	0.2
10.125	0.180865828381746
10.125	0.180865828381746
10.25	0.164644660940673
10.25	0.164644660940673
10.375	0.153806023374436
10.375	0.153806023374436
10.5	0.15
10.5	0.15
10.625	0.153806023374436
10.625	0.153806023374436
10.75	0.164644660940673
10.75	0.164644660940673
10.875	0.180865828381745
10.875	0.180865828381745
11	0.2
11	0.2
11.125	0.219134171618255
11.125	0.219134171618255
11.25	0.235355339059327
11.25	0.235355339059327
11.375	0.246193976625564
11.375	0.246193976625564
11.5	0.25
11.5	0.25
11.625	0.246193976625564
11.625	0.246193976625564
11.75	0.235355339059327
11.75	0.235355339059327
11.875	0.219134171618254
11.875	0.219134171618254
12	0.2
12	0.2
12.125	0.180865828381746
12.125	0.180865828381746
12.25	0.164644660940673
12.25	0.164644660940673
12.375	0.153806023374436
12.375	0.153806023374436
12.5	0.15
12.5	0.15
12.625	0.153806023374436
12.625	0.153806023374436
12.75	0.164644660940673
12.75	0.164644660940673
12.875	0.180865828381745
12.875	0.180865828381745
13	0.2
13	0.2
13.125	0.219134171618254
13.125	0.219134171618255
13.25	0.235355339059327
13.25	0.235355339059327
13.375	0.246193976625564
13.375	0.246193976625564
13.5	0.25
13.5	0.25
13.625	0.246193976625564
13.625	0.246193976625564
13.75	0.235355339059327
13.75	0.235355339059327
13.875	0.219134171618255
13.875	0.219134171618255
14	0.2
14	0.2
14.125	0.180865828381746
14.125	0.180865828381746
14.25	0.164644660940673
14.25	0.164644660940673
14.375	0.153806023374436
14.375	0.153806023374436
14.5	0.15
14.5	0.15
14.625	0.153806023374436
14.625	0.153806023374436
14.75	0.164644660940673
14.75	0.164644660940673
14.875	0.180865828381745
14.875	0.180865828381745
15	0.2
15	0.2
15.125	0.219134171618255
15.125	0.219134171618255
15.25	0.235355339059327
15.25	0.235355339059327
15.375	0.246193976625564
15.375	0.246193976625564
15.5	0.25
15.5	0.25
15.625	0.246193976625564
15.625	0.246193976625564
15.75	0.235355339059327
15.75	0.235355339059327
15.875	0.219134171618255
15.875	0.219134171618254
16	0.2
16	0.2
16.125	0.180865828381746
16.125	0.180865828381746
16.25	0.164644660940673
16.25	0.164644660940673
16.375	0.153806023374436
16.375	0.153806023374436
16.5	0.15
16.5	0.15
16.625	0.153806023374436
16.625	0.153806023374436
16.75	0.164644660940673
16.75	0.164644660940673
16.875	0.180865828381745
16.875	0.180865828381745
17	0.2
17	0.2
17.125	0.2
17.125	0.2
17.25	0.2
17.25	0.2
17.375	0.2
17.375	0.2
17.5	0.2
17.5	0.2
17.625	0.2
17.625	0.2
17.75	0.2
17.75	0.2
17.875	0.2
17.875	0.2
18	0.2
18	0.2
18.125	0.2
18.125	0.2
18.25	0.2
18.25	0.2
18.375	0.2
18.375	0.2
18.5	0.2
18.5	0.2
18.625	0.2
18.625	0.2
18.75	0.2
18.75	0.2
18.875	0.2
18.875	0.2
19	0.2
19	0.2
19.125	0.2
19.125	0.2
19.25	0.2
19.25	0.2
19.375	0.2
19.375	0.2
19.5	0.2
19.5	0.2
19.625	0.2
19.625	0.2
19.75	0.2
19.75	0.2
19.875	0.2
19.875	0.2
20	0.2
0	0.07924
0.125	0.07924
0.125	0.07924
0.25	0.07924
0.25	0.07924
0.375	0.07924
0.375	0.07924
0.5	0.07924
0.5	0.07924
0.625	0.07924
0.625	0.07924
0.75	0.07924
0.75	0.07924
0.875	0.07924
0.875	0.07924
1	0.07924
1	0.07924
1.125	0.07924
1.125	0.07924
1.25	0.07924
1.25	0.07924
1.375	0.07924
1.375	0.07924
1.5	0.07924
1.5	0.07924
1.625	0.07924
1.625	0.07924
1.75	0.07924
1.75	0.07924
1.875	0.07924
1.875	0.07924
2	0.07924
2	0.07924
2.125	0.07924
2.125	0.07924
2.25	0.07924
2.25	0.07924
2.375	0.07924
2.375	0.07924
2.5	0.07924
2.5	0.07924
2.625	0.07924
2.625	0.07924
2.75	0.07924
2.75	0.07924
2.875	0.07924
2.875	0.07924
3	0.07924
3	0.07924
3.125	0.0868209587951524
3.125	0.0868209587951524
3.25	0.0932477853353055
3.25	0.0932477853353055
3.375	0.0975420535390486
3.375	0.0975420535390486
3.5	0.09905
3.5	0.09905
3.625	0.0975420535390486
3.625	0.0975420535390486
3.75	0.0932477853353055
3.75	0.0932477853353055
3.875	0.0868209587951524
3.875	0.0868209587951524
4	0.07924
4	0.07924
4.125	0.0716590412048476
4.125	0.0716590412048476
4.25	0.0652322146646945
4.25	0.0652322146646945
4.375	0.0609379464609514
4.375	0.0609379464609514
4.5	0.05943
4.5	0.05943
4.625	0.0609379464609514
4.625	0.0609379464609514
4.75	0.0652322146646945
4.75	0.0652322146646945
4.875	0.0716590412048476
4.875	0.0716590412048476
5	0.07924
5	0.07924
5.125	0.0868209587951524
5.125	0.0868209587951524
5.25	0.0932477853353055
5.25	0.0932477853353055
5.375	0.0975420535390486
5.375	0.0975420535390486
5.5	0.09905
5.5	0.09905
5.625	0.0975420535390486
5.625	0.0975420535390486
5.75	0.0932477853353055
5.75	0.0932477853353055
5.875	0.0868209587951524
5.875	0.0868209587951524
6	0.07924
6	0.07924
6.125	0.0716590412048476
6.125	0.0716590412048476
6.25	0.0652322146646945
6.25	0.0652322146646945
6.375	0.0609379464609514
6.375	0.0609379464609514
6.5	0.05943
6.5	0.05943
6.625	0.0609379464609514
6.625	0.0609379464609514
6.75	0.0652322146646945
6.75	0.0652322146646945
6.875	0.0716590412048476
6.875	0.0716590412048476
7	0.07924
7	0.07924
7.125	0.0868209587951524
7.125	0.0868209587951524
7.25	0.0932477853353055
7.25	0.0932477853353055
7.375	0.0975420535390486
7.375	0.0975420535390486
7.5	0.09905
7.5	0.09905
7.625	0.0975420535390486
7.625	0.0975420535390486
7.75	0.0932477853353055
7.75	0.0932477853353055
7.875	0.0868209587951524
7.875	0.0868209587951524
8	0.07924
8	0.07924
8.125	0.0716590412048476
8.125	0.0716590412048476
8.25	0.0652322146646945
8.25	0.0652322146646945
8.375	0.0609379464609514
8.375	0.0609379464609514
8.5	0.05943
8.5	0.05943
8.625	0.0609379464609514
8.625	0.0609379464609514
8.75	0.0652322146646945
8.75	0.0652322146646945
8.875	0.0716590412048476
8.875	0.0716590412048476
9	0.07924
9	0.07924
9.125	0.0868209587951524
9.125	0.0868209587951524
9.25	0.0932477853353055
9.25	0.0932477853353055
9.375	0.0975420535390486
9.375	0.0975420535390486
9.5	0.09905
9.5	0.09905
9.625	0.0975420535390486
9.625	0.0975420535390486
9.75	0.0932477853353055
9.75	0.0932477853353055
9.875	0.0868209587951524
9.875	0.0868209587951524
10	0.07924
10	0.07924
10.125	0.0716590412048476
10.125	0.0716590412048476
10.25	0.0652322146646945
10.25	0.0652322146646945
10.375	0.0609379464609514
10.375	0.0609379464609514
10.5	0.05943
10.5	0.05943
10.625	0.0609379464609514
10.625	0.0609379464609514
10.75	0.0652322146646945
10.75	0.0652322146646945
10.875	0.0716590412048475
10.875	0.0716590412048475
11	0.0792399999999999
11	0.0792399999999999
11.125	0.0868209587951524
11.125	0.0868209587951524
11.25	0.0932477853353055
11.25	0.0932477853353055
11.375	0.0975420535390486
11.375	0.0975420535390486
11.5	0.09905
11.5	0.09905
11.625	0.0975420535390486
11.625	0.0975420535390486
11.75	0.0932477853353055
11.75	0.0932477853353055
11.875	0.0868209587951524
11.875	0.0868209587951524
12	0.07924
12	0.07924
12.125	0.0716590412048476
12.125	0.0716590412048476
12.25	0.0652322146646946
12.25	0.0652322146646946
12.375	0.0609379464609514
12.375	0.0609379464609514
12.5	0.05943
12.5	0.05943
12.625	0.0609379464609514
12.625	0.0609379464609514
12.75	0.0652322146646945
12.75	0.0652322146646945
12.875	0.0716590412048475
12.875	0.0716590412048475
13	0.07924
13	0.07924
13.125	0.0868209587951524
13.125	0.0868209587951524
13.25	0.0932477853353055
13.25	0.0932477853353055
13.375	0.0975420535390486
13.375	0.0975420535390486
13.5	0.09905
13.5	0.09905
13.625	0.0975420535390486
13.625	0.0975420535390486
13.75	0.0932477853353055
13.75	0.0932477853353055
13.875	0.0868209587951524
13.875	0.0868209587951524
14	0.07924
14	0.07924
14.125	0.0716590412048476
14.125	0.0716590412048476
14.25	0.0652322146646946
14.25	0.0652322146646946
14.375	0.0609379464609514
14.375	0.0609379464609514
14.5	0.05943
14.5	0.05943
14.625	0.0609379464609514
14.625	0.0609379464609514
14.75	0.0652322146646945
14.75	0.0652322146646945
14.875	0.0716590412048475
14.875	0.0716590412048475
15	0.0792399999999999
15	0.0792399999999999
15.125	0.0868209587951524
15.125	0.0868209587951524
15.25	0.0932477853353055
15.25	0.0932477853353055
15.375	0.0975420535390486
15.375	0.0975420535390486
15.5	0.09905
15.5	0.09905
15.625	0.0975420535390486
15.625	0.0975420535390486
15.75	0.0932477853353055
15.75	0.0932477853353055
15.875	0.0868209587951524
15.875	0.0868209587951524
16	0.07924
16	0.07924
16.125	0.0716590412048476
16.125	0.0716590412048476
16.25	0.0652322146646946
16.25	0.0652322146646946
16.375	0.0609379464609514
16.375	0.0609379464609514
16.5	0.05943
16.5	0.05943
16.625	0.0609379464609514
16.625	0.0609379464609514
16.75	0.0652322146646945
16.75	0.0652322146646945
16.875	0.0716590412048475
16.875	0.0716590412048475
17	0.07924
17	0.07924
17.125	0.07924
17.125	0.07924
17.25	0.07924
17.25	0.07924
17.375	0.07924
17.375	0.07924
17.5	0.07924
17.5	0.07924
17.625	0.07924
17.625	0.07924
17.75	0.07924
17.75	0.07924
17.875	0.07924
17.875	0.07924
18	0.07924
18	0.07924
18.125	0.07924
18.125	0.07924
18.25	0.07924
18.25	0.07924
18.375	0.07924
18.375	0.07924
18.5	0.07924
18.5	0.07924
18.625	0.07924
18.625	0.07924
18.75	0.07924
18.75	0.07924
18.875	0.07924
18.875	0.07924
19	0.07924
19	0.07924
19.125	0.07924
19.125	0.07924
19.25	0.07924
19.25	0.07924
19.375	0.07924
19.375	0.07924
19.5	0.07924
19.5	0.07924
19.625	0.07924
19.625	0.07924
19.75	0.07924
19.75	0.07924
19.875	0.07924
19.875	0.07924
20	0.07924
0	0
0.125	0
0.125	0
0.25	0
0.25	0
0.375	0
0.375	0
0.5	0
0.5	0
0.625	0
0.625	0
0.75	0
0.75	0
0.875	0
0.875	0
1	0
1	0
1.125	0
1.125	0
1.25	0
1.25	0
1.375	0
1.375	0
1.5	0
1.5	0
1.625	0
1.625	0
1.75	0
1.75	0
1.875	0
1.875	0
2	0
2	0
2.125	0
2.125	0
2.25	0
2.25	0
2.375	0
2.375	0
2.5	0
2.5	0
2.625	0
2.625	0
2.75	0
2.75	0
2.875	0
2.875	0
3	1.83697019872103e-17
3	1.73472347597681e-17
3.125	-0.0191341716182545
3.125	-0.0191341716182545
3.25	-0.0353553390593274
3.25	-0.0353553390593274
3.375	-0.0461939766255643
3.375	-0.0461939766255643
3.5	-0.05
3.5	-0.05
3.625	-0.0461939766255643
3.625	-0.0461939766255643
3.75	-0.0353553390593274
3.75	-0.0353553390593274
3.875	-0.0191341716182545
3.875	-0.0191341716182545
4	-2.42861286636753e-17
4	-2.42861286636753e-17
4.125	0.0191341716182545
4.125	0.0191341716182545
4.25	0.0353553390593274
4.25	0.0353553390593274
4.375	0.0461939766255643
4.375	0.0461939766255643
4.5	0.05
4.5	0.05
4.625	0.0461939766255643
4.625	0.0461939766255643
4.75	0.0353553390593274
4.75	0.0353553390593274
4.875	0.0191341716182545
4.875	0.0191341716182545
5	3.12250225675825e-17
5	3.12250225675825e-17
5.125	-0.0191341716182544
5.125	-0.0191341716182544
5.25	-0.0353553390593274
5.25	-0.0353553390593274
5.375	-0.0461939766255643
5.375	-0.0461939766255643
5.5	-0.05
5.5	-0.05
5.625	-0.0461939766255643
5.625	-0.0461939766255643
5.75	-0.0353553390593274
5.75	-0.0353553390593274
5.875	-0.0191341716182545
5.875	-0.0191341716182545
6	-3.81639164714898e-17
6	-3.81639164714898e-17
6.125	0.0191341716182544
6.125	0.0191341716182544
6.25	0.0353553390593274
6.25	0.0353553390593274
6.375	0.0461939766255643
6.375	0.0461939766255643
6.5	0.05
6.5	0.05
6.625	0.0461939766255643
6.625	0.0461939766255643
6.75	0.0353553390593274
6.75	0.0353553390593274
6.875	0.0191341716182545
6.875	0.0191341716182545
7	4.16333634234434e-17
7	4.16333634234434e-17
7.125	-0.0191341716182544
7.125	-0.0191341716182544
7.25	-0.0353553390593274
7.25	-0.0353553390593274
7.375	-0.0461939766255643
7.375	-0.0461939766255643
7.5	-0.05
7.5	-0.05
7.625	-0.0461939766255643
7.625	-0.0461939766255643
7.75	-0.0353553390593274
7.75	-0.0353553390593274
7.875	-0.0191341716182545
7.875	-0.0191341716182545
8	-4.85722573273506e-17
8	-4.85722573273506e-17
8.125	0.0191341716182544
8.125	0.0191341716182544
8.25	0.0353553390593274
8.25	0.0353553390593274
8.375	0.0461939766255643
8.375	0.0461939766255643
8.5	0.05
8.5	0.05
8.625	0.0461939766255643
8.625	0.0461939766255643
8.75	0.0353553390593274
8.75	0.0353553390593274
8.875	0.0191341716182545
8.875	0.0191341716182545
9	5.55111512312578e-17
9	5.55111512312578e-17
9.125	-0.0191341716182544
9.125	-0.0191341716182544
9.25	-0.0353553390593274
9.25	-0.0353553390593274
9.375	-0.0461939766255643
9.375	-0.0461939766255643
9.5	-0.05
9.5	-0.05
9.625	-0.0461939766255644
9.625	-0.0461939766255644
9.75	-0.0353553390593275
9.75	-0.0353553390593275
9.875	-0.0191341716182545
9.875	-0.0191341716182545
10	-6.24500451351651e-17
10	-6.24500451351651e-17
10.125	0.0191341716182544
10.125	0.0191341716182544
10.25	0.0353553390593272
10.25	0.0353553390593273
10.375	0.0461939766255644
10.375	0.0461939766255644
10.5	0.05
10.5	0.05
10.625	0.0461939766255644
10.625	0.0461939766255644
10.75	0.0353553390593275
10.75	0.0353553390593275
10.875	0.0191341716182547
10.875	0.0191341716182547
11	2.46330733588707e-16
11	2.46330733588707e-16
11.125	-0.0191341716182545
11.125	-0.0191341716182545
11.25	-0.0353553390593274
11.25	-0.0353553390593273
11.375	-0.0461939766255643
11.375	-0.0461939766255643
11.5	-0.05
11.5	-0.05
11.625	-0.0461939766255644
11.625	-0.0461939766255644
11.75	-0.0353553390593273
11.75	-0.0353553390593273
11.875	-0.0191341716182545
11.875	-0.0191341716182545
12	-7.28583859910259e-17
12	-7.28583859910259e-17
12.125	0.0191341716182544
12.125	0.0191341716182544
12.25	0.0353553390593272
12.25	0.0353553390593272
12.375	0.0461939766255644
12.375	0.0461939766255644
12.5	0.05
12.5	0.05
12.625	0.0461939766255644
12.625	0.0461939766255644
12.75	0.0353553390593275
12.75	0.0353553390593275
12.875	0.0191341716182547
12.875	0.0191341716182547
13	-9.71445146547012e-17
13	-9.71445146547012e-17
13.125	-0.0191341716182545
13.125	-0.0191341716182545
13.25	-0.0353553390593274
13.25	-0.0353553390593274
13.375	-0.0461939766255643
13.375	-0.0461939766255643
13.5	-0.05
13.5	-0.05
13.625	-0.0461939766255644
13.625	-0.0461939766255644
13.75	-0.0353553390593273
13.75	-0.0353553390593273
13.875	-0.0191341716182545
13.875	-0.0191341716182545
14	-8.67361737988404e-17
14	-8.67361737988404e-17
14.125	0.0191341716182543
14.125	0.0191341716182543
14.25	0.0353553390593272
14.25	0.0353553390593272
14.375	0.0461939766255644
14.375	0.0461939766255644
14.5	0.05
14.5	0.05
14.625	0.0461939766255644
14.625	0.0461939766255644
14.75	0.0353553390593275
14.75	0.0353553390593275
14.875	0.0191341716182547
14.875	0.0191341716182547
15	2.70616862252382e-16
15	2.70616862252382e-16
15.125	-0.0191341716182545
15.125	-0.0191341716182545
15.25	-0.0353553390593273
15.25	-0.0353553390593273
15.375	-0.0461939766255643
15.375	-0.0461939766255643
15.5	-0.05
15.5	-0.05
15.625	-0.0461939766255644
15.625	-0.0461939766255644
15.75	-0.0353553390593274
15.75	-0.0353553390593274
15.875	-0.0191341716182545
15.875	-0.0191341716182545
16	-9.71445146547012e-17
16	-9.71445146547012e-17
16.125	0.0191341716182543
16.125	0.0191341716182543
16.25	0.0353553390593272
16.25	0.0353553390593272
16.375	0.0461939766255644
16.375	0.0461939766255644
16.5	0.05
16.5	0.05
16.625	0.0461939766255644
16.625	0.0461939766255644
16.75	0.0353553390593275
16.75	0.0353553390593275
16.875	0.0191341716182547
16.875	0.0191341716182547
17	-7.28583859910259e-17
17	-7.35407060125e-17
17.125	0
17.125	0
17.25	0
17.25	0
17.375	0
17.375	0
17.5	0
17.5	0
17.625	0
17.625	0
17.75	0
17.75	0
17.875	0
17.875	0
18	0
18	0
18.125	0
18.125	0
18.25	0
18.25	0
18.375	0
18.375	0
18.5	0
18.5	0
18.625	0
18.625	0
18.75	0
18.75	0
18.875	0
18.875	0
19	0
19	0
19.125	0
19.125	0
19.25	0
19.25	0
19.375	0
19.375	0
19.5	0
19.5	0
19.625	0
19.625	0
19.75	0
19.75	0
19.875	0
19.875	0
20	0
0	1
0.125	1
0.125	1
0.25	1
0.25	1
0.375	1
0.375	1
0.5	1
0.5	1
0.625	1
0.625	1
0.75	1
0.75	1
0.875	1
0.875	1
1	1
1	1
1.125	1
1.125	1
1.25	1
1.25	1
1.375	1
1.375	1
1.5	1
1.5	1
1.625	1
1.625	1
1.75	1
1.75	1
1.875	1
1.875	1
2	1
2	1
2.125	1
2.125	1
2.25	1
2.25	1
2.375	1
2.375	1
2.5	1
2.5	1
2.625	1
2.625	1
2.75	1
2.75	1
2.875	1
2.875	1
3	1
3	1
3.125	1
3.125	1
3.25	1
3.25	1
3.375	1
3.375	1
3.5	1
3.5	1
3.625	1
3.625	1
3.75	1
3.75	1
3.875	1
3.875	1
4	1
4	1
4.125	1
4.125	1
4.25	1
4.25	1
4.375	1
4.375	1
4.5	1
4.5	1
4.625	1
4.625	1
4.75	1
4.75	1
4.875	1
4.875	1
5	1
5	1
5.125	1
5.125	1
5.25	1
5.25	1
5.375	1
5.375	1
5.5	1
5.5	1
5.625	1
5.625	1
5.75	1
5.75	1
5.875	1
5.875	1
6	1
6	1
6.125	1
6.125	1
6.25	1
6.25	1
6.375	1
6.375	1
6.5	1
6.5	1
6.625	1
6.625	1
6.75	1
6.75	1
6.875	1
6.875	1
7	1
7	1
7.125	1
7.125	1
7.25	1
7.25	1
7.375	1
7.375	1
7.5	1
7.5	1
7.625	1
7.625	1
7.75	1
7.75	1
7.875	1
7.875	1
8	1
8	1
8.125	1
8.125	1
8.25	1
8.25	1
8.375	1
8.375	1
8.5	1
8.5	1
8.625	1
8.625	1
8.75	1
8.75	1
8.875	1
8.875	1
9	1
9	1
9.125	1
9.125	1
9.25	1
9.25	1
9.375	1
9.375	1
9.5	1
9.5	1
9.625	1
9.625	1
9.75	1
9.75	1
9.875	1
9.875	1
10	1
10	1
10.125	1
10.125	1
10.25	1
10.25	1
10.375	1
10.375	1
10.5	1
10.5	1
10.625	1
10.625	1
10.75	1
10.75	1
10.875	1
10.875	1
11	1
11	1
11.125	1
11.125	1
11.25	1
11.25	1
11.375	1
11.375	1
11.5	1
11.5	1
11.625	1
11.625	1
11.75	1
11.75	1
11.875	1
11.875	1
12	1
12	1
12.125	1
12.125	1
12.25	1
12.25	1
12.375	1
12.375	1
12.5	1
12.5	1
12.625	1
12.625	1
12.75	1
12.75	1
12.875	1
12.875	1
13	1
13	1
13.125	1
13.125	1
13.25	1
13.25	1
13.375	1
13.375	1
13.5	1
13.5	1
13.625	1
13.625	1
13.75	1
13.75	1
13.875	1
13.875	1
14	1
14	1
14.125	1
14.125	1
14.25	1
14.25	1
14.375	1
14.375	1
14.5	1
14.5	1
14.625	1
14.625	1
14.75	1
14.75	1
14.875	1
14.875	1
15	1
15	1
15.125	1
15.125	1
15.25	1
15.25	1
15.375	1
15.375	1
15.5	1
15.5	1
15.625	1
15.625	1
15.75	1
15.75	1
15.875	1
15.875	1
16	1
16	1
16.125	1
16.125	1
16.25	1
16.25	1
16.375	1
16.375	1
16.5	1
16.5	1
16.625	1
16.625	1
16.75	1
16.75	1
16.875	1
16.875	1
17	1
17	1
17.125	1
17.125	1
17.25	1
17.25	1
17.375	1
17.375	1
17.5	1
17.5	1
17.625	1
17.625	1
17.75	1
17.75	1
17.875	1
17.875	1
18	1
18	1
18.125	1
18.125	1
18.25	1
18.25	1
18.375	1
18.375	1
18.5	1
18.5	1
18.625	1
18.625	1
18.75	1
18.75	1
18.875	1
18.875	1
19	1
19	1
19.125	1
19.125	1
19.25	1
19.25	1
19.375	1
19.375	1
19.5	1
19.5	1
19.625	1
19.625	1
19.75	1
19.75	1
19.875	1
19.875	1
20	1
