3	1
320
0	0.200005634076678
0.125	0.200005598480976
0.125	0.200005599347774
0.25	0.200005570277125
0.25	0.200005571552096
0.375	0.200005550920724
0.375	0.200005552438127
0.5	0.200005541310978
0.5	0.20000554293937
0.625	0.20000554158033
0.625	0.200005543185887
0.75	0.200005551074549
0.75	0.200005552531338
0.875	0.200005568438812
0.875	0.20000556963808
1	0.20000559175399
1	0.200005592611827
1.125	0.200005618711042
1.125	0.20000561917389
1.25	0.200005646808965
1.25	0.200005646856634
1.375	0.200005673560423
1.375	0.200005673206449
1.5	0.200005696689092
1.5	0.200005695978524
1.625	0.20000571430393
1.625	0.200005713308763
1.75	0.200005725037719
1.75	0.200005723850411
1.875	0.20000572814038
1.875	0.200005726865998
2	0.20000572352124
2	0.200005722268866
2.125	0.200005711738494
2.125	0.200005710612572
2.25	0.200005693938142
2.25	0.200005693030418
2.375	0.200005671748458
2.375	0.200005671131116
2.5	0.200005647139254
2.5	0.200005646859716
2.625	0.200005622257579
2.625	0.200005622335347
2.75	0.200005599253029
2.75	0.200005599678725
2.875	0.200005580106251
2.875	0.200005580842896
3	0.20000556647368
3	0.200033571775993
3.125	0.220606446429349
3.125	0.220575269989788
3.25	0.237718094224957
3.25	0.237701404313818
3.375	0.24904661384987
3.375	0.249039828876867
3.5	0.253006622984464
3.5	0.253006360619682
3.625	0.249040116864935
3.625	0.249044124200312
3.75	0.237704117002741
3.75	0.237710211923904
3.875	0.220584081362979
3.875	0.22058813578994
4	0.200054525087174
4	0.200047089752763
4.125	0.178953780307879
4.125	0.178917563210657
4.25	0.160290253043098
4.25	0.16021169413691
4.375	0.147093679285313
4.375	0.147008812760981
4.5	0.142190160943009
4.5	0.142179948362158
4.625	0.147018511372358
4.625	0.147038942903055
4.75	0.160259397296283
4.75	0.160228082599269
4.875	0.178969414331668
4.875	0.178911896486689
5	0.200081111639691
5	0.20003245543961
5.125	0.220605315829146
5.125	0.220574145657784
5.25	0.237716959928201
5.25	0.237700269161903
5.375	0.249045460662742
5.375	0.249038675272437
5.5	0.25300544486469
5.5	0.253005182348723
5.625	0.249038907441764
5.625	0.249042914815839
5.75	0.237702868164616
5.75	0.237708963271466
5.875	0.220582781594609
5.875	0.220586836268897
6	0.200053157441815
6	0.200045722120354
6.125	0.178952321091966
6.125	0.178916102970346
6.25	0.160288676881328
6.25	0.160210114957111
6.375	0.147091987275447
6.375	0.147007118825087
6.5	0.142188439077897
6.5	0.142178233305946
6.625	0.147016908756086
6.625	0.147037345993779
6.75	0.160257970032133
6.75	0.160226651989364
6.875	0.178968123020463
6.875	0.178910599880837
7	0.200079908767643
7	0.200031248739475
7.125	0.220604169167522
7.125	0.220572996540026
7.25	0.237715849261147
7.25	0.237699156819336
7.375	0.249044372896998
7.375	0.249037586210646
7.5	0.253004370675703
7.5	0.253004107018317
7.625	0.249037839014553
7.625	0.249041845268422
7.75	0.237701797330193
7.75	0.237707891231031
7.875	0.220581697677707
7.875	0.220585750906086
8	0.200052044061832
8	0.20004460668979
8.125	0.17895115132114
8.125	0.178914929579877
8.25	0.160287408562008
8.25	0.160208839567501
8.375	0.147090571541102
8.375	0.147005692836158
8.5	0.142186871984145
8.5	0.14217666224101
8.625	0.147015282077544
8.625	0.14703572365933
8.75	0.160256380277184
8.75	0.160225064687905
8.875	0.178966595805998
8.875	0.178909072780589
9	0.200078437039895
9	0.200029776891544
9.125	0.22060274244944
9.125	0.220571570005321
9.25	0.237714459857031
9.25	0.237697767840904
9.375	0.249043015877017
9.375	0.249036229750109
9.5	0.253003042936023
9.5	0.253002779913953
9.625	0.249036538393932
9.625	0.249040545338007
9.75	0.237700521809474
9.75	0.237706616438026
9.875	0.220580444500203
9.875	0.220584498421155
10	0.200050808645018
10	0.200043371671736
10.125	0.178949926176288
10.125	0.178913703854508
10.25	0.160286183738577
10.25	0.160207612010357
10.375	0.14708934109659
10.375	0.147004457275664
10.5	0.142185648657727
10.5	0.142175433657513
10.625	0.147014092443264
10.625	0.147034528636625
10.75	0.160255227852709
10.75	0.160223907131075
10.875	0.178965463665257
10.875	0.178907937443156
11	0.200077309102569
11	0.200028647522526
11.125	0.220601607951014
11.125	0.220570435107648
11.25	0.237713311830108
11.25	0.23769661994412
11.375	0.24904184940434
11.375	0.249035063679251
11.5	0.253001853840383
11.5	0.253001591375923
11.625	0.249035322210187
11.625	0.249039329820526
11.75	0.237699272791428
11.75	0.237705368166398
11.875	0.220579154442669
11.875	0.220583209113615
12	0.200049465496266
12	0.20004202900325
12.125	0.178948513350227
12.125	0.178912290508601
12.25	0.160284684504496
12.25	0.160206110319731
12.375	0.147087760175396
12.375	0.147002874005055
12.5	0.142184053614044
12.5	0.142173841596996
12.625	0.14701259040822
12.625	0.147033027743884
12.75	0.16025385034893
12.75	0.160222524693682
12.875	0.178964174773352
12.875	0.178906643333041
13	0.200076071629868
13	0.2000274066369
13.125	0.220600398259238
13.125	0.220569223368762
13.25	0.237712116021463
13.25	0.237695422837174
13.375	0.249040659083458
13.375	0.249033872439034
13.5	0.253000663338002
13.5	0.253000400144948
13.625	0.249034126752732
13.625	0.249038133731074
13.75	0.237698067002468
13.75	0.237704161781897
13.875	0.220577930636313
13.875	0.220581984652814
14	0.200048211302255
14	0.200040773809501
14.125	0.178947208753846
14.125	0.178910983758809
14.25	0.16028330128296
14.25	0.16020472239678
14.375	0.147086276139181
14.375	0.147001383767445
14.5	0.142182498130821
14.5	0.142172285558754
14.625	0.147011059341156
14.625	0.147031499357529
14.75	0.160252406388283
14.75	0.160221079565439
14.875	0.178962813245776
14.875	0.178905279361222
15	0.200074770588767
15	0.200026103943666
15.125	0.220599140006561
15.125	0.2205679643208
15.25	0.237710888481438
15.25	0.237694195031266
15.375	0.249039453892973
15.375	0.249032667275914
15.5	0.252999474098349
15.5	0.252999211100773
15.625	0.249032947672703
15.625	0.249036954950954
15.75	0.237696891667918
15.75	0.237702986800037
15.875	0.220576750591742
15.875	0.220580804903676
16	0.200047014212095
16	0.200039576637061
16.125	0.178945976458585
16.125	0.1789097501854
16.25	0.160282010514165
16.25	0.160203427849158
16.375	0.147084911693047
16.375	0.14700001385138
16.5	0.142181088293984
16.5	0.14217087402687
16.625	0.147009679065928
16.625	0.147030119000517
16.75	0.160251094593088
16.75	0.16021976494549
16.875	0.178961555811563
16.875	0.178904018999494
17	0.200073544082938
17	0.199996866612752
17.125	0.199996844870015
17.125	0.199996853636488
17.25	0.199996848751954
17.25	0.19999684880896
17.375	0.199996843520011
17.375	0.199996843554514
17.5	0.199996837990293
17.5	0.199996838000759
17.625	0.19999683230119
17.625	0.199996832286652
17.75	0.19999682659917
17.75	0.199996826559267
17.875	0.199996821035294
17.875	0.19999682097029
18	0.199996815761532
18	0.199996815672327
18.125	0.199996810926984
18.125	0.199996810815104
18.25	0.199996806674084
18.25	0.199996806541658
18.375	0.199996803134882
18.375	0.199996802984604
18.5	0.199996800427495
18.5	0.199996800262572
18.625	0.199996798652823
18.625	0.199996798476906
18.75	0.199996797891598
18.75	0.199996797708708
18.875	0.199996798201868
18.875	0.199996798016302
19	0.199996799616961
19	0.1999967994332
19.125	0.19999680214401
19.125	0.199996801966611
19.25	0.199996805763063
19.25	0.199996805596554
19.375	0.199996810426842
19.375	0.199996810275609
19.5	0.199996816061132
19.5	0.199996815929317
19.625	0.199996822565846
19.625	0.199996822457234
19.75	0.199996829816717
19.75	0.199996829734645
19.875	0.19999683766762
19.875	0.19999683761488
20	0.199996845953461
0	0.0792343404169871
0.125	0.0792343761761922
0.125	0.0792343753054286
0.25	0.0792344045097645
0.25	0.0792344032289642
0.375	0.079234423955442
0.375	0.0792344224311036
0.5	0.079234433609895
0.5	0.0792344319740637
0.625	0.0792344333400589
0.625	0.0792344317271692
0.75	0.079234423803135
0.75	0.0792344223396974
0.875	0.0792344063601192
0.875	0.0792344051553839
1	0.0792343829388947
1	0.0792343820771546
1.125	0.0792343558590389
1.125	0.0792343553940952
1.25	0.0792343276329728
1.25	0.0792343275851103
1.375	0.0792343007593962
1.375	0.079234301115014
1.5	0.0792342775250327
1.5	0.0792342782388767
1.625	0.0792342598295711
1.625	0.079234260829316
1.75	0.0792342490464819
1.75	0.0792342502392455
1.875	0.079234245929277
1.875	0.0792342472095119
2	0.079234250569047
2	0.0792342518271718
2.125	0.0792342624050506
2.125	0.0792342635361434
2.25	0.0792342802860551
2.25	0.0792342811979482
2.375	0.0792343025763482
2.375	0.0792343031965294
2.5	0.0792343272971262
2.5	0.0792343275779536
2.625	0.0792343522915378
2.625	0.0792343522134213
2.75	0.0792343754001783
2.75	0.0792343749725386
2.875	0.0792343946333705
2.875	0.0792343938933564
3	0.0792344083271326
3	0.0792847281406659
3.125	0.0791840944154526
3.125	0.0792601822331751
3.25	0.0792086473241292
3.25	0.0792435211149724
3.375	0.0792253037893628
3.375	0.0792354056256537
3.5	0.079233404516043
3.5	0.0792353935294334
3.625	0.0792333928285741
3.625	0.0792434249603127
3.75	0.0792253293602192
3.75	0.0792597928895696
3.875	0.0792089217167214
3.875	0.0792836188961337
4	0.0791850488884391
4	0.0793090745491099
4.125	0.079159540259568
4.125	0.0793200629199667
4.25	0.0791484950727612
4.25	0.0792943206413643
4.375	0.0791741825289373
4.375	0.0792442899065567
4.5	0.0792241724170818
4.5	0.0792444857166485
4.625	0.0792239646747023
4.625	0.0792967510057048
4.75	0.0791717211289705
4.75	0.0793234372985028
4.875	0.0791450805855818
4.875	0.0793113057100361
5	0.0791572696517737
5	0.0792846155207039
5.125	0.0791840211013939
5.125	0.079260102014419
5.25	0.079208595349178
5.25	0.0792434700909677
5.375	0.0792252850536646
5.375	0.0792353874474281
5.5	0.0792334208746656
5.5	0.0792354104489241
5.625	0.0792334450693745
5.625	0.0792434781261022
5.75	0.0792254171912617
5.75	0.0792598824465517
5.875	0.0792090435729783
5.875	0.0792837438617165
6	0.0791852014843313
6	0.0793092322488166
6.125	0.0791597177656071
6.125	0.0793202474038955
6.25	0.079148687829598
6.25	0.0792945195720673
6.375	0.0791743753133539
6.375	0.0792444833302422
6.5	0.0792243417788162
6.5	0.079244652349825
6.625	0.0792240804865941
6.625	0.0792968697067125
6.75	0.0791717674341956
6.75	0.0793234926827876
6.875	0.079145061442865
6.875	0.0793112955360719
7	0.0791571931090957
7	0.0792845451651301
7.125	0.0791838944518088
7.125	0.0792599791267024
7.25	0.0792084257700427
7.25	0.0792433027548421
7.375	0.0792250800383734
7.375	0.0792351838599356
7.5	0.079233188379329
7.5	0.0792351790423676
7.625	0.0792331936398474
7.625	0.0792432278200597
7.75	0.0792251561527832
7.75	0.0792596229794749
7.875	0.0792087833078635
7.875	0.0792834862190527
8	0.0791849538209772
8	0.0793089891590718
8.125	0.079159496500471
8.125	0.0793200335827951
8.25	0.0791485092953976
8.25	0.0792943507015782
8.375	0.0791742580657522
8.375	0.079244373530025
8.5	0.0792243007187008
8.5	0.079244612775335
8.625	0.0792241112364822
8.625	0.0792968995536947
8.75	0.0791718478707718
8.75	0.079323574365041
8.875	0.0791451729137504
8.875	0.0793114093838682
9	0.0791573229858402
9	0.0792846767152327
9.125	0.0791840329884092
9.125	0.0792601182581868
9.25	0.0792085651702459
9.25	0.0792434419397163
9.375	0.0792252139239117
9.375	0.0792353170574755
9.5	0.0792333113104477
9.5	0.0792353010875255
9.625	0.0792333007476938
9.625	0.0792433340832003
9.75	0.0792252428915674
9.75	0.0792597091791881
9.875	0.0792088453308475
9.875	0.0792835483454871
10	0.0791849870564567
10	0.0793090235242831
10.125	0.0791594976890155
10.125	0.0793200371273148
10.25	0.0791484776098405
10.25	0.0792943221393276
10.375	0.0791741985770736
10.375	0.0792443171704751
10.5	0.0792242278531058
10.5	0.0792445440909876
10.625	0.0792240452080397
10.625	0.0792968397798189
10.75	0.0791718058945139
10.75	0.0793235387035188
10.875	0.0791451640456496
10.875	0.0793114049065372
11	0.0791573488634457
11	0.079284704972761
11.125	0.0791840914767188
11.125	0.0792601777618843
11.25	0.0792086526198778
11.25	0.0792435296463717
11.375	0.0792253260489264
11.375	0.0792354291155295
11.5	0.0792334434744468
11.5	0.0792354331815299
11.625	0.0792334480153942
11.625	0.0792434815717664
11.75	0.0792253999627944
11.75	0.0792598671101505
11.875	0.0792090063779087
11.875	0.0792837113428881
12	0.0791851454485279
12	0.079309185413289
12.125	0.0791596456124729
12.125	0.0793201899660644
12.25	0.0791486057787697
12.25	0.07929445462978
12.375	0.0791742965005765
12.375	0.0792444156770725
12.5	0.0792242841667181
12.5	0.0792445996671737
12.625	0.0792240491179113
12.625	0.0792968480022371
12.75	0.0791717577239007
12.75	0.0793234989055381
12.875	0.0791450744304165
12.875	0.0793113225729157
13	0.0791572274722419
13	0.0792845881122946
13.125	0.0791839456083921
13.125	0.0792600342810551
13.25	0.0792084886567626
13.25	0.0792433668051085
13.375	0.0792251500901674
13.375	0.0792352536442629
13.5	0.0792332615093995
13.5	0.0792352514867817
13.625	0.0792332659723645
13.625	0.0792432999138121
13.75	0.0792252237251948
13.75	0.0792596917480965
13.875	0.0792088417756579
13.875	0.0792835486390637
14	0.0791849982163013
14	0.0793090418057806
14.125	0.0791595213308455
14.125	0.0793200714852854
14.25	0.0791485098764672
14.25	0.0792943654569453
14.375	0.079174234157505
14.375	0.0792443572487169
14.5	0.0792242577146177
14.5	0.0792445735237606
14.625	0.079224051458164
14.625	0.0792968518931807
14.75	0.0791717784984649
14.75	0.0793235243632295
14.875	0.0791451099431626
14.875	0.0793113629706181
15	0.0791572761239388
15	0.0792846401123607
15.125	0.0791840054670444
15.125	0.0792600960041112
15.25	0.0792085576982289
15.25	0.0792434367436148
15.375	0.0792252263250375
15.375	0.0792353302693811
15.5	0.0792333429262637
15.5	0.0792353331400272
15.625	0.0792333504625981
15.625	0.079243384801252
15.75	0.0792253090365846
15.75	0.0792597779790131
15.875	0.0792089255097136
15.875	0.0792836342906671
16	0.0791850779084179
16	0.0793091249721539
16.125	0.079159594731909
16.125	0.0793201501660095
16.25	0.0791485757049389
16.25	0.0792944372197098
16.375	0.0791742934481198
16.375	0.0792444204218499
16.5	0.0792243134701476
16.5	0.0792446313920914
16.625	0.0792241033437695
16.625	0.0792969079025919
16.75	0.0791718241234933
16.75	0.0793235762582284
16.875	0.0791451489163259
16.875	0.0793114073660106
17	0.0791573070056681
17	0.0792343453349079
17.125	0.0792343549496417
17.125	0.0792343463604748
17.25	0.0792343375843697
17.25	0.0792343376867842
17.375	0.0792343281838624
17.375	0.0792343282458334
17.5	0.0792343182481052
17.5	0.0792343182668779
17.625	0.0792343080257401
17.625	0.0792343079995807
17.75	0.0792342977799429
17.75	0.0792342977082042
17.875	0.0792342877821544
17.875	0.0792342876653155
18	0.0792342783054683
18	0.0792342781451476
18.125	0.0792342696178333
18.125	0.0792342694167744
18.25	0.07923426197523
18.25	0.0792342617372601
18.375	0.0792342556149858
18.375	0.0792342553449465
18.5	0.0792342507493969
18.5	0.0792342504530494
18.625	0.079234247559815
18.625	0.0792342472437216
18.75	0.0792342461913546
18.75	0.0792342458627371
18.875	0.0792342467483558
18.875	0.0792342464149369
19	0.0792342492907344
19	0.0792342489605622
19.125	0.0792342538313206
19.125	0.0792342535125828
19.25	0.0792342603342733
19.25	0.0792342600351029
19.375	0.0792342687146288
19.375	0.0792342684429082
19.5	0.0792342788390208
19.5	0.0792342786021869
19.625	0.0792342905275781
19.625	0.0792342903324339
19.75	0.0792343035569786
19.75	0.0792343034095164
19.875	0.0792343176646156
19.875	0.0792343175698548
20	0.0792343325537977
0	0
0.125	0
0.125	0
0.25	0
0.25	0
0.375	0
0.375	0
0.5	0
0.5	0
0.625	0
0.625	0
0.75	0
0.75	0
0.875	0
0.875	0
1	0
1	0
1.125	0
1.125	0
1.25	0
1.25	0
1.375	0
1.375	0
1.5	0
1.5	0
1.625	0
1.625	0
1.75	0
1.75	0
1.875	0
1.875	0
2	0
2	0
2.125	0
2.125	0
2.25	0
2.25	0
2.375	0
2.375	0
2.5	0
2.5	0
2.625	0
2.625	0
2.75	0
2.75	0
2.875	0
2.875	0
3	1.83697019872103e-17
3	1.73472347597681e-17
3.125	-0.0191341716182545
3.125	-0.0191341716182545
3.25	-0.0353553390593274
3.25	-0.0353553390593274
3.375	-0.0461939766255643
3.375	-0.0461939766255643
3.5	-0.05
3.5	-0.05
3.625	-0.0461939766255643
3.625	-0.0461939766255643
3.75	-0.0353553390593274
3.75	-0.0353553390593274
3.875	-0.0191341716182545
3.875	-0.0191341716182545
4	-2.42861286636753e-17
4	-2.60208521396521e-17
4.125	0.0191341716182545
4.125	0.0191341716182545
4.25	0.0353553390593274
4.25	0.0353553390593274
4.375	0.0461939766255643
4.375	0.0461939766255643
4.5	0.05
4.5	0.05
4.625	0.0461939766255643
4.625	0.0461939766255643
4.75	0.0353553390593274
4.75	0.0353553390593274
4.875	0.0191341716182545
4.875	0.0191341716182545
5	3.12250225675825e-17
5	3.12250225675825e-17
5.125	-0.0191341716182544
5.125	-0.0191341716182544
5.25	-0.0353553390593274
5.25	-0.0353553390593274
5.375	-0.0461939766255643
5.375	-0.0461939766255643
5.5	-0.05
5.5	-0.05
5.625	-0.0461939766255643
5.625	-0.0461939766255643
5.75	-0.0353553390593274
5.75	-0.0353553390593274
5.875	-0.0191341716182545
5.875	-0.0191341716182545
6	-3.81639164714898e-17
6	-3.81639164714898e-17
6.125	0.0191341716182544
6.125	0.0191341716182544
6.25	0.0353553390593274
6.25	0.0353553390593274
6.375	0.0461939766255643
6.375	0.0461939766255643
6.5	0.05
6.5	0.05
6.625	0.0461939766255643
6.625	0.0461939766255643
6.75	0.0353553390593274
6.75	0.0353553390593274
6.875	0.0191341716182545
6.875	0.0191341716182545
7	4.16333634234434e-17
7	4.16333634234434e-17
7.125	-0.0191341716182544
7.125	-0.0191341716182544
7.25	-0.0353553390593274
7.25	-0.0353553390593274
7.375	-0.0461939766255643
7.375	-0.0461939766255643
7.5	-0.05
7.5	-0.05
7.625	-0.0461939766255643
7.625	-0.0461939766255643
7.75	-0.0353553390593274
7.75	-0.0353553390593274
7.875	-0.0191341716182545
7.875	-0.0191341716182545
8	-4.85722573273506e-17
8	-4.85722573273506e-17
8.125	0.0191341716182544
8.125	0.0191341716182544
8.25	0.0353553390593274
8.25	0.0353553390593274
8.375	0.0461939766255643
8.375	0.0461939766255643
8.5	0.05
8.5	0.05
8.625	0.0461939766255643
8.625	0.0461939766255643
8.75	0.0353553390593274
8.75	0.0353553390593274
8.875	0.0191341716182545
8.875	0.0191341716182545
9	5.55111512312578e-17
9	5.55111512312578e-17
9.125	-0.0191341716182544
9.125	-0.0191341716182544
9.25	-0.0353553390593274
9.25	-0.0353553390593274
9.375	-0.0461939766255643
9.375	-0.0461939766255643
9.5	-0.05
9.5	-0.05
9.625	-0.0461939766255644
9.625	-0.0461939766255644
9.75	-0.0353553390593275
9.75	-0.0353553390593275
9.875	-0.0191341716182545
9.875	-0.0191341716182545
10	-6.24500451351651e-17
10	-6.24500451351651e-17
10.125	0.0191341716182544
10.125	0.0191341716182544
10.25	0.0353553390593272
10.25	0.0353553390593273
10.375	0.0461939766255644
10.375	0.0461939766255644
10.5	0.05
10.5	0.05
10.625	0.0461939766255644
10.625	0.0461939766255644
10.75	0.0353553390593275
10.75	0.0353553390593275
10.875	0.0191341716182547
10.875	0.0191341716182547
11	2.4459601011273e-16
11	2.4459601011273e-16
11.125	-0.0191341716182545
11.125	-0.0191341716182545
11.25	-0.0353553390593274
11.25	-0.0353553390593273
11.375	-0.0461939766255643
11.375	-0.0461939766255643
11.5	-0.05
11.5	-0.05
11.625	-0.0461939766255644
11.625	-0.0461939766255644
11.75	-0.0353553390593273
11.75	-0.0353553390593273
11.875	-0.0191341716182545
11.875	-0.0191341716182545
12	-7.28583859910259e-17
12	-7.28583859910259e-17
12.125	0.0191341716182544
12.125	0.0191341716182544
12.25	0.0353553390593272
12.25	0.0353553390593272
12.375	0.0461939766255644
12.375	0.0461939766255644
12.5	0.05
12.5	0.05
12.625	0.0461939766255644
12.625	0.0461939766255644
12.75	0.0353553390593275
12.75	0.0353553390593275
12.875	0.0191341716182547
12.875	0.0191341716182547
13	-9.8879238130678e-17
13	-9.8879238130678e-17
13.125	-0.0191341716182545
13.125	-0.0191341716182545
13.25	-0.0353553390593273
13.25	-0.0353553390593274
13.375	-0.0461939766255643
13.375	-0.0461939766255643
13.5	-0.05
13.5	-0.05
13.625	-0.0461939766255644
13.625	-0.0461939766255644
13.75	-0.0353553390593273
13.75	-0.0353553390593273
13.875	-0.0191341716182545
13.875	-0.0191341716182545
14	-8.84708972748172e-17
14	-8.67361737988404e-17
14.125	0.0191341716182543
14.125	0.0191341716182543
14.25	0.0353553390593272
14.25	0.0353553390593272
14.375	0.0461939766255644
14.375	0.0461939766255644
14.5	0.05
14.5	0.05
14.625	0.0461939766255644
14.625	0.0461939766255644
14.75	0.0353553390593275
14.75	0.0353553390593275
14.875	0.0191341716182547
14.875	0.0191341716182547
15	2.70616862252382e-16
15	2.70616862252382e-16
15.125	-0.0191341716182545
15.125	-0.0191341716182545
15.25	-0.0353553390593273
15.25	-0.0353553390593273
15.375	-0.0461939766255643
15.375	-0.0461939766255643
15.5	-0.05
15.5	-0.05
15.625	-0.0461939766255644
15.625	-0.0461939766255644
15.75	-0.0353553390593274
15.75	-0.0353553390593273
15.875	-0.0191341716182545
15.875	-0.0191341716182545
16	-9.8879238130678e-17
16	-9.71445146547012e-17
16.125	0.0191341716182543
16.125	0.0191341716182543
16.25	0.0353553390593272
16.25	0.0353553390593272
16.375	0.0461939766255644
16.375	0.0461939766255644
16.5	0.05
16.5	0.05
16.625	0.0461939766255644
16.625	0.0461939766255644
16.75	0.0353553390593275
16.75	0.0353553390593275
16.875	0.0191341716182547
16.875	0.0191341716182547
17	-7.28583859910259e-17
17	-7.35407060125e-17
17.125	0
17.125	0
17.25	0
17.25	0
17.375	0
17.375	0
17.5	0
17.5	0
17.625	0
17.625	0
17.75	0
17.75	0
17.875	0
17.875	0
18	0
18	0
18.125	0
18.125	0
18.25	0
18.25	0
18.375	0
18.375	0
18.5	0
18.5	0
18.625	0
18.625	0
18.75	0
18.75	0
18.875	0
18.875	0
19	0
19	0
19.125	0
19.125	0
19.25	0
19.25	0
19.375	0
19.375	0
19.5	0
19.5	0
19.625	0
19.625	0
19.75	0
19.75	0
19.875	0
19.875	0
20	0
0	0.00045080559087004
0.125	0.00045080559087004
0.125	6.83219184780047e-08
0.25	6.83219184780047e-08
0.25	1.01240820276374e-07
0.375	1.01240820276374e-07
0.375	1.20943962120258e-07
0.5	1.20943962120258e-07
0.5	1.30151340156559e-07
0.625	1.30151340156559e-07
0.625	1.28646980063377e-07
0.75	1.28646980063377e-07
0.75	1.17037587836505e-07
0.875	1.17037587836505e-07
0.875	9.66765739798415e-08
1	9.66765739798415e-08
1	6.95349253719918e-08
1.125	6.95349253719918e-08
1.125	3.80300917086035e-08
1.25	3.80300917086035e-08
1.25	4.82678672190391e-09
1.375	4.82678672190391e-09
1.375	2.73744529551695e-08
1.5	2.73744529551695e-08
1.5	5.60446646224832e-08
1.625	5.60446646224832e-08
1.625	7.90145492922886e-08
1.75	7.90145492922886e-08
1.75	9.46293818622103e-08
1.875	9.46293818622103e-08
1.875	1.01860270857512e-07
2	1.01860270857512e-07
2	1.00364627435612e-07
2.125	1.00364627435612e-07
2.125	9.04927442535323e-08
2.25	9.04927442535323e-08
2.25	7.32417453747426e-08
2.375	7.32417453747426e-08
2.375	5.01617518480216e-08
2.5	5.01617518480216e-08
2.5	2.32228287974416e-08
2.625	2.32228287974416e-08
2.625	5.34640874469987e-09
2.75	5.34640874469987e-09
2.75	3.32355201370836e-08
2.875	3.32355201370836e-08
2.875	5.82307737694896e-08
3	5.82307737694896e-08
3	0.00213049006872385
3.125	0.00213049006872385
3.125	0.00217687206388651
3.25	0.00217687206388651
3.25	0.00109723527331418
3.375	0.00109723527331418
3.375	0.000432468071998978
3.5	0.000432468071998978
3.5	1.67227190444526e-05
3.625	1.67227190444526e-05
3.625	0.000263452095111355
3.75	0.000263452095111355
3.75	0.00042557286990913
3.875	0.00042557286990913
3.875	0.000308437193223463
4	0.000308437193223463
4	0.000627783443030274
4.125	0.000627783443030274
4.125	0.00341662764570207
4.25	0.00341662764570207
4.25	0.00818041179129038
4.375	0.00818041179129038
4.375	0.00939051684183731
4.5	0.00939051684183731
4.5	0.00113002526292733
4.625	0.00113002526292733
4.625	0.00212760305651066
4.75	0.00212760305651066
4.75	0.00295424063919344
4.875	0.00295424063919344
4.875	0.00485647911677442
5	0.00485647911677442
5	0.00370151920466014
5.125	0.00370151920466014
5.125	0.00217644580102064
5.25	0.00217644580102064
5.25	0.00109729720837094
5.375	0.00109729720837094
5.375	0.000432497183262279
5.5	0.000432497183262279
5.5	1.67329401509591e-05
5.625	1.67329401509591e-05
5.625	0.000263455416693693
5.75	0.000263455416693693
5.75	0.000425587547981867
5.875	0.000425587547981867
5.875	0.000308457139327042
6	0.000308457139327042
6	0.000627788136121756
6.125	0.000627788136121756
6.125	0.00341675648891434
6.25	0.00341675648891434
6.25	0.00818081588435511
6.375	0.00818081588435511
6.375	0.00939084497795746
6.5	0.00939084497795746
6.5	0.00112928593186905
6.625	0.00112928593186905
6.625	0.00212822274317602
6.75	0.00212822274317602
6.75	0.0029545759651669
6.875	0.0029545759651669
6.875	0.00485695629105023
7	0.00485695629105023
7	0.00370183027442455
7.125	0.00370183027442455
7.125	0.00217662757015457
7.25	0.00217662757015457
7.25	0.00109741202721749
7.375	0.00109741202721749
7.375	0.000432581446302899
7.5	0.000432581446302899
7.5	1.68056042246594e-05
7.625	1.68056042246594e-05
7.625	0.000263383057884799
7.75	0.000263383057884799
7.75	0.000425505443124916
7.875	0.000425505443124916
7.875	0.000308348834127368
8	0.000308348834127368
8	0.000627964985315222
8.125	0.000627964985315222
8.125	0.00341712241662446
8.25	0.00341712241662446
8.25	0.00818162362201538
8.375	0.00818162362201538
8.375	0.0093920784187245
8.5	0.0093920784187245
8.5	0.00112974389060203
8.625	0.00112974389060203
8.625	0.00212869225508644
8.75	0.00212869225508644
8.75	0.00295437223058776
8.875	0.00295437223058776
8.875	0.00485698419015207
9	0.00485698419015207
9	0.0037018640636594
9.125	0.0037018640636594
9.125	0.00217662747049991
9.25	0.00217662747049991
9.25	0.00109738968051503
9.375	0.00109738968051503
9.375	0.000432547595666794
9.5	0.000432547595666794
9.5	1.67646904759742e-05
9.625	1.67646904759742e-05
9.625	0.000263430378177247
9.75	0.000263430378177247
9.75	0.000425559240088208
9.875	0.000425559240088208
9.875	0.000308404119035647
10	0.000308404119035647
10	0.000627934424109027
10.125	0.000627934424109027
10.125	0.00341720059266131
10.25	0.00341720059266131
10.25	0.00818197170114298
10.375	0.00818197170114298
10.375	0.00939272060884669
10.5	0.00939272060884669
10.5	0.00113033160624501
10.625	0.00113033160624501
10.625	0.00212814604139098
10.75	0.00212814604139098
10.75	0.00295487935812915
10.875	0.00295487935812915
10.875	0.00485728504398708
11	0.00485728504398708
11	0.00370199397874677
11.125	0.00370199397874677
11.125	0.00217666686154116
11.25	0.00217666686154116
11.25	0.00109738683701189
11.375	0.00109738683701189
11.375	0.000432524432118779
11.5	0.000432524432118779
11.5	1.67296242860232e-05
11.625	1.67296242860232e-05
11.625	0.00026347510942328
11.75	0.00026347510942328
11.75	0.000425613275943418
11.875	0.000425613275943418
11.875	0.000308462609244489
12	0.000308462609244489
12	0.000627899013178962
12.125	0.000627899013178962
12.125	0.00341727969190271
12.25	0.00341727969190271
12.25	0.00818231057699688
12.375	0.00818231057699688
12.375	0.00939308452701913
12.5	0.00939308452701913
12.5	0.00113001160321331
12.625	0.00113001160321331
12.625	0.00212828845204897
12.75	0.00212828845204897
12.75	0.002955366456277
12.875	0.002955366456277
12.875	0.0048577578048038
13	0.0048577578048038
13	0.00370227525867323
13.125	0.00370227525867323
13.125	0.00217682136028512
13.25	0.00217682136028512
13.25	0.00109747769114562
13.375	0.00109747769114562
13.375	0.000432585186412417
13.5	0.000432585186412417
13.5	1.67762386803782e-05
13.625	1.67762386803782e-05
13.625	0.000263434770935531
13.75	0.000263434770935531
13.75	0.000425573859097224
13.875	0.000425573859097224
13.875	0.000308414538380432
14	0.000308414538380432
14	0.000627987797518762
14.125	0.000627987797518762
14.125	0.00341751014490813
14.25	0.00341751014490813
14.25	0.00818287706160349
14.375	0.00818287706160349
14.375	0.00939387095848086
14.5	0.00939387095848086
14.5	0.00113008723102491
14.625	0.00113008723102491
14.625	0.00212858751703602
14.75	0.00212858751703602
14.75	0.00295550034968133
14.875	0.00295550034968133
14.875	0.00485799757080098
15	0.00485799757080098
15	0.00370242293554224
15.125	0.00370242293554224
15.125	0.00217688830352667
15.25	0.00217688830352667
15.25	0.00109750034202242
15.375	0.00109750034202242
15.375	0.000432585237191242
15.5	0.000432585237191242
15.5	1.67636167867468e-05
15.625	1.67636167867468e-05
15.625	0.00026345598720096
15.75	0.00026345598720096
15.75	0.00042560088663539
15.875	0.00042560088663539
15.875	0.000308438959176318
16	0.000308438959176318
16	0.000627998578812614
16.125	0.000627998578812614
16.125	0.00341765595859728
16.25	0.00341765595859728
16.25	0.00818334107171081
16.375	0.00818334107171081
16.375	0.00939456604205133
16.5	0.00939456604205133
16.5	0.00113028561244252
16.625	0.00113028561244252
16.625	0.00212859693742568
16.75	0.00212859693742568
16.75	0.00295578991831559
16.875	0.00295578991831559
16.875	0.00485827700221147
17	0.00485827700221147
17	0.00613429405543159
17.125	0.00613429405543159
17.125	7.01243979714898e-07
17.25	7.01243979714898e-07
17.25	4.46566942803757e-09
17.375	4.46566942803757e-09
17.375	2.65764723157062e-09
17.5	2.65764723157062e-09
17.5	7.29274857760883e-10
17.625	7.29274857760883e-10
17.625	1.27381903974621e-09
17.75	1.27381903974621e-09
17.75	3.30313027333923e-09
17.875	3.30313027333923e-09
17.875	5.30847151894828e-09
18	5.30847151894828e-09
18	7.23908255689845e-09
18.125	7.23908255689845e-09
18.125	9.04495368015546e-09
18.25	9.04495368015546e-09
18.25	1.06779381579386e-08
18.375	1.06779381579386e-08
18.375	1.20930378977852e-08
18.5	1.20930378977852e-08
18.5	1.32495603203001e-08
18.625	1.32495603203001e-08
18.625	1.41121309028415e-08
18.75	1.41121309028415e-08
18.75	1.4651712384478e-08
18.875	1.4651712384478e-08
18.875	1.48464108041305e-08
19	1.48464108041305e-08
19	1.46821727341555e-08
19.125	1.46821727341555e-08
19.125	1.41532427006604e-08
19.25	1.41532427006604e-08
19.25	1.32625184602184e-08
19.375	1.32625184602184e-08
19.375	1.20216509197024e-08
19.5	1.20216509197024e-08
19.5	1.04509597547369e-08
19.625	1.04509597547369e-08
19.625	8.57909145112021e-09
19.75	8.57909145112021e-09
19.75	6.44260406953493e-09
19.875	6.44260406953493e-09
19.875	4.08518563047144e-09
20	4.08518563047144e-09
