ridge.160
1.1
0
161
0
0.125
0.25
0.375
0.5
0.625
0.75
0.875
1
1.125
1.25
1.375
1.5
1.625
1.75
1.875
2
2.125
2.25
2.375
2.5
2.625
2.75
2.875
3
3.125
3.25
3.375
3.5
3.625
3.75
3.875
4
4.125
4.25
4.375
4.5
4.625
4.75
4.875
5
5.125
5.25
5.375
5.5
5.625
5.75
5.875
6
6.125
6.25
6.375
6.5
6.625
6.75
6.875
7
7.125
7.25
7.375
7.5
7.625
7.75
7.875
8
8.125
8.25
8.375
8.5
8.625
8.75
8.875
9
9.125
9.25
9.375
9.5
9.625
9.75
9.875
10
10.125
10.25
10.375
10.5
10.625
10.75
10.875
11
11.125
11.25
11.375
11.5
11.625
11.75
11.875
12
12.125
12.25
12.375
12.5
12.625
12.75
12.875
13
13.125
13.25
13.375
13.5
13.625
13.75
13.875
14
14.125
14.25
14.375
14.5
14.625
14.75
14.875
15
15.125
15.25
15.375
15.5
15.625
15.75
15.875
16
16.125
16.25
16.375
16.5
16.625
16.75
16.875
17
17.125
17.25
17.375
17.5
17.625
17.75
17.875
18
18.125
18.25
18.375
18.5
18.625
18.75
18.875
19
19.125
19.25
19.375
19.5
19.625
19.75
19.875
20
160
1	2
2	3
3	4
4	5
5	6
6	7
7	8
8	9
9	10
10	11
11	12
12	13
13	14
14	15
15	16
16	17
17	18
18	19
19	20
20	21
21	22
22	23
23	24
24	25
25	26
26	27
27	28
28	29
29	30
30	31
31	32
32	33
33	34
34	35
35	36
36	37
37	38
38	39
39	40
40	41
41	42
42	43
43	44
44	45
45	46
46	47
47	48
48	49
49	50
50	51
51	52
52	53
53	54
54	55
55	56
56	57
57	58
58	59
59	60
60	61
61	62
62	63
63	64
64	65
65	66
66	67
67	68
68	69
69	70
70	71
71	72
72	73
73	74
74	75
75	76
76	77
77	78
78	79
79	80
80	81
81	82
82	83
83	84
84	85
85	86
86	87
87	88
88	89
89	90
90	91
91	92
92	93
93	94
94	95
95	96
96	97
97	98
98	99
99	100
100	101
101	102
102	103
103	104
104	105
105	106
106	107
107	108
108	109
109	110
110	111
111	112
112	113
113	114
114	115
115	116
116	117
117	118
118	119
119	120
120	121
121	122
122	123
123	124
124	125
125	126
126	127
127	128
128	129
129	130
130	131
131	132
132	133
133	134
134	135
135	136
136	137
137	138
138	139
139	140
140	141
141	142
142	143
143	144
144	145
145	146
146	147
147	148
148	149
149	150
150	151
151	152
152	153
153	154
154	155
155	156
156	157
157	158
158	159
159	160
160	161
2
1	4
161	4
