3	1
40
0	1.2
1	1.2
1	1.2
2	1.2
2	1.2
3	1.2
3	1.2
4	1.2
4	1.2
5	1.2
5	1.2
6	1.2
6	1.2
7	1.2
7	1.2
8	1.2
8	1.19916666666667
9	1.18416666666667
9	1.18416666666667
10	1.17916666666667
10	1.17916666666667
11	1.18416666666667
11	1.18416666666667
12	1.19916666666667
12	1.2
13	1.2
13	1.2
14	1.2
14	1.2
15	1.2
15	1.2
16	1.2
16	1.2
17	1.2
17	1.2
18	1.2
18	1.2
19	1.2
19	1.2
20	1.2
0	0.4754
1	0.4754
1	0.4754
2	0.4754
2	0.4754
3	0.4754
3	0.4754
4	0.4754
4	0.4754
5	0.4754
5	0.4754
6	0.4754
6	0.4754
7	0.4754
7	0.4754
8	0.4754
8	0.4754
9	0.4754
9	0.4754
10	0.4754
10	0.4754
11	0.4754
11	0.4754
12	0.4754
12	0.4754
13	0.4754
13	0.4754
14	0.4754
14	0.4754
15	0.4754
15	0.4754
16	0.4754
16	0.4754
17	0.4754
17	0.4754
18	0.4754
18	0.4754
19	0.4754
19	0.4754
20	0.4754
0	-0.2
1	-0.2
1	-0.2
2	-0.2
2	-0.2
3	-0.2
3	-0.2
4	-0.2
4	-0.2
5	-0.2
5	-0.2
6	-0.2
6	-0.2
7	-0.2
7	-0.2
8	-0.2
8	-0.199166666666667
9	-0.184166666666667
9	-0.184166666666667
10	-0.179166666666667
10	-0.179166666666667
11	-0.184166666666667
11	-0.184166666666667
12	-0.199166666666667
12	-0.2
13	-0.2
13	-0.2
14	-0.2
14	-0.2
15	-0.2
15	-0.2
16	-0.2
16	-0.2
17	-0.2
17	-0.2
18	-0.2
18	-0.2
19	-0.2
19	-0.2
20	-0.2
0	1
1	1
1	1
2	1
2	1
3	1
3	1
4	1
4	1
5	1
5	1
6	1
6	1
7	1
7	1
8	1
8	1
9	1
9	1
10	1
10	1
11	1
11	1
12	1
12	1
13	1
13	1
14	1
14	1
15	1
15	1
16	1
16	1
17	1
17	1
18	1
18	1
19	1
19	1
20	1
