4	1
160
0	1.2
0.25	1.2
0.25	1.2
0.5	1.2
0.5	1.2
0.75	1.2
0.75	1.2
1	1.2
1	1.2
1.25	1.2
1.25	1.2
1.5	1.2
1.5	1.2
1.75	1.2
1.75	1.2
2	1.2
2	1.2
2.25	1.2
2.25	1.2
2.5	1.2
2.5	1.2
2.75	1.2
2.75	1.2
3	1.2
3	1.2
3.25	1.2
3.25	1.2
3.5	1.2
3.5	1.2
3.75	1.2
3.75	1.2
4	1.2
4	1.2
4.25	1.2
4.25	1.2
4.5	1.2
4.5	1.2
4.75	1.2
4.75	1.2
5	1.2
5	1.2
5.25	1.2
5.25	1.2
5.5	1.2
5.5	1.2
5.75	1.2
5.75	1.2
6	1.2
6	1.2
6.25	1.2
6.25	1.2
6.5	1.2
6.5	1.2
6.75	1.2
6.75	1.2
7	1.2
7	1.2
7.25	1.2
7.25	1.2
7.5	1.2
7.5	1.2
7.75	1.2
7.75	1.2
8	1.2
8	1.19947916666667
8.25	1.15260416666667
8.25	1.15260416666667
8.5	1.11197916666667
8.5	1.11197916666667
8.75	1.07760416666667
8.75	1.07760416666667
9	1.04947916666667
9	1.04947916666667
9.25	1.02760416666667
9.25	1.02760416666667
9.5	1.01197916666667
9.5	1.01197916666667
9.75	1.00260416666667
9.75	1.00260416666667
10	0.999479166666667
10	0.999479166666667
10.25	1.00260416666667
10.25	1.00260416666667
10.5	1.01197916666667
10.5	1.01197916666667
10.75	1.02760416666667
10.75	1.02760416666667
11	1.04947916666667
11	1.04947916666667
11.25	1.07760416666667
11.25	1.07760416666667
11.5	1.11197916666667
11.5	1.11197916666667
11.75	1.15260416666667
11.75	1.15260416666667
12	1.19947916666667
12	1.2
12.25	1.2
12.25	1.2
12.5	1.2
12.5	1.2
12.75	1.2
12.75	1.2
13	1.2
13	1.2
13.25	1.2
13.25	1.2
13.5	1.2
13.5	1.2
13.75	1.2
13.75	1.2
14	1.2
14	1.2
14.25	1.2
14.25	1.2
14.5	1.2
14.5	1.2
14.75	1.2
14.75	1.2
15	1.2
15	1.2
15.25	1.2
15.25	1.2
15.5	1.2
15.5	1.2
15.75	1.2
15.75	1.2
16	1.2
16	1.2
16.25	1.2
16.25	1.2
16.5	1.2
16.5	1.2
16.75	1.2
16.75	1.2
17	1.2
17	1.2
17.25	1.2
17.25	1.2
17.5	1.2
17.5	1.2
17.75	1.2
17.75	1.2
18	1.2
18	1.2
18.25	1.2
18.25	1.2
18.5	1.2
18.5	1.2
18.75	1.2
18.75	1.2
19	1.2
19	1.2
19.25	1.2
19.25	1.2
19.5	1.2
19.5	1.2
19.75	1.2
19.75	1.2
20	1.2
0	0.4754
0.25	0.4754
0.25	0.4754
0.5	0.4754
0.5	0.4754
0.75	0.4754
0.75	0.4754
1	0.4754
1	0.4754
1.25	0.4754
1.25	0.4754
1.5	0.4754
1.5	0.4754
1.75	0.4754
1.75	0.4754
2	0.4754
2	0.4754
2.25	0.4754
2.25	0.4754
2.5	0.4754
2.5	0.4754
2.75	0.4754
2.75	0.4754
3	0.4754
3	0.4754
3.25	0.4754
3.25	0.4754
3.5	0.4754
3.5	0.4754
3.75	0.4754
3.75	0.4754
4	0.4754
4	0.4754
4.25	0.4754
4.25	0.4754
4.5	0.4754
4.5	0.4754
4.75	0.4754
4.75	0.4754
5	0.4754
5	0.4754
5.25	0.4754
5.25	0.4754
5.5	0.4754
5.5	0.4754
5.75	0.4754
5.75	0.4754
6	0.4754
6	0.4754
6.25	0.4754
6.25	0.4754
6.5	0.4754
6.5	0.4754
6.75	0.4754
6.75	0.4754
7	0.4754
7	0.4754
7.25	0.4754
7.25	0.4754
7.5	0.4754
7.5	0.4754
7.75	0.4754
7.75	0.4754
8	0.4754
8	0.4754
8.25	0.4754
8.25	0.4754
8.5	0.4754
8.5	0.4754
8.75	0.4754
8.75	0.4754
9	0.4754
9	0.4754
9.25	0.4754
9.25	0.4754
9.5	0.4754
9.5	0.4754
9.75	0.4754
9.75	0.4754
10	0.4754
10	0.4754
10.25	0.4754
10.25	0.4754
10.5	0.4754
10.5	0.4754
10.75	0.4754
10.75	0.4754
11	0.4754
11	0.4754
11.25	0.4754
11.25	0.4754
11.5	0.4754
11.5	0.4754
11.75	0.4754
11.75	0.4754
12	0.4754
12	0.4754
12.25	0.4754
12.25	0.4754
12.5	0.4754
12.5	0.4754
12.75	0.4754
12.75	0.4754
13	0.4754
13	0.4754
13.25	0.4754
13.25	0.4754
13.5	0.4754
13.5	0.4754
13.75	0.4754
13.75	0.4754
14	0.4754
14	0.4754
14.25	0.4754
14.25	0.4754
14.5	0.4754
14.5	0.4754
14.75	0.4754
14.75	0.4754
15	0.4754
15	0.4754
15.25	0.4754
15.25	0.4754
15.5	0.4754
15.5	0.4754
15.75	0.4754
15.75	0.4754
16	0.4754
16	0.4754
16.25	0.4754
16.25	0.4754
16.5	0.4754
16.5	0.4754
16.75	0.4754
16.75	0.4754
17	0.4754
17	0.4754
17.25	0.4754
17.25	0.4754
17.5	0.4754
17.5	0.4754
17.75	0.4754
17.75	0.4754
18	0.4754
18	0.4754
18.25	0.4754
18.25	0.4754
18.5	0.4754
18.5	0.4754
18.75	0.4754
18.75	0.4754
19	0.4754
19	0.4754
19.25	0.4754
19.25	0.4754
19.5	0.4754
19.5	0.4754
19.75	0.4754
19.75	0.4754
20	0.4754
0	-0.2
0.25	-0.2
0.25	-0.2
0.5	-0.2
0.5	-0.2
0.75	-0.2
0.75	-0.2
1	-0.2
1	-0.2
1.25	-0.2
1.25	-0.2
1.5	-0.2
1.5	-0.2
1.75	-0.2
1.75	-0.2
2	-0.2
2	-0.2
2.25	-0.2
2.25	-0.2
2.5	-0.2
2.5	-0.2
2.75	-0.2
2.75	-0.2
3	-0.2
3	-0.2
3.25	-0.2
3.25	-0.2
3.5	-0.2
3.5	-0.2
3.75	-0.2
3.75	-0.2
4	-0.2
4	-0.2
4.25	-0.2
4.25	-0.2
4.5	-0.2
4.5	-0.2
4.75	-0.2
4.75	-0.2
5	-0.2
5	-0.2
5.25	-0.2
5.25	-0.2
5.5	-0.2
5.5	-0.2
5.75	-0.2
5.75	-0.2
6	-0.2
6	-0.2
6.25	-0.2
6.25	-0.2
6.5	-0.2
6.5	-0.2
6.75	-0.2
6.75	-0.2
7	-0.2
7	-0.2
7.25	-0.2
7.25	-0.2
7.5	-0.2
7.5	-0.2
7.75	-0.2
7.75	-0.2
8	-0.2
8	-0.199479166666667
8.25	-0.152604166666667
8.25	-0.152604166666667
8.5	-0.111979166666667
8.5	-0.111979166666667
8.75	-0.0776041666666667
8.75	-0.0776041666666667
9	-0.0494791666666667
9	-0.0494791666666667
9.25	-0.0276041666666667
9.25	-0.0276041666666667
9.5	-0.0119791666666667
9.5	-0.0119791666666667
9.75	-0.00260416666666666
9.75	-0.00260416666666666
10	0.000520833333333336
10	0.000520833333333336
10.25	-0.00260416666666666
10.25	-0.00260416666666666
10.5	-0.0119791666666667
10.5	-0.0119791666666667
10.75	-0.0276041666666667
10.75	-0.0276041666666667
11	-0.0494791666666667
11	-0.0494791666666667
11.25	-0.0776041666666667
11.25	-0.0776041666666667
11.5	-0.111979166666667
11.5	-0.111979166666667
11.75	-0.152604166666667
11.75	-0.152604166666667
12	-0.199479166666667
12	-0.2
12.25	-0.2
12.25	-0.2
12.5	-0.2
12.5	-0.2
12.75	-0.2
12.75	-0.2
13	-0.2
13	-0.2
13.25	-0.2
13.25	-0.2
13.5	-0.2
13.5	-0.2
13.75	-0.2
13.75	-0.2
14	-0.2
14	-0.2
14.25	-0.2
14.25	-0.2
14.5	-0.2
14.5	-0.2
14.75	-0.2
14.75	-0.2
15	-0.2
15	-0.2
15.25	-0.2
15.25	-0.2
15.5	-0.2
15.5	-0.2
15.75	-0.2
15.75	-0.2
16	-0.2
16	-0.2
16.25	-0.2
16.25	-0.2
16.5	-0.2
16.5	-0.2
16.75	-0.2
16.75	-0.2
17	-0.2
17	-0.2
17.25	-0.2
17.25	-0.2
17.5	-0.2
17.5	-0.2
17.75	-0.2
17.75	-0.2
18	-0.2
18	-0.2
18.25	-0.2
18.25	-0.2
18.5	-0.2
18.5	-0.2
18.75	-0.2
18.75	-0.2
19	-0.2
19	-0.2
19.25	-0.2
19.25	-0.2
19.5	-0.2
19.5	-0.2
19.75	-0.2
19.75	-0.2
20	-0.2
0	0.05
0.25	0.05
0.25	0.05
0.5	0.05
0.5	0.05
0.75	0.05
0.75	0.05
1	0.05
1	0.05
1.25	0.05
1.25	0.05
1.5	0.05
1.5	0.05
1.75	0.05
1.75	0.05
2	0.05
2	0.05
2.25	0.05
2.25	0.05
2.5	0.05
2.5	0.05
2.75	0.05
2.75	0.05
3	0.05
3	0.05
3.25	0.05
3.25	0.05
3.5	0.05
3.5	0.05
3.75	0.05
3.75	0.05
4	0.05
4	0.05
4.25	0.05
4.25	0.05
4.5	0.05
4.5	0.05
4.75	0.05
4.75	0.05
5	0.05
5	0.05
5.25	0.05
5.25	0.05
5.5	0.05
5.5	0.05
5.75	0.05
5.75	0.05
6	0.05
6	0.05
6.25	0.05
6.25	0.05
6.5	0.05
6.5	0.05
6.75	0.05
6.75	0.05
7	0.05
7	0.05
7.25	0.05
7.25	0.05
7.5	0.05
7.5	0.05
7.75	0.05
7.75	0.05
8	0.05
8	0.05
8.25	0.05
8.25	0.05
8.5	0.05
8.5	0.05
8.75	0.05
8.75	0.05
9	0.05
9	0.05
9.25	0.05
9.25	0.05
9.5	0.05
9.5	0.05
9.75	0.05
9.75	0.05
10	0.05
10	0.05
10.25	0.05
10.25	0.05
10.5	0.05
10.5	0.05
10.75	0.05
10.75	0.05
11	0.05
11	0.05
11.25	0.05
11.25	0.05
11.5	0.05
11.5	0.05
11.75	0.05
11.75	0.05
12	0.05
12	0.05
12.25	0.05
12.25	0.05
12.5	0.05
12.5	0.05
12.75	0.05
12.75	0.05
13	0.05
13	0.05
13.25	0.05
13.25	0.05
13.5	0.05
13.5	0.05
13.75	0.05
13.75	0.05
14	0.05
14	0.05
14.25	0.05
14.25	0.05
14.5	0.05
14.5	0.05
14.75	0.05
14.75	0.05
15	0.05
15	0.05
15.25	0.05
15.25	0.05
15.5	0.05
15.5	0.05
15.75	0.05
15.75	0.05
16	0.05
16	0.05
16.25	0.05
16.25	0.05
16.5	0.05
16.5	0.05
16.75	0.05
16.75	0.05
17	0.05
17	0.05
17.25	0.05
17.25	0.05
17.5	0.05
17.5	0.05
17.75	0.05
17.75	0.05
18	0.05
18	0.05
18.25	0.05
18.25	0.05
18.5	0.05
18.5	0.05
18.75	0.05
18.75	0.05
19	0.05
19	0.05
19.25	0.05
19.25	0.05
19.5	0.05
19.5	0.05
19.75	0.05
19.75	0.05
20	0.05
0	1
0.25	1
0.25	1
0.5	1
0.5	1
0.75	1
0.75	1
1	1
1	1
1.25	1
1.25	1
1.5	1
1.5	1
1.75	1
1.75	1
2	1
2	1
2.25	1
2.25	1
2.5	1
2.5	1
2.75	1
2.75	1
3	1
3	1
3.25	1
3.25	1
3.5	1
3.5	1
3.75	1
3.75	1
4	1
4	1
4.25	1
4.25	1
4.5	1
4.5	1
4.75	1
4.75	1
5	1
5	1
5.25	1
5.25	1
5.5	1
5.5	1
5.75	1
5.75	1
6	1
6	1
6.25	1
6.25	1
6.5	1
6.5	1
6.75	1
6.75	1
7	1
7	1
7.25	1
7.25	1
7.5	1
7.5	1
7.75	1
7.75	1
8	1
8	1
8.25	1
8.25	1
8.5	1
8.5	1
8.75	1
8.75	1
9	1
9	1
9.25	1
9.25	1
9.5	1
9.5	1
9.75	1
9.75	1
10	1
10	1
10.25	1
10.25	1
10.5	1
10.5	1
10.75	1
10.75	1
11	1
11	1
11.25	1
11.25	1
11.5	1
11.5	1
11.75	1
11.75	1
12	1
12	1
12.25	1
12.25	1
12.5	1
12.5	1
12.75	1
12.75	1
13	1
13	1
13.25	1
13.25	1
13.5	1
13.5	1
13.75	1
13.75	1
14	1
14	1
14.25	1
14.25	1
14.5	1
14.5	1
14.75	1
14.75	1
15	1
15	1
15.25	1
15.25	1
15.5	1
15.5	1
15.75	1
15.75	1
16	1
16	1
16.25	1
16.25	1
16.5	1
16.5	1
16.75	1
16.75	1
17	1
17	1
17.25	1
17.25	1
17.5	1
17.5	1
17.75	1
17.75	1
18	1
18	1
18.25	1
18.25	1
18.5	1
18.5	1
18.75	1
18.75	1
19	1
19	1
19.25	1
19.25	1
19.5	1
19.5	1
19.75	1
19.75	1
20	1
