3	1
20
0	1.2
2	1.2
2	1.2
4	1.2
4	1.2
6	1.2
6	1.2
8	1.2
8	1.19666666666667
10	1.17666666666667
10	1.17666666666667
12	1.19666666666667
12	1.2
14	1.2
14	1.2
16	1.2
16	1.2
18	1.2
18	1.2
20	1.2
0	0.4754
2	0.4754
2	0.4754
4	0.4754
4	0.4754
6	0.4754
6	0.4754
8	0.4754
8	0.4754
10	0.4754
10	0.4754
12	0.4754
12	0.4754
14	0.4754
14	0.4754
16	0.4754
16	0.4754
18	0.4754
18	0.4754
20	0.4754
0	-0.2
2	-0.2
2	-0.2
4	-0.2
4	-0.2
6	-0.2
6	-0.2
8	-0.2
8	-0.196666666666667
10	-0.176666666666667
10	-0.176666666666667
12	-0.196666666666667
12	-0.2
14	-0.2
14	-0.2
16	-0.2
16	-0.2
18	-0.2
18	-0.2
20	-0.2
0	1
2	1
2	1
4	1
4	1
6	1
6	1
8	1
8	1
10	1
10	1
12	1
12	1
14	1
14	1
16	1
16	1
18	1
18	1
20	1
