4	1
640
0	1.2
0.0625	1.2
0.0625	1.2
0.125	1.2
0.125	1.2
0.1875	1.2
0.1875	1.2
0.25	1.2
0.25	1.2
0.3125	1.2
0.3125	1.2
0.375	1.2
0.375	1.2
0.4375	1.2
0.4375	1.2
0.5	1.2
0.5	1.2
0.5625	1.2
0.5625	1.2
0.625	1.2
0.625	1.2
0.6875	1.2
0.6875	1.2
0.75	1.2
0.75	1.2
0.8125	1.2
0.8125	1.2
0.875	1.2
0.875	1.2
0.9375	1.2
0.9375	1.2
1	1.2
1	1.2
1.0625	1.2
1.0625	1.2
1.125	1.2
1.125	1.2
1.1875	1.2
1.1875	1.2
1.25	1.2
1.25	1.2
1.3125	1.2
1.3125	1.2
1.375	1.2
1.375	1.2
1.4375	1.2
1.4375	1.2
1.5	1.2
1.5	1.2
1.5625	1.2
1.5625	1.2
1.625	1.2
1.625	1.2
1.6875	1.2
1.6875	1.2
1.75	1.2
1.75	1.2
1.8125	1.2
1.8125	1.2
1.875	1.2
1.875	1.2
1.9375	1.2
1.9375	1.2
2	1.2
2	1.2
2.0625	1.2
2.0625	1.2
2.125	1.2
2.125	1.2
2.1875	1.2
2.1875	1.2
2.25	1.2
2.25	1.2
2.3125	1.2
2.3125	1.2
2.375	1.2
2.375	1.2
2.4375	1.2
2.4375	1.2
2.5	1.2
2.5	1.2
2.5625	1.2
2.5625	1.2
2.625	1.2
2.625	1.2
2.6875	1.2
2.6875	1.2
2.75	1.2
2.75	1.2
2.8125	1.2
2.8125	1.2
2.875	1.2
2.875	1.2
2.9375	1.2
2.9375	1.2
3	1.2
3	1.2
3.0625	1.2
3.0625	1.2
3.125	1.2
3.125	1.2
3.1875	1.2
3.1875	1.2
3.25	1.2
3.25	1.2
3.3125	1.2
3.3125	1.2
3.375	1.2
3.375	1.2
3.4375	1.2
3.4375	1.2
3.5	1.2
3.5	1.2
3.5625	1.2
3.5625	1.2
3.625	1.2
3.625	1.2
3.6875	1.2
3.6875	1.2
3.75	1.2
3.75	1.2
3.8125	1.2
3.8125	1.2
3.875	1.2
3.875	1.2
3.9375	1.2
3.9375	1.2
4	1.2
4	1.2
4.0625	1.2
4.0625	1.2
4.125	1.2
4.125	1.2
4.1875	1.2
4.1875	1.2
4.25	1.2
4.25	1.2
4.3125	1.2
4.3125	1.2
4.375	1.2
4.375	1.2
4.4375	1.2
4.4375	1.2
4.5	1.2
4.5	1.2
4.5625	1.2
4.5625	1.2
4.625	1.2
4.625	1.2
4.6875	1.2
4.6875	1.2
4.75	1.2
4.75	1.2
4.8125	1.2
4.8125	1.2
4.875	1.2
4.875	1.2
4.9375	1.2
4.9375	1.2
5	1.2
5	1.2
5.0625	1.2
5.0625	1.2
5.125	1.2
5.125	1.2
5.1875	1.2
5.1875	1.2
5.25	1.2
5.25	1.2
5.3125	1.2
5.3125	1.2
5.375	1.2
5.375	1.2
5.4375	1.2
5.4375	1.2
5.5	1.2
5.5	1.2
5.5625	1.2
5.5625	1.2
5.625	1.2
5.625	1.2
5.6875	1.2
5.6875	1.2
5.75	1.2
5.75	1.2
5.8125	1.2
5.8125	1.2
5.875	1.2
5.875	1.2
5.9375	1.2
5.9375	1.2
6	1.2
6	1.2
6.0625	1.2
6.0625	1.2
6.125	1.2
6.125	1.2
6.1875	1.2
6.1875	1.2
6.25	1.2
6.25	1.2
6.3125	1.2
6.3125	1.2
6.375	1.2
6.375	1.2
6.4375	1.2
6.4375	1.2
6.5	1.2
6.5	1.2
6.5625	1.2
6.5625	1.2
6.625	1.2
6.625	1.2
6.6875	1.2
6.6875	1.2
6.75	1.2
6.75	1.2
6.8125	1.2
6.8125	1.2
6.875	1.2
6.875	1.2
6.9375	1.2
6.9375	1.2
7	1.2
7	1.2
7.0625	1.2
7.0625	1.2
7.125	1.2
7.125	1.2
7.1875	1.2
7.1875	1.2
7.25	1.2
7.25	1.2
7.3125	1.2
7.3125	1.2
7.375	1.2
7.375	1.2
7.4375	1.2
7.4375	1.2
7.5	1.2
7.5	1.2
7.5625	1.2
7.5625	1.2
7.625	1.2
7.625	1.2
7.6875	1.2
7.6875	1.2
7.75	1.2
7.75	1.2
7.8125	1.2
7.8125	1.2
7.875	1.2
7.875	1.2
7.9375	1.2
7.9375	1.2
8	1.2
8	1.19996744791667
8.0625	1.18766276041667
8.0625	1.18766276041667
8.125	1.17574869791667
8.125	1.17574869791667
8.1875	1.16422526041667
8.1875	1.16422526041667
8.25	1.15309244791667
8.25	1.15309244791667
8.3125	1.14235026041667
8.3125	1.14235026041667
8.375	1.13199869791667
8.375	1.13199869791667
8.4375	1.12203776041667
8.4375	1.12203776041667
8.5	1.11246744791667
8.5	1.11246744791667
8.5625	1.10328776041667
8.5625	1.10328776041667
8.625	1.09449869791667
8.625	1.09449869791667
8.6875	1.08610026041667
8.6875	1.08610026041667
8.75	1.07809244791667
8.75	1.07809244791667
8.8125	1.07047526041667
8.8125	1.07047526041667
8.875	1.06324869791667
8.875	1.06324869791667
8.9375	1.05641276041667
8.9375	1.05641276041667
9	1.04996744791667
9	1.04996744791667
9.0625	1.04391276041667
9.0625	1.04391276041667
9.125	1.03824869791667
9.125	1.03824869791667
9.1875	1.03297526041667
9.1875	1.03297526041667
9.25	1.02809244791667
9.25	1.02809244791667
9.3125	1.02360026041667
9.3125	1.02360026041667
9.375	1.01949869791667
9.375	1.01949869791667
9.4375	1.01578776041667
9.4375	1.01578776041667
9.5	1.01246744791667
9.5	1.01246744791667
9.5625	1.00953776041667
9.5625	1.00953776041667
9.625	1.00699869791667
9.625	1.00699869791667
9.6875	1.00485026041667
9.6875	1.00485026041667
9.75	1.00309244791667
9.75	1.00309244791667
9.8125	1.00172526041667
9.8125	1.00172526041667
9.875	1.00074869791667
9.875	1.00074869791667
9.9375	1.00016276041667
9.9375	1.00016276041667
10	0.999967447916667
10	0.999967447916667
10.0625	1.00016276041667
10.0625	1.00016276041667
10.125	1.00074869791667
10.125	1.00074869791667
10.1875	1.00172526041667
10.1875	1.00172526041667
10.25	1.00309244791667
10.25	1.00309244791667
10.3125	1.00485026041667
10.3125	1.00485026041667
10.375	1.00699869791667
10.375	1.00699869791667
10.4375	1.00953776041667
10.4375	1.00953776041667
10.5	1.01246744791667
10.5	1.01246744791667
10.5625	1.01578776041667
10.5625	1.01578776041667
10.625	1.01949869791667
10.625	1.01949869791667
10.6875	1.02360026041667
10.6875	1.02360026041667
10.75	1.02809244791667
10.75	1.02809244791667
10.8125	1.03297526041667
10.8125	1.03297526041667
10.875	1.03824869791667
10.875	1.03824869791667
10.9375	1.04391276041667
10.9375	1.04391276041667
11	1.04996744791667
11	1.04996744791667
11.0625	1.05641276041667
11.0625	1.05641276041667
11.125	1.06324869791667
11.125	1.06324869791667
11.1875	1.07047526041667
11.1875	1.07047526041667
11.25	1.07809244791667
11.25	1.07809244791667
11.3125	1.08610026041667
11.3125	1.08610026041667
11.375	1.09449869791667
11.375	1.09449869791667
11.4375	1.10328776041667
11.4375	1.10328776041667
11.5	1.11246744791667
11.5	1.11246744791667
11.5625	1.12203776041667
11.5625	1.12203776041667
11.625	1.13199869791667
11.625	1.13199869791667
11.6875	1.14235026041667
11.6875	1.14235026041667
11.75	1.15309244791667
11.75	1.15309244791667
11.8125	1.16422526041667
11.8125	1.16422526041667
11.875	1.17574869791667
11.875	1.17574869791667
11.9375	1.18766276041667
11.9375	1.18766276041667
12	1.19996744791667
12	1.2
12.0625	1.2
12.0625	1.2
12.125	1.2
12.125	1.2
12.1875	1.2
12.1875	1.2
12.25	1.2
12.25	1.2
12.3125	1.2
12.3125	1.2
12.375	1.2
12.375	1.2
12.4375	1.2
12.4375	1.2
12.5	1.2
12.5	1.2
12.5625	1.2
12.5625	1.2
12.625	1.2
12.625	1.2
12.6875	1.2
12.6875	1.2
12.75	1.2
12.75	1.2
12.8125	1.2
12.8125	1.2
12.875	1.2
12.875	1.2
12.9375	1.2
12.9375	1.2
13	1.2
13	1.2
13.0625	1.2
13.0625	1.2
13.125	1.2
13.125	1.2
13.1875	1.2
13.1875	1.2
13.25	1.2
13.25	1.2
13.3125	1.2
13.3125	1.2
13.375	1.2
13.375	1.2
13.4375	1.2
13.4375	1.2
13.5	1.2
13.5	1.2
13.5625	1.2
13.5625	1.2
13.625	1.2
13.625	1.2
13.6875	1.2
13.6875	1.2
13.75	1.2
13.75	1.2
13.8125	1.2
13.8125	1.2
13.875	1.2
13.875	1.2
13.9375	1.2
13.9375	1.2
14	1.2
14	1.2
14.0625	1.2
14.0625	1.2
14.125	1.2
14.125	1.2
14.1875	1.2
14.1875	1.2
14.25	1.2
14.25	1.2
14.3125	1.2
14.3125	1.2
14.375	1.2
14.375	1.2
14.4375	1.2
14.4375	1.2
14.5	1.2
14.5	1.2
14.5625	1.2
14.5625	1.2
14.625	1.2
14.625	1.2
14.6875	1.2
14.6875	1.2
14.75	1.2
14.75	1.2
14.8125	1.2
14.8125	1.2
14.875	1.2
14.875	1.2
14.9375	1.2
14.9375	1.2
15	1.2
15	1.2
15.0625	1.2
15.0625	1.2
15.125	1.2
15.125	1.2
15.1875	1.2
15.1875	1.2
15.25	1.2
15.25	1.2
15.3125	1.2
15.3125	1.2
15.375	1.2
15.375	1.2
15.4375	1.2
15.4375	1.2
15.5	1.2
15.5	1.2
15.5625	1.2
15.5625	1.2
15.625	1.2
15.625	1.2
15.6875	1.2
15.6875	1.2
15.75	1.2
15.75	1.2
15.8125	1.2
15.8125	1.2
15.875	1.2
15.875	1.2
15.9375	1.2
15.9375	1.2
16	1.2
16	1.2
16.0625	1.2
16.0625	1.2
16.125	1.2
16.125	1.2
16.1875	1.2
16.1875	1.2
16.25	1.2
16.25	1.2
16.3125	1.2
16.3125	1.2
16.375	1.2
16.375	1.2
16.4375	1.2
16.4375	1.2
16.5	1.2
16.5	1.2
16.5625	1.2
16.5625	1.2
16.625	1.2
16.625	1.2
16.6875	1.2
16.6875	1.2
16.75	1.2
16.75	1.2
16.8125	1.2
16.8125	1.2
16.875	1.2
16.875	1.2
16.9375	1.2
16.9375	1.2
17	1.2
17	1.2
17.0625	1.2
17.0625	1.2
17.125	1.2
17.125	1.2
17.1875	1.2
17.1875	1.2
17.25	1.2
17.25	1.2
17.3125	1.2
17.3125	1.2
17.375	1.2
17.375	1.2
17.4375	1.2
17.4375	1.2
17.5	1.2
17.5	1.2
17.5625	1.2
17.5625	1.2
17.625	1.2
17.625	1.2
17.6875	1.2
17.6875	1.2
17.75	1.2
17.75	1.2
17.8125	1.2
17.8125	1.2
17.875	1.2
17.875	1.2
17.9375	1.2
17.9375	1.2
18	1.2
18	1.2
18.0625	1.2
18.0625	1.2
18.125	1.2
18.125	1.2
18.1875	1.2
18.1875	1.2
18.25	1.2
18.25	1.2
18.3125	1.2
18.3125	1.2
18.375	1.2
18.375	1.2
18.4375	1.2
18.4375	1.2
18.5	1.2
18.5	1.2
18.5625	1.2
18.5625	1.2
18.625	1.2
18.625	1.2
18.6875	1.2
18.6875	1.2
18.75	1.2
18.75	1.2
18.8125	1.2
18.8125	1.2
18.875	1.2
18.875	1.2
18.9375	1.2
18.9375	1.2
19	1.2
19	1.2
19.0625	1.2
19.0625	1.2
19.125	1.2
19.125	1.2
19.1875	1.2
19.1875	1.2
19.25	1.2
19.25	1.2
19.3125	1.2
19.3125	1.2
19.375	1.2
19.375	1.2
19.4375	1.2
19.4375	1.2
19.5	1.2
19.5	1.2
19.5625	1.2
19.5625	1.2
19.625	1.2
19.625	1.2
19.6875	1.2
19.6875	1.2
19.75	1.2
19.75	1.2
19.8125	1.2
19.8125	1.2
19.875	1.2
19.875	1.2
19.9375	1.2
19.9375	1.2
20	1.2
0	0.4754
0.0625	0.4754
0.0625	0.4754
0.125	0.4754
0.125	0.4754
0.1875	0.4754
0.1875	0.4754
0.25	0.4754
0.25	0.4754
0.3125	0.4754
0.3125	0.4754
0.375	0.4754
0.375	0.4754
0.4375	0.4754
0.4375	0.4754
0.5	0.4754
0.5	0.4754
0.5625	0.4754
0.5625	0.4754
0.625	0.4754
0.625	0.4754
0.6875	0.4754
0.6875	0.4754
0.75	0.4754
0.75	0.4754
0.8125	0.4754
0.8125	0.4754
0.875	0.4754
0.875	0.4754
0.9375	0.4754
0.9375	0.4754
1	0.4754
1	0.4754
1.0625	0.4754
1.0625	0.4754
1.125	0.4754
1.125	0.4754
1.1875	0.4754
1.1875	0.4754
1.25	0.4754
1.25	0.4754
1.3125	0.4754
1.3125	0.4754
1.375	0.4754
1.375	0.4754
1.4375	0.4754
1.4375	0.4754
1.5	0.4754
1.5	0.4754
1.5625	0.4754
1.5625	0.4754
1.625	0.4754
1.625	0.4754
1.6875	0.4754
1.6875	0.4754
1.75	0.4754
1.75	0.4754
1.8125	0.4754
1.8125	0.4754
1.875	0.4754
1.875	0.4754
1.9375	0.4754
1.9375	0.4754
2	0.4754
2	0.4754
2.0625	0.4754
2.0625	0.4754
2.125	0.4754
2.125	0.4754
2.1875	0.4754
2.1875	0.4754
2.25	0.4754
2.25	0.4754
2.3125	0.4754
2.3125	0.4754
2.375	0.4754
2.375	0.4754
2.4375	0.4754
2.4375	0.4754
2.5	0.4754
2.5	0.4754
2.5625	0.4754
2.5625	0.4754
2.625	0.4754
2.625	0.4754
2.6875	0.4754
2.6875	0.4754
2.75	0.4754
2.75	0.4754
2.8125	0.4754
2.8125	0.4754
2.875	0.4754
2.875	0.4754
2.9375	0.4754
2.9375	0.4754
3	0.4754
3	0.4754
3.0625	0.4754
3.0625	0.4754
3.125	0.4754
3.125	0.4754
3.1875	0.4754
3.1875	0.4754
3.25	0.4754
3.25	0.4754
3.3125	0.4754
3.3125	0.4754
3.375	0.4754
3.375	0.4754
3.4375	0.4754
3.4375	0.4754
3.5	0.4754
3.5	0.4754
3.5625	0.4754
3.5625	0.4754
3.625	0.4754
3.625	0.4754
3.6875	0.4754
3.6875	0.4754
3.75	0.4754
3.75	0.4754
3.8125	0.4754
3.8125	0.4754
3.875	0.4754
3.875	0.4754
3.9375	0.4754
3.9375	0.4754
4	0.4754
4	0.4754
4.0625	0.4754
4.0625	0.4754
4.125	0.4754
4.125	0.4754
4.1875	0.4754
4.1875	0.4754
4.25	0.4754
4.25	0.4754
4.3125	0.4754
4.3125	0.4754
4.375	0.4754
4.375	0.4754
4.4375	0.4754
4.4375	0.4754
4.5	0.4754
4.5	0.4754
4.5625	0.4754
4.5625	0.4754
4.625	0.4754
4.625	0.4754
4.6875	0.4754
4.6875	0.4754
4.75	0.4754
4.75	0.4754
4.8125	0.4754
4.8125	0.4754
4.875	0.4754
4.875	0.4754
4.9375	0.4754
4.9375	0.4754
5	0.4754
5	0.4754
5.0625	0.4754
5.0625	0.4754
5.125	0.4754
5.125	0.4754
5.1875	0.4754
5.1875	0.4754
5.25	0.4754
5.25	0.4754
5.3125	0.4754
5.3125	0.4754
5.375	0.4754
5.375	0.4754
5.4375	0.4754
5.4375	0.4754
5.5	0.4754
5.5	0.4754
5.5625	0.4754
5.5625	0.4754
5.625	0.4754
5.625	0.4754
5.6875	0.4754
5.6875	0.4754
5.75	0.4754
5.75	0.4754
5.8125	0.4754
5.8125	0.4754
5.875	0.4754
5.875	0.4754
5.9375	0.4754
5.9375	0.4754
6	0.4754
6	0.4754
6.0625	0.4754
6.0625	0.4754
6.125	0.4754
6.125	0.4754
6.1875	0.4754
6.1875	0.4754
6.25	0.4754
6.25	0.4754
6.3125	0.4754
6.3125	0.4754
6.375	0.4754
6.375	0.4754
6.4375	0.4754
6.4375	0.4754
6.5	0.4754
6.5	0.4754
6.5625	0.4754
6.5625	0.4754
6.625	0.4754
6.625	0.4754
6.6875	0.4754
6.6875	0.4754
6.75	0.4754
6.75	0.4754
6.8125	0.4754
6.8125	0.4754
6.875	0.4754
6.875	0.4754
6.9375	0.4754
6.9375	0.4754
7	0.4754
7	0.4754
7.0625	0.4754
7.0625	0.4754
7.125	0.4754
7.125	0.4754
7.1875	0.4754
7.1875	0.4754
7.25	0.4754
7.25	0.4754
7.3125	0.4754
7.3125	0.4754
7.375	0.4754
7.375	0.4754
7.4375	0.4754
7.4375	0.4754
7.5	0.4754
7.5	0.4754
7.5625	0.4754
7.5625	0.4754
7.625	0.4754
7.625	0.4754
7.6875	0.4754
7.6875	0.4754
7.75	0.4754
7.75	0.4754
7.8125	0.4754
7.8125	0.4754
7.875	0.4754
7.875	0.4754
7.9375	0.4754
7.9375	0.4754
8	0.4754
8	0.4754
8.0625	0.4754
8.0625	0.4754
8.125	0.4754
8.125	0.4754
8.1875	0.4754
8.1875	0.4754
8.25	0.4754
8.25	0.4754
8.3125	0.4754
8.3125	0.4754
8.375	0.4754
8.375	0.4754
8.4375	0.4754
8.4375	0.4754
8.5	0.4754
8.5	0.4754
8.5625	0.4754
8.5625	0.4754
8.625	0.4754
8.625	0.4754
8.6875	0.4754
8.6875	0.4754
8.75	0.4754
8.75	0.4754
8.8125	0.4754
8.8125	0.4754
8.875	0.4754
8.875	0.4754
8.9375	0.4754
8.9375	0.4754
9	0.4754
9	0.4754
9.0625	0.4754
9.0625	0.4754
9.125	0.4754
9.125	0.4754
9.1875	0.4754
9.1875	0.4754
9.25	0.4754
9.25	0.4754
9.3125	0.4754
9.3125	0.4754
9.375	0.4754
9.375	0.4754
9.4375	0.4754
9.4375	0.4754
9.5	0.4754
9.5	0.4754
9.5625	0.4754
9.5625	0.4754
9.625	0.4754
9.625	0.4754
9.6875	0.4754
9.6875	0.4754
9.75	0.4754
9.75	0.4754
9.8125	0.4754
9.8125	0.4754
9.875	0.4754
9.875	0.4754
9.9375	0.4754
9.9375	0.4754
10	0.4754
10	0.4754
10.0625	0.4754
10.0625	0.4754
10.125	0.4754
10.125	0.4754
10.1875	0.4754
10.1875	0.4754
10.25	0.4754
10.25	0.4754
10.3125	0.4754
10.3125	0.4754
10.375	0.4754
10.375	0.4754
10.4375	0.4754
10.4375	0.4754
10.5	0.4754
10.5	0.4754
10.5625	0.4754
10.5625	0.4754
10.625	0.4754
10.625	0.4754
10.6875	0.4754
10.6875	0.4754
10.75	0.4754
10.75	0.4754
10.8125	0.4754
10.8125	0.4754
10.875	0.4754
10.875	0.4754
10.9375	0.4754
10.9375	0.4754
11	0.4754
11	0.4754
11.0625	0.4754
11.0625	0.4754
11.125	0.4754
11.125	0.4754
11.1875	0.4754
11.1875	0.4754
11.25	0.4754
11.25	0.4754
11.3125	0.4754
11.3125	0.4754
11.375	0.4754
11.375	0.4754
11.4375	0.4754
11.4375	0.4754
11.5	0.4754
11.5	0.4754
11.5625	0.4754
11.5625	0.4754
11.625	0.4754
11.625	0.4754
11.6875	0.4754
11.6875	0.4754
11.75	0.4754
11.75	0.4754
11.8125	0.4754
11.8125	0.4754
11.875	0.4754
11.875	0.4754
11.9375	0.4754
11.9375	0.4754
12	0.4754
12	0.4754
12.0625	0.4754
12.0625	0.4754
12.125	0.4754
12.125	0.4754
12.1875	0.4754
12.1875	0.4754
12.25	0.4754
12.25	0.4754
12.3125	0.4754
12.3125	0.4754
12.375	0.4754
12.375	0.4754
12.4375	0.4754
12.4375	0.4754
12.5	0.4754
12.5	0.4754
12.5625	0.4754
12.5625	0.4754
12.625	0.4754
12.625	0.4754
12.6875	0.4754
12.6875	0.4754
12.75	0.4754
12.75	0.4754
12.8125	0.4754
12.8125	0.4754
12.875	0.4754
12.875	0.4754
12.9375	0.4754
12.9375	0.4754
13	0.4754
13	0.4754
13.0625	0.4754
13.0625	0.4754
13.125	0.4754
13.125	0.4754
13.1875	0.4754
13.1875	0.4754
13.25	0.4754
13.25	0.4754
13.3125	0.4754
13.3125	0.4754
13.375	0.4754
13.375	0.4754
13.4375	0.4754
13.4375	0.4754
13.5	0.4754
13.5	0.4754
13.5625	0.4754
13.5625	0.4754
13.625	0.4754
13.625	0.4754
13.6875	0.4754
13.6875	0.4754
13.75	0.4754
13.75	0.4754
13.8125	0.4754
13.8125	0.4754
13.875	0.4754
13.875	0.4754
13.9375	0.4754
13.9375	0.4754
14	0.4754
14	0.4754
14.0625	0.4754
14.0625	0.4754
14.125	0.4754
14.125	0.4754
14.1875	0.4754
14.1875	0.4754
14.25	0.4754
14.25	0.4754
14.3125	0.4754
14.3125	0.4754
14.375	0.4754
14.375	0.4754
14.4375	0.4754
14.4375	0.4754
14.5	0.4754
14.5	0.4754
14.5625	0.4754
14.5625	0.4754
14.625	0.4754
14.625	0.4754
14.6875	0.4754
14.6875	0.4754
14.75	0.4754
14.75	0.4754
14.8125	0.4754
14.8125	0.4754
14.875	0.4754
14.875	0.4754
14.9375	0.4754
14.9375	0.4754
15	0.4754
15	0.4754
15.0625	0.4754
15.0625	0.4754
15.125	0.4754
15.125	0.4754
15.1875	0.4754
15.1875	0.4754
15.25	0.4754
15.25	0.4754
15.3125	0.4754
15.3125	0.4754
15.375	0.4754
15.375	0.4754
15.4375	0.4754
15.4375	0.4754
15.5	0.4754
15.5	0.4754
15.5625	0.4754
15.5625	0.4754
15.625	0.4754
15.625	0.4754
15.6875	0.4754
15.6875	0.4754
15.75	0.4754
15.75	0.4754
15.8125	0.4754
15.8125	0.4754
15.875	0.4754
15.875	0.4754
15.9375	0.4754
15.9375	0.4754
16	0.4754
16	0.4754
16.0625	0.4754
16.0625	0.4754
16.125	0.4754
16.125	0.4754
16.1875	0.4754
16.1875	0.4754
16.25	0.4754
16.25	0.4754
16.3125	0.4754
16.3125	0.4754
16.375	0.4754
16.375	0.4754
16.4375	0.4754
16.4375	0.4754
16.5	0.4754
16.5	0.4754
16.5625	0.4754
16.5625	0.4754
16.625	0.4754
16.625	0.4754
16.6875	0.4754
16.6875	0.4754
16.75	0.4754
16.75	0.4754
16.8125	0.4754
16.8125	0.4754
16.875	0.4754
16.875	0.4754
16.9375	0.4754
16.9375	0.4754
17	0.4754
17	0.4754
17.0625	0.4754
17.0625	0.4754
17.125	0.4754
17.125	0.4754
17.1875	0.4754
17.1875	0.4754
17.25	0.4754
17.25	0.4754
17.3125	0.4754
17.3125	0.4754
17.375	0.4754
17.375	0.4754
17.4375	0.4754
17.4375	0.4754
17.5	0.4754
17.5	0.4754
17.5625	0.4754
17.5625	0.4754
17.625	0.4754
17.625	0.4754
17.6875	0.4754
17.6875	0.4754
17.75	0.4754
17.75	0.4754
17.8125	0.4754
17.8125	0.4754
17.875	0.4754
17.875	0.4754
17.9375	0.4754
17.9375	0.4754
18	0.4754
18	0.4754
18.0625	0.4754
18.0625	0.4754
18.125	0.4754
18.125	0.4754
18.1875	0.4754
18.1875	0.4754
18.25	0.4754
18.25	0.4754
18.3125	0.4754
18.3125	0.4754
18.375	0.4754
18.375	0.4754
18.4375	0.4754
18.4375	0.4754
18.5	0.4754
18.5	0.4754
18.5625	0.4754
18.5625	0.4754
18.625	0.4754
18.625	0.4754
18.6875	0.4754
18.6875	0.4754
18.75	0.4754
18.75	0.4754
18.8125	0.4754
18.8125	0.4754
18.875	0.4754
18.875	0.4754
18.9375	0.4754
18.9375	0.4754
19	0.4754
19	0.4754
19.0625	0.4754
19.0625	0.4754
19.125	0.4754
19.125	0.4754
19.1875	0.4754
19.1875	0.4754
19.25	0.4754
19.25	0.4754
19.3125	0.4754
19.3125	0.4754
19.375	0.4754
19.375	0.4754
19.4375	0.4754
19.4375	0.4754
19.5	0.4754
19.5	0.4754
19.5625	0.4754
19.5625	0.4754
19.625	0.4754
19.625	0.4754
19.6875	0.4754
19.6875	0.4754
19.75	0.4754
19.75	0.4754
19.8125	0.4754
19.8125	0.4754
19.875	0.4754
19.875	0.4754
19.9375	0.4754
19.9375	0.4754
20	0.4754
0	-0.2
0.0625	-0.2
0.0625	-0.2
0.125	-0.2
0.125	-0.2
0.1875	-0.2
0.1875	-0.2
0.25	-0.2
0.25	-0.2
0.3125	-0.2
0.3125	-0.2
0.375	-0.2
0.375	-0.2
0.4375	-0.2
0.4375	-0.2
0.5	-0.2
0.5	-0.2
0.5625	-0.2
0.5625	-0.2
0.625	-0.2
0.625	-0.2
0.6875	-0.2
0.6875	-0.2
0.75	-0.2
0.75	-0.2
0.8125	-0.2
0.8125	-0.2
0.875	-0.2
0.875	-0.2
0.9375	-0.2
0.9375	-0.2
1	-0.2
1	-0.2
1.0625	-0.2
1.0625	-0.2
1.125	-0.2
1.125	-0.2
1.1875	-0.2
1.1875	-0.2
1.25	-0.2
1.25	-0.2
1.3125	-0.2
1.3125	-0.2
1.375	-0.2
1.375	-0.2
1.4375	-0.2
1.4375	-0.2
1.5	-0.2
1.5	-0.2
1.5625	-0.2
1.5625	-0.2
1.625	-0.2
1.625	-0.2
1.6875	-0.2
1.6875	-0.2
1.75	-0.2
1.75	-0.2
1.8125	-0.2
1.8125	-0.2
1.875	-0.2
1.875	-0.2
1.9375	-0.2
1.9375	-0.2
2	-0.2
2	-0.2
2.0625	-0.2
2.0625	-0.2
2.125	-0.2
2.125	-0.2
2.1875	-0.2
2.1875	-0.2
2.25	-0.2
2.25	-0.2
2.3125	-0.2
2.3125	-0.2
2.375	-0.2
2.375	-0.2
2.4375	-0.2
2.4375	-0.2
2.5	-0.2
2.5	-0.2
2.5625	-0.2
2.5625	-0.2
2.625	-0.2
2.625	-0.2
2.6875	-0.2
2.6875	-0.2
2.75	-0.2
2.75	-0.2
2.8125	-0.2
2.8125	-0.2
2.875	-0.2
2.875	-0.2
2.9375	-0.2
2.9375	-0.2
3	-0.2
3	-0.2
3.0625	-0.2
3.0625	-0.2
3.125	-0.2
3.125	-0.2
3.1875	-0.2
3.1875	-0.2
3.25	-0.2
3.25	-0.2
3.3125	-0.2
3.3125	-0.2
3.375	-0.2
3.375	-0.2
3.4375	-0.2
3.4375	-0.2
3.5	-0.2
3.5	-0.2
3.5625	-0.2
3.5625	-0.2
3.625	-0.2
3.625	-0.2
3.6875	-0.2
3.6875	-0.2
3.75	-0.2
3.75	-0.2
3.8125	-0.2
3.8125	-0.2
3.875	-0.2
3.875	-0.2
3.9375	-0.2
3.9375	-0.2
4	-0.2
4	-0.2
4.0625	-0.2
4.0625	-0.2
4.125	-0.2
4.125	-0.2
4.1875	-0.2
4.1875	-0.2
4.25	-0.2
4.25	-0.2
4.3125	-0.2
4.3125	-0.2
4.375	-0.2
4.375	-0.2
4.4375	-0.2
4.4375	-0.2
4.5	-0.2
4.5	-0.2
4.5625	-0.2
4.5625	-0.2
4.625	-0.2
4.625	-0.2
4.6875	-0.2
4.6875	-0.2
4.75	-0.2
4.75	-0.2
4.8125	-0.2
4.8125	-0.2
4.875	-0.2
4.875	-0.2
4.9375	-0.2
4.9375	-0.2
5	-0.2
5	-0.2
5.0625	-0.2
5.0625	-0.2
5.125	-0.2
5.125	-0.2
5.1875	-0.2
5.1875	-0.2
5.25	-0.2
5.25	-0.2
5.3125	-0.2
5.3125	-0.2
5.375	-0.2
5.375	-0.2
5.4375	-0.2
5.4375	-0.2
5.5	-0.2
5.5	-0.2
5.5625	-0.2
5.5625	-0.2
5.625	-0.2
5.625	-0.2
5.6875	-0.2
5.6875	-0.2
5.75	-0.2
5.75	-0.2
5.8125	-0.2
5.8125	-0.2
5.875	-0.2
5.875	-0.2
5.9375	-0.2
5.9375	-0.2
6	-0.2
6	-0.2
6.0625	-0.2
6.0625	-0.2
6.125	-0.2
6.125	-0.2
6.1875	-0.2
6.1875	-0.2
6.25	-0.2
6.25	-0.2
6.3125	-0.2
6.3125	-0.2
6.375	-0.2
6.375	-0.2
6.4375	-0.2
6.4375	-0.2
6.5	-0.2
6.5	-0.2
6.5625	-0.2
6.5625	-0.2
6.625	-0.2
6.625	-0.2
6.6875	-0.2
6.6875	-0.2
6.75	-0.2
6.75	-0.2
6.8125	-0.2
6.8125	-0.2
6.875	-0.2
6.875	-0.2
6.9375	-0.2
6.9375	-0.2
7	-0.2
7	-0.2
7.0625	-0.2
7.0625	-0.2
7.125	-0.2
7.125	-0.2
7.1875	-0.2
7.1875	-0.2
7.25	-0.2
7.25	-0.2
7.3125	-0.2
7.3125	-0.2
7.375	-0.2
7.375	-0.2
7.4375	-0.2
7.4375	-0.2
7.5	-0.2
7.5	-0.2
7.5625	-0.2
7.5625	-0.2
7.625	-0.2
7.625	-0.2
7.6875	-0.2
7.6875	-0.2
7.75	-0.2
7.75	-0.2
7.8125	-0.2
7.8125	-0.2
7.875	-0.2
7.875	-0.2
7.9375	-0.2
7.9375	-0.2
8	-0.2
8	-0.199967447916667
8.0625	-0.187662760416667
8.0625	-0.187662760416667
8.125	-0.175748697916667
8.125	-0.175748697916667
8.1875	-0.164225260416667
8.1875	-0.164225260416667
8.25	-0.153092447916667
8.25	-0.153092447916667
8.3125	-0.142350260416667
8.3125	-0.142350260416667
8.375	-0.131998697916667
8.375	-0.131998697916667
8.4375	-0.122037760416667
8.4375	-0.122037760416667
8.5	-0.112467447916667
8.5	-0.112467447916667
8.5625	-0.103287760416667
8.5625	-0.103287760416667
8.625	-0.0944986979166667
8.625	-0.0944986979166667
8.6875	-0.0861002604166667
8.6875	-0.0861002604166667
8.75	-0.0780924479166667
8.75	-0.0780924479166667
8.8125	-0.0704752604166667
8.8125	-0.0704752604166667
8.875	-0.0632486979166667
8.875	-0.0632486979166667
8.9375	-0.0564127604166667
8.9375	-0.0564127604166667
9	-0.0499674479166667
9	-0.0499674479166667
9.0625	-0.0439127604166667
9.0625	-0.0439127604166667
9.125	-0.0382486979166667
9.125	-0.0382486979166667
9.1875	-0.0329752604166667
9.1875	-0.0329752604166667
9.25	-0.0280924479166667
9.25	-0.0280924479166667
9.3125	-0.0236002604166667
9.3125	-0.0236002604166667
9.375	-0.0194986979166667
9.375	-0.0194986979166667
9.4375	-0.0157877604166667
9.4375	-0.0157877604166667
9.5	-0.0124674479166667
9.5	-0.0124674479166667
9.5625	-0.00953776041666667
9.5625	-0.00953776041666667
9.625	-0.00699869791666667
9.625	-0.00699869791666667
9.6875	-0.00485026041666667
9.6875	-0.00485026041666667
9.75	-0.00309244791666667
9.75	-0.00309244791666667
9.8125	-0.00172526041666667
9.8125	-0.00172526041666667
9.875	-0.000748697916666668
9.875	-0.000748697916666668
9.9375	-0.000162760416666668
9.9375	-0.000162760416666668
10	3.25520833333319e-05
10	3.25520833333319e-05
10.0625	-0.000162760416666668
10.0625	-0.000162760416666668
10.125	-0.000748697916666668
10.125	-0.000748697916666668
10.1875	-0.00172526041666667
10.1875	-0.00172526041666667
10.25	-0.00309244791666667
10.25	-0.00309244791666667
10.3125	-0.00485026041666667
10.3125	-0.00485026041666667
10.375	-0.00699869791666667
10.375	-0.00699869791666667
10.4375	-0.00953776041666667
10.4375	-0.00953776041666667
10.5	-0.0124674479166667
10.5	-0.0124674479166667
10.5625	-0.0157877604166667
10.5625	-0.0157877604166667
10.625	-0.0194986979166667
10.625	-0.0194986979166667
10.6875	-0.0236002604166667
10.6875	-0.0236002604166667
10.75	-0.0280924479166667
10.75	-0.0280924479166667
10.8125	-0.0329752604166667
10.8125	-0.0329752604166667
10.875	-0.0382486979166667
10.875	-0.0382486979166667
10.9375	-0.0439127604166667
10.9375	-0.0439127604166667
11	-0.0499674479166667
11	-0.0499674479166667
11.0625	-0.0564127604166667
11.0625	-0.0564127604166667
11.125	-0.0632486979166667
11.125	-0.0632486979166667
11.1875	-0.0704752604166667
11.1875	-0.0704752604166667
11.25	-0.0780924479166667
11.25	-0.0780924479166667
11.3125	-0.0861002604166667
11.3125	-0.0861002604166667
11.375	-0.0944986979166667
11.375	-0.0944986979166667
11.4375	-0.103287760416667
11.4375	-0.103287760416667
11.5	-0.112467447916667
11.5	-0.112467447916667
11.5625	-0.122037760416667
11.5625	-0.122037760416667
11.625	-0.131998697916667
11.625	-0.131998697916667
11.6875	-0.142350260416667
11.6875	-0.142350260416667
11.75	-0.153092447916667
11.75	-0.153092447916667
11.8125	-0.164225260416667
11.8125	-0.164225260416667
11.875	-0.175748697916667
11.875	-0.175748697916667
11.9375	-0.187662760416667
11.9375	-0.187662760416667
12	-0.199967447916667
12	-0.2
12.0625	-0.2
12.0625	-0.2
12.125	-0.2
12.125	-0.2
12.1875	-0.2
12.1875	-0.2
12.25	-0.2
12.25	-0.2
12.3125	-0.2
12.3125	-0.2
12.375	-0.2
12.375	-0.2
12.4375	-0.2
12.4375	-0.2
12.5	-0.2
12.5	-0.2
12.5625	-0.2
12.5625	-0.2
12.625	-0.2
12.625	-0.2
12.6875	-0.2
12.6875	-0.2
12.75	-0.2
12.75	-0.2
12.8125	-0.2
12.8125	-0.2
12.875	-0.2
12.875	-0.2
12.9375	-0.2
12.9375	-0.2
13	-0.2
13	-0.2
13.0625	-0.2
13.0625	-0.2
13.125	-0.2
13.125	-0.2
13.1875	-0.2
13.1875	-0.2
13.25	-0.2
13.25	-0.2
13.3125	-0.2
13.3125	-0.2
13.375	-0.2
13.375	-0.2
13.4375	-0.2
13.4375	-0.2
13.5	-0.2
13.5	-0.2
13.5625	-0.2
13.5625	-0.2
13.625	-0.2
13.625	-0.2
13.6875	-0.2
13.6875	-0.2
13.75	-0.2
13.75	-0.2
13.8125	-0.2
13.8125	-0.2
13.875	-0.2
13.875	-0.2
13.9375	-0.2
13.9375	-0.2
14	-0.2
14	-0.2
14.0625	-0.2
14.0625	-0.2
14.125	-0.2
14.125	-0.2
14.1875	-0.2
14.1875	-0.2
14.25	-0.2
14.25	-0.2
14.3125	-0.2
14.3125	-0.2
14.375	-0.2
14.375	-0.2
14.4375	-0.2
14.4375	-0.2
14.5	-0.2
14.5	-0.2
14.5625	-0.2
14.5625	-0.2
14.625	-0.2
14.625	-0.2
14.6875	-0.2
14.6875	-0.2
14.75	-0.2
14.75	-0.2
14.8125	-0.2
14.8125	-0.2
14.875	-0.2
14.875	-0.2
14.9375	-0.2
14.9375	-0.2
15	-0.2
15	-0.2
15.0625	-0.2
15.0625	-0.2
15.125	-0.2
15.125	-0.2
15.1875	-0.2
15.1875	-0.2
15.25	-0.2
15.25	-0.2
15.3125	-0.2
15.3125	-0.2
15.375	-0.2
15.375	-0.2
15.4375	-0.2
15.4375	-0.2
15.5	-0.2
15.5	-0.2
15.5625	-0.2
15.5625	-0.2
15.625	-0.2
15.625	-0.2
15.6875	-0.2
15.6875	-0.2
15.75	-0.2
15.75	-0.2
15.8125	-0.2
15.8125	-0.2
15.875	-0.2
15.875	-0.2
15.9375	-0.2
15.9375	-0.2
16	-0.2
16	-0.2
16.0625	-0.2
16.0625	-0.2
16.125	-0.2
16.125	-0.2
16.1875	-0.2
16.1875	-0.2
16.25	-0.2
16.25	-0.2
16.3125	-0.2
16.3125	-0.2
16.375	-0.2
16.375	-0.2
16.4375	-0.2
16.4375	-0.2
16.5	-0.2
16.5	-0.2
16.5625	-0.2
16.5625	-0.2
16.625	-0.2
16.625	-0.2
16.6875	-0.2
16.6875	-0.2
16.75	-0.2
16.75	-0.2
16.8125	-0.2
16.8125	-0.2
16.875	-0.2
16.875	-0.2
16.9375	-0.2
16.9375	-0.2
17	-0.2
17	-0.2
17.0625	-0.2
17.0625	-0.2
17.125	-0.2
17.125	-0.2
17.1875	-0.2
17.1875	-0.2
17.25	-0.2
17.25	-0.2
17.3125	-0.2
17.3125	-0.2
17.375	-0.2
17.375	-0.2
17.4375	-0.2
17.4375	-0.2
17.5	-0.2
17.5	-0.2
17.5625	-0.2
17.5625	-0.2
17.625	-0.2
17.625	-0.2
17.6875	-0.2
17.6875	-0.2
17.75	-0.2
17.75	-0.2
17.8125	-0.2
17.8125	-0.2
17.875	-0.2
17.875	-0.2
17.9375	-0.2
17.9375	-0.2
18	-0.2
18	-0.2
18.0625	-0.2
18.0625	-0.2
18.125	-0.2
18.125	-0.2
18.1875	-0.2
18.1875	-0.2
18.25	-0.2
18.25	-0.2
18.3125	-0.2
18.3125	-0.2
18.375	-0.2
18.375	-0.2
18.4375	-0.2
18.4375	-0.2
18.5	-0.2
18.5	-0.2
18.5625	-0.2
18.5625	-0.2
18.625	-0.2
18.625	-0.2
18.6875	-0.2
18.6875	-0.2
18.75	-0.2
18.75	-0.2
18.8125	-0.2
18.8125	-0.2
18.875	-0.2
18.875	-0.2
18.9375	-0.2
18.9375	-0.2
19	-0.2
19	-0.2
19.0625	-0.2
19.0625	-0.2
19.125	-0.2
19.125	-0.2
19.1875	-0.2
19.1875	-0.2
19.25	-0.2
19.25	-0.2
19.3125	-0.2
19.3125	-0.2
19.375	-0.2
19.375	-0.2
19.4375	-0.2
19.4375	-0.2
19.5	-0.2
19.5	-0.2
19.5625	-0.2
19.5625	-0.2
19.625	-0.2
19.625	-0.2
19.6875	-0.2
19.6875	-0.2
19.75	-0.2
19.75	-0.2
19.8125	-0.2
19.8125	-0.2
19.875	-0.2
19.875	-0.2
19.9375	-0.2
19.9375	-0.2
20	-0.2
0	0.05
0.0625	0.05
0.0625	0.05
0.125	0.05
0.125	0.05
0.1875	0.05
0.1875	0.05
0.25	0.05
0.25	0.05
0.3125	0.05
0.3125	0.05
0.375	0.05
0.375	0.05
0.4375	0.05
0.4375	0.05
0.5	0.05
0.5	0.05
0.5625	0.05
0.5625	0.05
0.625	0.05
0.625	0.05
0.6875	0.05
0.6875	0.05
0.75	0.05
0.75	0.05
0.8125	0.05
0.8125	0.05
0.875	0.05
0.875	0.05
0.9375	0.05
0.9375	0.05
1	0.05
1	0.05
1.0625	0.05
1.0625	0.05
1.125	0.05
1.125	0.05
1.1875	0.05
1.1875	0.05
1.25	0.05
1.25	0.05
1.3125	0.05
1.3125	0.05
1.375	0.05
1.375	0.05
1.4375	0.05
1.4375	0.05
1.5	0.05
1.5	0.05
1.5625	0.05
1.5625	0.05
1.625	0.05
1.625	0.05
1.6875	0.05
1.6875	0.05
1.75	0.05
1.75	0.05
1.8125	0.05
1.8125	0.05
1.875	0.05
1.875	0.05
1.9375	0.05
1.9375	0.05
2	0.05
2	0.05
2.0625	0.05
2.0625	0.05
2.125	0.05
2.125	0.05
2.1875	0.05
2.1875	0.05
2.25	0.05
2.25	0.05
2.3125	0.05
2.3125	0.05
2.375	0.05
2.375	0.05
2.4375	0.05
2.4375	0.05
2.5	0.05
2.5	0.05
2.5625	0.05
2.5625	0.05
2.625	0.05
2.625	0.05
2.6875	0.05
2.6875	0.05
2.75	0.05
2.75	0.05
2.8125	0.05
2.8125	0.05
2.875	0.05
2.875	0.05
2.9375	0.05
2.9375	0.05
3	0.05
3	0.05
3.0625	0.05
3.0625	0.05
3.125	0.05
3.125	0.05
3.1875	0.05
3.1875	0.05
3.25	0.05
3.25	0.05
3.3125	0.05
3.3125	0.05
3.375	0.05
3.375	0.05
3.4375	0.05
3.4375	0.05
3.5	0.05
3.5	0.05
3.5625	0.05
3.5625	0.05
3.625	0.05
3.625	0.05
3.6875	0.05
3.6875	0.05
3.75	0.05
3.75	0.05
3.8125	0.05
3.8125	0.05
3.875	0.05
3.875	0.05
3.9375	0.05
3.9375	0.05
4	0.05
4	0.05
4.0625	0.05
4.0625	0.05
4.125	0.05
4.125	0.05
4.1875	0.05
4.1875	0.05
4.25	0.05
4.25	0.05
4.3125	0.05
4.3125	0.05
4.375	0.05
4.375	0.05
4.4375	0.05
4.4375	0.05
4.5	0.05
4.5	0.05
4.5625	0.05
4.5625	0.05
4.625	0.05
4.625	0.05
4.6875	0.05
4.6875	0.05
4.75	0.05
4.75	0.05
4.8125	0.05
4.8125	0.05
4.875	0.05
4.875	0.05
4.9375	0.05
4.9375	0.05
5	0.05
5	0.05
5.0625	0.05
5.0625	0.05
5.125	0.05
5.125	0.05
5.1875	0.05
5.1875	0.05
5.25	0.05
5.25	0.05
5.3125	0.05
5.3125	0.05
5.375	0.05
5.375	0.05
5.4375	0.05
5.4375	0.05
5.5	0.05
5.5	0.05
5.5625	0.05
5.5625	0.05
5.625	0.05
5.625	0.05
5.6875	0.05
5.6875	0.05
5.75	0.05
5.75	0.05
5.8125	0.05
5.8125	0.05
5.875	0.05
5.875	0.05
5.9375	0.05
5.9375	0.05
6	0.05
6	0.05
6.0625	0.05
6.0625	0.05
6.125	0.05
6.125	0.05
6.1875	0.05
6.1875	0.05
6.25	0.05
6.25	0.05
6.3125	0.05
6.3125	0.05
6.375	0.05
6.375	0.05
6.4375	0.05
6.4375	0.05
6.5	0.05
6.5	0.05
6.5625	0.05
6.5625	0.05
6.625	0.05
6.625	0.05
6.6875	0.05
6.6875	0.05
6.75	0.05
6.75	0.05
6.8125	0.05
6.8125	0.05
6.875	0.05
6.875	0.05
6.9375	0.05
6.9375	0.05
7	0.05
7	0.05
7.0625	0.05
7.0625	0.05
7.125	0.05
7.125	0.05
7.1875	0.05
7.1875	0.05
7.25	0.05
7.25	0.05
7.3125	0.05
7.3125	0.05
7.375	0.05
7.375	0.05
7.4375	0.05
7.4375	0.05
7.5	0.05
7.5	0.05
7.5625	0.05
7.5625	0.05
7.625	0.05
7.625	0.05
7.6875	0.05
7.6875	0.05
7.75	0.05
7.75	0.05
7.8125	0.05
7.8125	0.05
7.875	0.05
7.875	0.05
7.9375	0.05
7.9375	0.05
8	0.05
8	0.05
8.0625	0.05
8.0625	0.05
8.125	0.05
8.125	0.05
8.1875	0.05
8.1875	0.05
8.25	0.05
8.25	0.05
8.3125	0.05
8.3125	0.05
8.375	0.05
8.375	0.05
8.4375	0.05
8.4375	0.05
8.5	0.05
8.5	0.05
8.5625	0.05
8.5625	0.05
8.625	0.05
8.625	0.05
8.6875	0.05
8.6875	0.05
8.75	0.05
8.75	0.05
8.8125	0.05
8.8125	0.05
8.875	0.05
8.875	0.05
8.9375	0.05
8.9375	0.05
9	0.05
9	0.05
9.0625	0.05
9.0625	0.05
9.125	0.05
9.125	0.05
9.1875	0.05
9.1875	0.05
9.25	0.05
9.25	0.05
9.3125	0.05
9.3125	0.05
9.375	0.05
9.375	0.05
9.4375	0.05
9.4375	0.05
9.5	0.05
9.5	0.05
9.5625	0.05
9.5625	0.05
9.625	0.05
9.625	0.05
9.6875	0.05
9.6875	0.05
9.75	0.05
9.75	0.05
9.8125	0.05
9.8125	0.05
9.875	0.05
9.875	0.05
9.9375	0.05
9.9375	0.05
10	0.05
10	0.05
10.0625	0.05
10.0625	0.05
10.125	0.05
10.125	0.05
10.1875	0.05
10.1875	0.05
10.25	0.05
10.25	0.05
10.3125	0.05
10.3125	0.05
10.375	0.05
10.375	0.05
10.4375	0.05
10.4375	0.05
10.5	0.05
10.5	0.05
10.5625	0.05
10.5625	0.05
10.625	0.05
10.625	0.05
10.6875	0.05
10.6875	0.05
10.75	0.05
10.75	0.05
10.8125	0.05
10.8125	0.05
10.875	0.05
10.875	0.05
10.9375	0.05
10.9375	0.05
11	0.05
11	0.05
11.0625	0.05
11.0625	0.05
11.125	0.05
11.125	0.05
11.1875	0.05
11.1875	0.05
11.25	0.05
11.25	0.05
11.3125	0.05
11.3125	0.05
11.375	0.05
11.375	0.05
11.4375	0.05
11.4375	0.05
11.5	0.05
11.5	0.05
11.5625	0.05
11.5625	0.05
11.625	0.05
11.625	0.05
11.6875	0.05
11.6875	0.05
11.75	0.05
11.75	0.05
11.8125	0.05
11.8125	0.05
11.875	0.05
11.875	0.05
11.9375	0.05
11.9375	0.05
12	0.05
12	0.05
12.0625	0.05
12.0625	0.05
12.125	0.05
12.125	0.05
12.1875	0.05
12.1875	0.05
12.25	0.05
12.25	0.05
12.3125	0.05
12.3125	0.05
12.375	0.05
12.375	0.05
12.4375	0.05
12.4375	0.05
12.5	0.05
12.5	0.05
12.5625	0.05
12.5625	0.05
12.625	0.05
12.625	0.05
12.6875	0.05
12.6875	0.05
12.75	0.05
12.75	0.05
12.8125	0.05
12.8125	0.05
12.875	0.05
12.875	0.05
12.9375	0.05
12.9375	0.05
13	0.05
13	0.05
13.0625	0.05
13.0625	0.05
13.125	0.05
13.125	0.05
13.1875	0.05
13.1875	0.05
13.25	0.05
13.25	0.05
13.3125	0.05
13.3125	0.05
13.375	0.05
13.375	0.05
13.4375	0.05
13.4375	0.05
13.5	0.05
13.5	0.05
13.5625	0.05
13.5625	0.05
13.625	0.05
13.625	0.05
13.6875	0.05
13.6875	0.05
13.75	0.05
13.75	0.05
13.8125	0.05
13.8125	0.05
13.875	0.05
13.875	0.05
13.9375	0.05
13.9375	0.05
14	0.05
14	0.05
14.0625	0.05
14.0625	0.05
14.125	0.05
14.125	0.05
14.1875	0.05
14.1875	0.05
14.25	0.05
14.25	0.05
14.3125	0.05
14.3125	0.05
14.375	0.05
14.375	0.05
14.4375	0.05
14.4375	0.05
14.5	0.05
14.5	0.05
14.5625	0.05
14.5625	0.05
14.625	0.05
14.625	0.05
14.6875	0.05
14.6875	0.05
14.75	0.05
14.75	0.05
14.8125	0.05
14.8125	0.05
14.875	0.05
14.875	0.05
14.9375	0.05
14.9375	0.05
15	0.05
15	0.05
15.0625	0.05
15.0625	0.05
15.125	0.05
15.125	0.05
15.1875	0.05
15.1875	0.05
15.25	0.05
15.25	0.05
15.3125	0.05
15.3125	0.05
15.375	0.05
15.375	0.05
15.4375	0.05
15.4375	0.05
15.5	0.05
15.5	0.05
15.5625	0.05
15.5625	0.05
15.625	0.05
15.625	0.05
15.6875	0.05
15.6875	0.05
15.75	0.05
15.75	0.05
15.8125	0.05
15.8125	0.05
15.875	0.05
15.875	0.05
15.9375	0.05
15.9375	0.05
16	0.05
16	0.05
16.0625	0.05
16.0625	0.05
16.125	0.05
16.125	0.05
16.1875	0.05
16.1875	0.05
16.25	0.05
16.25	0.05
16.3125	0.05
16.3125	0.05
16.375	0.05
16.375	0.05
16.4375	0.05
16.4375	0.05
16.5	0.05
16.5	0.05
16.5625	0.05
16.5625	0.05
16.625	0.05
16.625	0.05
16.6875	0.05
16.6875	0.05
16.75	0.05
16.75	0.05
16.8125	0.05
16.8125	0.05
16.875	0.05
16.875	0.05
16.9375	0.05
16.9375	0.05
17	0.05
17	0.05
17.0625	0.05
17.0625	0.05
17.125	0.05
17.125	0.05
17.1875	0.05
17.1875	0.05
17.25	0.05
17.25	0.05
17.3125	0.05
17.3125	0.05
17.375	0.05
17.375	0.05
17.4375	0.05
17.4375	0.05
17.5	0.05
17.5	0.05
17.5625	0.05
17.5625	0.05
17.625	0.05
17.625	0.05
17.6875	0.05
17.6875	0.05
17.75	0.05
17.75	0.05
17.8125	0.05
17.8125	0.05
17.875	0.05
17.875	0.05
17.9375	0.05
17.9375	0.05
18	0.05
18	0.05
18.0625	0.05
18.0625	0.05
18.125	0.05
18.125	0.05
18.1875	0.05
18.1875	0.05
18.25	0.05
18.25	0.05
18.3125	0.05
18.3125	0.05
18.375	0.05
18.375	0.05
18.4375	0.05
18.4375	0.05
18.5	0.05
18.5	0.05
18.5625	0.05
18.5625	0.05
18.625	0.05
18.625	0.05
18.6875	0.05
18.6875	0.05
18.75	0.05
18.75	0.05
18.8125	0.05
18.8125	0.05
18.875	0.05
18.875	0.05
18.9375	0.05
18.9375	0.05
19	0.05
19	0.05
19.0625	0.05
19.0625	0.05
19.125	0.05
19.125	0.05
19.1875	0.05
19.1875	0.05
19.25	0.05
19.25	0.05
19.3125	0.05
19.3125	0.05
19.375	0.05
19.375	0.05
19.4375	0.05
19.4375	0.05
19.5	0.05
19.5	0.05
19.5625	0.05
19.5625	0.05
19.625	0.05
19.625	0.05
19.6875	0.05
19.6875	0.05
19.75	0.05
19.75	0.05
19.8125	0.05
19.8125	0.05
19.875	0.05
19.875	0.05
19.9375	0.05
19.9375	0.05
20	0.05
0	1
0.0625	1
0.0625	1
0.125	1
0.125	1
0.1875	1
0.1875	1
0.25	1
0.25	1
0.3125	1
0.3125	1
0.375	1
0.375	1
0.4375	1
0.4375	1
0.5	1
0.5	1
0.5625	1
0.5625	1
0.625	1
0.625	1
0.6875	1
0.6875	1
0.75	1
0.75	1
0.8125	1
0.8125	1
0.875	1
0.875	1
0.9375	1
0.9375	1
1	1
1	1
1.0625	1
1.0625	1
1.125	1
1.125	1
1.1875	1
1.1875	1
1.25	1
1.25	1
1.3125	1
1.3125	1
1.375	1
1.375	1
1.4375	1
1.4375	1
1.5	1
1.5	1
1.5625	1
1.5625	1
1.625	1
1.625	1
1.6875	1
1.6875	1
1.75	1
1.75	1
1.8125	1
1.8125	1
1.875	1
1.875	1
1.9375	1
1.9375	1
2	1
2	1
2.0625	1
2.0625	1
2.125	1
2.125	1
2.1875	1
2.1875	1
2.25	1
2.25	1
2.3125	1
2.3125	1
2.375	1
2.375	1
2.4375	1
2.4375	1
2.5	1
2.5	1
2.5625	1
2.5625	1
2.625	1
2.625	1
2.6875	1
2.6875	1
2.75	1
2.75	1
2.8125	1
2.8125	1
2.875	1
2.875	1
2.9375	1
2.9375	1
3	1
3	1
3.0625	1
3.0625	1
3.125	1
3.125	1
3.1875	1
3.1875	1
3.25	1
3.25	1
3.3125	1
3.3125	1
3.375	1
3.375	1
3.4375	1
3.4375	1
3.5	1
3.5	1
3.5625	1
3.5625	1
3.625	1
3.625	1
3.6875	1
3.6875	1
3.75	1
3.75	1
3.8125	1
3.8125	1
3.875	1
3.875	1
3.9375	1
3.9375	1
4	1
4	1
4.0625	1
4.0625	1
4.125	1
4.125	1
4.1875	1
4.1875	1
4.25	1
4.25	1
4.3125	1
4.3125	1
4.375	1
4.375	1
4.4375	1
4.4375	1
4.5	1
4.5	1
4.5625	1
4.5625	1
4.625	1
4.625	1
4.6875	1
4.6875	1
4.75	1
4.75	1
4.8125	1
4.8125	1
4.875	1
4.875	1
4.9375	1
4.9375	1
5	1
5	1
5.0625	1
5.0625	1
5.125	1
5.125	1
5.1875	1
5.1875	1
5.25	1
5.25	1
5.3125	1
5.3125	1
5.375	1
5.375	1
5.4375	1
5.4375	1
5.5	1
5.5	1
5.5625	1
5.5625	1
5.625	1
5.625	1
5.6875	1
5.6875	1
5.75	1
5.75	1
5.8125	1
5.8125	1
5.875	1
5.875	1
5.9375	1
5.9375	1
6	1
6	1
6.0625	1
6.0625	1
6.125	1
6.125	1
6.1875	1
6.1875	1
6.25	1
6.25	1
6.3125	1
6.3125	1
6.375	1
6.375	1
6.4375	1
6.4375	1
6.5	1
6.5	1
6.5625	1
6.5625	1
6.625	1
6.625	1
6.6875	1
6.6875	1
6.75	1
6.75	1
6.8125	1
6.8125	1
6.875	1
6.875	1
6.9375	1
6.9375	1
7	1
7	1
7.0625	1
7.0625	1
7.125	1
7.125	1
7.1875	1
7.1875	1
7.25	1
7.25	1
7.3125	1
7.3125	1
7.375	1
7.375	1
7.4375	1
7.4375	1
7.5	1
7.5	1
7.5625	1
7.5625	1
7.625	1
7.625	1
7.6875	1
7.6875	1
7.75	1
7.75	1
7.8125	1
7.8125	1
7.875	1
7.875	1
7.9375	1
7.9375	1
8	1
8	1
8.0625	1
8.0625	1
8.125	1
8.125	1
8.1875	1
8.1875	1
8.25	1
8.25	1
8.3125	1
8.3125	1
8.375	1
8.375	1
8.4375	1
8.4375	1
8.5	1
8.5	1
8.5625	1
8.5625	1
8.625	1
8.625	1
8.6875	1
8.6875	1
8.75	1
8.75	1
8.8125	1
8.8125	1
8.875	1
8.875	1
8.9375	1
8.9375	1
9	1
9	1
9.0625	1
9.0625	1
9.125	1
9.125	1
9.1875	1
9.1875	1
9.25	1
9.25	1
9.3125	1
9.3125	1
9.375	1
9.375	1
9.4375	1
9.4375	1
9.5	1
9.5	1
9.5625	1
9.5625	1
9.625	1
9.625	1
9.6875	1
9.6875	1
9.75	1
9.75	1
9.8125	1
9.8125	1
9.875	1
9.875	1
9.9375	1
9.9375	1
10	1
10	1
10.0625	1
10.0625	1
10.125	1
10.125	1
10.1875	1
10.1875	1
10.25	1
10.25	1
10.3125	1
10.3125	1
10.375	1
10.375	1
10.4375	1
10.4375	1
10.5	1
10.5	1
10.5625	1
10.5625	1
10.625	1
10.625	1
10.6875	1
10.6875	1
10.75	1
10.75	1
10.8125	1
10.8125	1
10.875	1
10.875	1
10.9375	1
10.9375	1
11	1
11	1
11.0625	1
11.0625	1
11.125	1
11.125	1
11.1875	1
11.1875	1
11.25	1
11.25	1
11.3125	1
11.3125	1
11.375	1
11.375	1
11.4375	1
11.4375	1
11.5	1
11.5	1
11.5625	1
11.5625	1
11.625	1
11.625	1
11.6875	1
11.6875	1
11.75	1
11.75	1
11.8125	1
11.8125	1
11.875	1
11.875	1
11.9375	1
11.9375	1
12	1
12	1
12.0625	1
12.0625	1
12.125	1
12.125	1
12.1875	1
12.1875	1
12.25	1
12.25	1
12.3125	1
12.3125	1
12.375	1
12.375	1
12.4375	1
12.4375	1
12.5	1
12.5	1
12.5625	1
12.5625	1
12.625	1
12.625	1
12.6875	1
12.6875	1
12.75	1
12.75	1
12.8125	1
12.8125	1
12.875	1
12.875	1
12.9375	1
12.9375	1
13	1
13	1
13.0625	1
13.0625	1
13.125	1
13.125	1
13.1875	1
13.1875	1
13.25	1
13.25	1
13.3125	1
13.3125	1
13.375	1
13.375	1
13.4375	1
13.4375	1
13.5	1
13.5	1
13.5625	1
13.5625	1
13.625	1
13.625	1
13.6875	1
13.6875	1
13.75	1
13.75	1
13.8125	1
13.8125	1
13.875	1
13.875	1
13.9375	1
13.9375	1
14	1
14	1
14.0625	1
14.0625	1
14.125	1
14.125	1
14.1875	1
14.1875	1
14.25	1
14.25	1
14.3125	1
14.3125	1
14.375	1
14.375	1
14.4375	1
14.4375	1
14.5	1
14.5	1
14.5625	1
14.5625	1
14.625	1
14.625	1
14.6875	1
14.6875	1
14.75	1
14.75	1
14.8125	1
14.8125	1
14.875	1
14.875	1
14.9375	1
14.9375	1
15	1
15	1
15.0625	1
15.0625	1
15.125	1
15.125	1
15.1875	1
15.1875	1
15.25	1
15.25	1
15.3125	1
15.3125	1
15.375	1
15.375	1
15.4375	1
15.4375	1
15.5	1
15.5	1
15.5625	1
15.5625	1
15.625	1
15.625	1
15.6875	1
15.6875	1
15.75	1
15.75	1
15.8125	1
15.8125	1
15.875	1
15.875	1
15.9375	1
15.9375	1
16	1
16	1
16.0625	1
16.0625	1
16.125	1
16.125	1
16.1875	1
16.1875	1
16.25	1
16.25	1
16.3125	1
16.3125	1
16.375	1
16.375	1
16.4375	1
16.4375	1
16.5	1
16.5	1
16.5625	1
16.5625	1
16.625	1
16.625	1
16.6875	1
16.6875	1
16.75	1
16.75	1
16.8125	1
16.8125	1
16.875	1
16.875	1
16.9375	1
16.9375	1
17	1
17	1
17.0625	1
17.0625	1
17.125	1
17.125	1
17.1875	1
17.1875	1
17.25	1
17.25	1
17.3125	1
17.3125	1
17.375	1
17.375	1
17.4375	1
17.4375	1
17.5	1
17.5	1
17.5625	1
17.5625	1
17.625	1
17.625	1
17.6875	1
17.6875	1
17.75	1
17.75	1
17.8125	1
17.8125	1
17.875	1
17.875	1
17.9375	1
17.9375	1
18	1
18	1
18.0625	1
18.0625	1
18.125	1
18.125	1
18.1875	1
18.1875	1
18.25	1
18.25	1
18.3125	1
18.3125	1
18.375	1
18.375	1
18.4375	1
18.4375	1
18.5	1
18.5	1
18.5625	1
18.5625	1
18.625	1
18.625	1
18.6875	1
18.6875	1
18.75	1
18.75	1
18.8125	1
18.8125	1
18.875	1
18.875	1
18.9375	1
18.9375	1
19	1
19	1
19.0625	1
19.0625	1
19.125	1
19.125	1
19.1875	1
19.1875	1
19.25	1
19.25	1
19.3125	1
19.3125	1
19.375	1
19.375	1
19.4375	1
19.4375	1
19.5	1
19.5	1
19.5625	1
19.5625	1
19.625	1
19.625	1
19.6875	1
19.6875	1
19.75	1
19.75	1
19.8125	1
19.8125	1
19.875	1
19.875	1
19.9375	1
19.9375	1
20	1
