4	1
320
0	1.2
0.125	1.2
0.125	1.2
0.25	1.2
0.25	1.2
0.375	1.2
0.375	1.2
0.5	1.2
0.5	1.2
0.625	1.2
0.625	1.2
0.75	1.2
0.75	1.2
0.875	1.2
0.875	1.2
1	1.2
1	1.2
1.125	1.2
1.125	1.2
1.25	1.2
1.25	1.2
1.375	1.2
1.375	1.2
1.5	1.2
1.5	1.2
1.625	1.2
1.625	1.2
1.75	1.2
1.75	1.2
1.875	1.2
1.875	1.2
2	1.2
2	1.2
2.125	1.2
2.125	1.2
2.25	1.2
2.25	1.2
2.375	1.2
2.375	1.2
2.5	1.2
2.5	1.2
2.625	1.2
2.625	1.2
2.75	1.2
2.75	1.2
2.875	1.2
2.875	1.2
3	1.2
3	1.2
3.125	1.2
3.125	1.2
3.25	1.2
3.25	1.2
3.375	1.2
3.375	1.2
3.5	1.2
3.5	1.2
3.625	1.2
3.625	1.2
3.75	1.2
3.75	1.2
3.875	1.2
3.875	1.2
4	1.2
4	1.2
4.125	1.2
4.125	1.2
4.25	1.2
4.25	1.2
4.375	1.2
4.375	1.2
4.5	1.2
4.5	1.2
4.625	1.2
4.625	1.2
4.75	1.2
4.75	1.2
4.875	1.2
4.875	1.2
5	1.2
5	1.2
5.125	1.2
5.125	1.2
5.25	1.2
5.25	1.2
5.375	1.2
5.375	1.2
5.5	1.2
5.5	1.2
5.625	1.2
5.625	1.2
5.75	1.2
5.75	1.2
5.875	1.2
5.875	1.2
6	1.2
6	1.2
6.125	1.2
6.125	1.2
6.25	1.2
6.25	1.2
6.375	1.2
6.375	1.2
6.5	1.2
6.5	1.2
6.625	1.2
6.625	1.2
6.75	1.2
6.75	1.2
6.875	1.2
6.875	1.2
7	1.2
7	1.2
7.125	1.2
7.125	1.2
7.25	1.2
7.25	1.2
7.375	1.2
7.375	1.2
7.5	1.2
7.5	1.2
7.625	1.2
7.625	1.2
7.75	1.2
7.75	1.2
7.875	1.2
7.875	1.2
8	1.2
8	1.19986979166667
8.125	1.17565104166667
8.125	1.17565104166667
8.25	1.15299479166667
8.25	1.15299479166667
8.375	1.13190104166667
8.375	1.13190104166667
8.5	1.11236979166667
8.5	1.11236979166667
8.625	1.09440104166667
8.625	1.09440104166667
8.75	1.07799479166667
8.75	1.07799479166667
8.875	1.06315104166667
8.875	1.06315104166667
9	1.04986979166667
9	1.04986979166667
9.125	1.03815104166667
9.125	1.03815104166667
9.25	1.02799479166667
9.25	1.02799479166667
9.375	1.01940104166667
9.375	1.01940104166667
9.5	1.01236979166667
9.5	1.01236979166667
9.625	1.00690104166667
9.625	1.00690104166667
9.75	1.00299479166667
9.75	1.00299479166667
9.875	1.00065104166667
9.875	1.00065104166667
10	0.999869791666667
10	0.999869791666667
10.125	1.00065104166667
10.125	1.00065104166667
10.25	1.00299479166667
10.25	1.00299479166667
10.375	1.00690104166667
10.375	1.00690104166667
10.5	1.01236979166667
10.5	1.01236979166667
10.625	1.01940104166667
10.625	1.01940104166667
10.75	1.02799479166667
10.75	1.02799479166667
10.875	1.03815104166667
10.875	1.03815104166667
11	1.04986979166667
11	1.04986979166667
11.125	1.06315104166667
11.125	1.06315104166667
11.25	1.07799479166667
11.25	1.07799479166667
11.375	1.09440104166667
11.375	1.09440104166667
11.5	1.11236979166667
11.5	1.11236979166667
11.625	1.13190104166667
11.625	1.13190104166667
11.75	1.15299479166667
11.75	1.15299479166667
11.875	1.17565104166667
11.875	1.17565104166667
12	1.19986979166667
12	1.2
12.125	1.2
12.125	1.2
12.25	1.2
12.25	1.2
12.375	1.2
12.375	1.2
12.5	1.2
12.5	1.2
12.625	1.2
12.625	1.2
12.75	1.2
12.75	1.2
12.875	1.2
12.875	1.2
13	1.2
13	1.2
13.125	1.2
13.125	1.2
13.25	1.2
13.25	1.2
13.375	1.2
13.375	1.2
13.5	1.2
13.5	1.2
13.625	1.2
13.625	1.2
13.75	1.2
13.75	1.2
13.875	1.2
13.875	1.2
14	1.2
14	1.2
14.125	1.2
14.125	1.2
14.25	1.2
14.25	1.2
14.375	1.2
14.375	1.2
14.5	1.2
14.5	1.2
14.625	1.2
14.625	1.2
14.75	1.2
14.75	1.2
14.875	1.2
14.875	1.2
15	1.2
15	1.2
15.125	1.2
15.125	1.2
15.25	1.2
15.25	1.2
15.375	1.2
15.375	1.2
15.5	1.2
15.5	1.2
15.625	1.2
15.625	1.2
15.75	1.2
15.75	1.2
15.875	1.2
15.875	1.2
16	1.2
16	1.2
16.125	1.2
16.125	1.2
16.25	1.2
16.25	1.2
16.375	1.2
16.375	1.2
16.5	1.2
16.5	1.2
16.625	1.2
16.625	1.2
16.75	1.2
16.75	1.2
16.875	1.2
16.875	1.2
17	1.2
17	1.2
17.125	1.2
17.125	1.2
17.25	1.2
17.25	1.2
17.375	1.2
17.375	1.2
17.5	1.2
17.5	1.2
17.625	1.2
17.625	1.2
17.75	1.2
17.75	1.2
17.875	1.2
17.875	1.2
18	1.2
18	1.2
18.125	1.2
18.125	1.2
18.25	1.2
18.25	1.2
18.375	1.2
18.375	1.2
18.5	1.2
18.5	1.2
18.625	1.2
18.625	1.2
18.75	1.2
18.75	1.2
18.875	1.2
18.875	1.2
19	1.2
19	1.2
19.125	1.2
19.125	1.2
19.25	1.2
19.25	1.2
19.375	1.2
19.375	1.2
19.5	1.2
19.5	1.2
19.625	1.2
19.625	1.2
19.75	1.2
19.75	1.2
19.875	1.2
19.875	1.2
20	1.2
0	0.4754
0.125	0.4754
0.125	0.4754
0.25	0.4754
0.25	0.4754
0.375	0.4754
0.375	0.4754
0.5	0.4754
0.5	0.4754
0.625	0.4754
0.625	0.4754
0.75	0.4754
0.75	0.4754
0.875	0.4754
0.875	0.4754
1	0.4754
1	0.4754
1.125	0.4754
1.125	0.4754
1.25	0.4754
1.25	0.4754
1.375	0.4754
1.375	0.4754
1.5	0.4754
1.5	0.4754
1.625	0.4754
1.625	0.4754
1.75	0.4754
1.75	0.4754
1.875	0.4754
1.875	0.4754
2	0.4754
2	0.4754
2.125	0.4754
2.125	0.4754
2.25	0.4754
2.25	0.4754
2.375	0.4754
2.375	0.4754
2.5	0.4754
2.5	0.4754
2.625	0.4754
2.625	0.4754
2.75	0.4754
2.75	0.4754
2.875	0.4754
2.875	0.4754
3	0.4754
3	0.4754
3.125	0.4754
3.125	0.4754
3.25	0.4754
3.25	0.4754
3.375	0.4754
3.375	0.4754
3.5	0.4754
3.5	0.4754
3.625	0.4754
3.625	0.4754
3.75	0.4754
3.75	0.4754
3.875	0.4754
3.875	0.4754
4	0.4754
4	0.4754
4.125	0.4754
4.125	0.4754
4.25	0.4754
4.25	0.4754
4.375	0.4754
4.375	0.4754
4.5	0.4754
4.5	0.4754
4.625	0.4754
4.625	0.4754
4.75	0.4754
4.75	0.4754
4.875	0.4754
4.875	0.4754
5	0.4754
5	0.4754
5.125	0.4754
5.125	0.4754
5.25	0.4754
5.25	0.4754
5.375	0.4754
5.375	0.4754
5.5	0.4754
5.5	0.4754
5.625	0.4754
5.625	0.4754
5.75	0.4754
5.75	0.4754
5.875	0.4754
5.875	0.4754
6	0.4754
6	0.4754
6.125	0.4754
6.125	0.4754
6.25	0.4754
6.25	0.4754
6.375	0.4754
6.375	0.4754
6.5	0.4754
6.5	0.4754
6.625	0.4754
6.625	0.4754
6.75	0.4754
6.75	0.4754
6.875	0.4754
6.875	0.4754
7	0.4754
7	0.4754
7.125	0.4754
7.125	0.4754
7.25	0.4754
7.25	0.4754
7.375	0.4754
7.375	0.4754
7.5	0.4754
7.5	0.4754
7.625	0.4754
7.625	0.4754
7.75	0.4754
7.75	0.4754
7.875	0.4754
7.875	0.4754
8	0.4754
8	0.4754
8.125	0.4754
8.125	0.4754
8.25	0.4754
8.25	0.4754
8.375	0.4754
8.375	0.4754
8.5	0.4754
8.5	0.4754
8.625	0.4754
8.625	0.4754
8.75	0.4754
8.75	0.4754
8.875	0.4754
8.875	0.4754
9	0.4754
9	0.4754
9.125	0.4754
9.125	0.4754
9.25	0.4754
9.25	0.4754
9.375	0.4754
9.375	0.4754
9.5	0.4754
9.5	0.4754
9.625	0.4754
9.625	0.4754
9.75	0.4754
9.75	0.4754
9.875	0.4754
9.875	0.4754
10	0.4754
10	0.4754
10.125	0.4754
10.125	0.4754
10.25	0.4754
10.25	0.4754
10.375	0.4754
10.375	0.4754
10.5	0.4754
10.5	0.4754
10.625	0.4754
10.625	0.4754
10.75	0.4754
10.75	0.4754
10.875	0.4754
10.875	0.4754
11	0.4754
11	0.4754
11.125	0.4754
11.125	0.4754
11.25	0.4754
11.25	0.4754
11.375	0.4754
11.375	0.4754
11.5	0.4754
11.5	0.4754
11.625	0.4754
11.625	0.4754
11.75	0.4754
11.75	0.4754
11.875	0.4754
11.875	0.4754
12	0.4754
12	0.4754
12.125	0.4754
12.125	0.4754
12.25	0.4754
12.25	0.4754
12.375	0.4754
12.375	0.4754
12.5	0.4754
12.5	0.4754
12.625	0.4754
12.625	0.4754
12.75	0.4754
12.75	0.4754
12.875	0.4754
12.875	0.4754
13	0.4754
13	0.4754
13.125	0.4754
13.125	0.4754
13.25	0.4754
13.25	0.4754
13.375	0.4754
13.375	0.4754
13.5	0.4754
13.5	0.4754
13.625	0.4754
13.625	0.4754
13.75	0.4754
13.75	0.4754
13.875	0.4754
13.875	0.4754
14	0.4754
14	0.4754
14.125	0.4754
14.125	0.4754
14.25	0.4754
14.25	0.4754
14.375	0.4754
14.375	0.4754
14.5	0.4754
14.5	0.4754
14.625	0.4754
14.625	0.4754
14.75	0.4754
14.75	0.4754
14.875	0.4754
14.875	0.4754
15	0.4754
15	0.4754
15.125	0.4754
15.125	0.4754
15.25	0.4754
15.25	0.4754
15.375	0.4754
15.375	0.4754
15.5	0.4754
15.5	0.4754
15.625	0.4754
15.625	0.4754
15.75	0.4754
15.75	0.4754
15.875	0.4754
15.875	0.4754
16	0.4754
16	0.4754
16.125	0.4754
16.125	0.4754
16.25	0.4754
16.25	0.4754
16.375	0.4754
16.375	0.4754
16.5	0.4754
16.5	0.4754
16.625	0.4754
16.625	0.4754
16.75	0.4754
16.75	0.4754
16.875	0.4754
16.875	0.4754
17	0.4754
17	0.4754
17.125	0.4754
17.125	0.4754
17.25	0.4754
17.25	0.4754
17.375	0.4754
17.375	0.4754
17.5	0.4754
17.5	0.4754
17.625	0.4754
17.625	0.4754
17.75	0.4754
17.75	0.4754
17.875	0.4754
17.875	0.4754
18	0.4754
18	0.4754
18.125	0.4754
18.125	0.4754
18.25	0.4754
18.25	0.4754
18.375	0.4754
18.375	0.4754
18.5	0.4754
18.5	0.4754
18.625	0.4754
18.625	0.4754
18.75	0.4754
18.75	0.4754
18.875	0.4754
18.875	0.4754
19	0.4754
19	0.4754
19.125	0.4754
19.125	0.4754
19.25	0.4754
19.25	0.4754
19.375	0.4754
19.375	0.4754
19.5	0.4754
19.5	0.4754
19.625	0.4754
19.625	0.4754
19.75	0.4754
19.75	0.4754
19.875	0.4754
19.875	0.4754
20	0.4754
0	-0.2
0.125	-0.2
0.125	-0.2
0.25	-0.2
0.25	-0.2
0.375	-0.2
0.375	-0.2
0.5	-0.2
0.5	-0.2
0.625	-0.2
0.625	-0.2
0.75	-0.2
0.75	-0.2
0.875	-0.2
0.875	-0.2
1	-0.2
1	-0.2
1.125	-0.2
1.125	-0.2
1.25	-0.2
1.25	-0.2
1.375	-0.2
1.375	-0.2
1.5	-0.2
1.5	-0.2
1.625	-0.2
1.625	-0.2
1.75	-0.2
1.75	-0.2
1.875	-0.2
1.875	-0.2
2	-0.2
2	-0.2
2.125	-0.2
2.125	-0.2
2.25	-0.2
2.25	-0.2
2.375	-0.2
2.375	-0.2
2.5	-0.2
2.5	-0.2
2.625	-0.2
2.625	-0.2
2.75	-0.2
2.75	-0.2
2.875	-0.2
2.875	-0.2
3	-0.2
3	-0.2
3.125	-0.2
3.125	-0.2
3.25	-0.2
3.25	-0.2
3.375	-0.2
3.375	-0.2
3.5	-0.2
3.5	-0.2
3.625	-0.2
3.625	-0.2
3.75	-0.2
3.75	-0.2
3.875	-0.2
3.875	-0.2
4	-0.2
4	-0.2
4.125	-0.2
4.125	-0.2
4.25	-0.2
4.25	-0.2
4.375	-0.2
4.375	-0.2
4.5	-0.2
4.5	-0.2
4.625	-0.2
4.625	-0.2
4.75	-0.2
4.75	-0.2
4.875	-0.2
4.875	-0.2
5	-0.2
5	-0.2
5.125	-0.2
5.125	-0.2
5.25	-0.2
5.25	-0.2
5.375	-0.2
5.375	-0.2
5.5	-0.2
5.5	-0.2
5.625	-0.2
5.625	-0.2
5.75	-0.2
5.75	-0.2
5.875	-0.2
5.875	-0.2
6	-0.2
6	-0.2
6.125	-0.2
6.125	-0.2
6.25	-0.2
6.25	-0.2
6.375	-0.2
6.375	-0.2
6.5	-0.2
6.5	-0.2
6.625	-0.2
6.625	-0.2
6.75	-0.2
6.75	-0.2
6.875	-0.2
6.875	-0.2
7	-0.2
7	-0.2
7.125	-0.2
7.125	-0.2
7.25	-0.2
7.25	-0.2
7.375	-0.2
7.375	-0.2
7.5	-0.2
7.5	-0.2
7.625	-0.2
7.625	-0.2
7.75	-0.2
7.75	-0.2
7.875	-0.2
7.875	-0.2
8	-0.2
8	-0.199869791666667
8.125	-0.175651041666667
8.125	-0.175651041666667
8.25	-0.152994791666667
8.25	-0.152994791666667
8.375	-0.131901041666667
8.375	-0.131901041666667
8.5	-0.112369791666667
8.5	-0.112369791666667
8.625	-0.0944010416666667
8.625	-0.0944010416666667
8.75	-0.0779947916666667
8.75	-0.0779947916666667
8.875	-0.0631510416666667
8.875	-0.0631510416666667
9	-0.0498697916666667
9	-0.0498697916666667
9.125	-0.0381510416666667
9.125	-0.0381510416666667
9.25	-0.0279947916666667
9.25	-0.0279947916666667
9.375	-0.0194010416666667
9.375	-0.0194010416666667
9.5	-0.0123697916666667
9.5	-0.0123697916666667
9.625	-0.00690104166666667
9.625	-0.00690104166666667
9.75	-0.00299479166666667
9.75	-0.00299479166666667
9.875	-0.000651041666666666
9.875	-0.000651041666666666
10	0.000130208333333334
10	0.000130208333333334
10.125	-0.000651041666666666
10.125	-0.000651041666666666
10.25	-0.00299479166666667
10.25	-0.00299479166666667
10.375	-0.00690104166666667
10.375	-0.00690104166666667
10.5	-0.0123697916666667
10.5	-0.0123697916666667
10.625	-0.0194010416666667
10.625	-0.0194010416666667
10.75	-0.0279947916666667
10.75	-0.0279947916666667
10.875	-0.0381510416666667
10.875	-0.0381510416666667
11	-0.0498697916666667
11	-0.0498697916666667
11.125	-0.0631510416666667
11.125	-0.0631510416666667
11.25	-0.0779947916666667
11.25	-0.0779947916666667
11.375	-0.0944010416666667
11.375	-0.0944010416666667
11.5	-0.112369791666667
11.5	-0.112369791666667
11.625	-0.131901041666667
11.625	-0.131901041666667
11.75	-0.152994791666667
11.75	-0.152994791666667
11.875	-0.175651041666667
11.875	-0.175651041666667
12	-0.199869791666667
12	-0.2
12.125	-0.2
12.125	-0.2
12.25	-0.2
12.25	-0.2
12.375	-0.2
12.375	-0.2
12.5	-0.2
12.5	-0.2
12.625	-0.2
12.625	-0.2
12.75	-0.2
12.75	-0.2
12.875	-0.2
12.875	-0.2
13	-0.2
13	-0.2
13.125	-0.2
13.125	-0.2
13.25	-0.2
13.25	-0.2
13.375	-0.2
13.375	-0.2
13.5	-0.2
13.5	-0.2
13.625	-0.2
13.625	-0.2
13.75	-0.2
13.75	-0.2
13.875	-0.2
13.875	-0.2
14	-0.2
14	-0.2
14.125	-0.2
14.125	-0.2
14.25	-0.2
14.25	-0.2
14.375	-0.2
14.375	-0.2
14.5	-0.2
14.5	-0.2
14.625	-0.2
14.625	-0.2
14.75	-0.2
14.75	-0.2
14.875	-0.2
14.875	-0.2
15	-0.2
15	-0.2
15.125	-0.2
15.125	-0.2
15.25	-0.2
15.25	-0.2
15.375	-0.2
15.375	-0.2
15.5	-0.2
15.5	-0.2
15.625	-0.2
15.625	-0.2
15.75	-0.2
15.75	-0.2
15.875	-0.2
15.875	-0.2
16	-0.2
16	-0.2
16.125	-0.2
16.125	-0.2
16.25	-0.2
16.25	-0.2
16.375	-0.2
16.375	-0.2
16.5	-0.2
16.5	-0.2
16.625	-0.2
16.625	-0.2
16.75	-0.2
16.75	-0.2
16.875	-0.2
16.875	-0.2
17	-0.2
17	-0.2
17.125	-0.2
17.125	-0.2
17.25	-0.2
17.25	-0.2
17.375	-0.2
17.375	-0.2
17.5	-0.2
17.5	-0.2
17.625	-0.2
17.625	-0.2
17.75	-0.2
17.75	-0.2
17.875	-0.2
17.875	-0.2
18	-0.2
18	-0.2
18.125	-0.2
18.125	-0.2
18.25	-0.2
18.25	-0.2
18.375	-0.2
18.375	-0.2
18.5	-0.2
18.5	-0.2
18.625	-0.2
18.625	-0.2
18.75	-0.2
18.75	-0.2
18.875	-0.2
18.875	-0.2
19	-0.2
19	-0.2
19.125	-0.2
19.125	-0.2
19.25	-0.2
19.25	-0.2
19.375	-0.2
19.375	-0.2
19.5	-0.2
19.5	-0.2
19.625	-0.2
19.625	-0.2
19.75	-0.2
19.75	-0.2
19.875	-0.2
19.875	-0.2
20	-0.2
0	0.05
0.125	0.05
0.125	0.05
0.25	0.05
0.25	0.05
0.375	0.05
0.375	0.05
0.5	0.05
0.5	0.05
0.625	0.05
0.625	0.05
0.75	0.05
0.75	0.05
0.875	0.05
0.875	0.05
1	0.05
1	0.05
1.125	0.05
1.125	0.05
1.25	0.05
1.25	0.05
1.375	0.05
1.375	0.05
1.5	0.05
1.5	0.05
1.625	0.05
1.625	0.05
1.75	0.05
1.75	0.05
1.875	0.05
1.875	0.05
2	0.05
2	0.05
2.125	0.05
2.125	0.05
2.25	0.05
2.25	0.05
2.375	0.05
2.375	0.05
2.5	0.05
2.5	0.05
2.625	0.05
2.625	0.05
2.75	0.05
2.75	0.05
2.875	0.05
2.875	0.05
3	0.05
3	0.05
3.125	0.05
3.125	0.05
3.25	0.05
3.25	0.05
3.375	0.05
3.375	0.05
3.5	0.05
3.5	0.05
3.625	0.05
3.625	0.05
3.75	0.05
3.75	0.05
3.875	0.05
3.875	0.05
4	0.05
4	0.05
4.125	0.05
4.125	0.05
4.25	0.05
4.25	0.05
4.375	0.05
4.375	0.05
4.5	0.05
4.5	0.05
4.625	0.05
4.625	0.05
4.75	0.05
4.75	0.05
4.875	0.05
4.875	0.05
5	0.05
5	0.05
5.125	0.05
5.125	0.05
5.25	0.05
5.25	0.05
5.375	0.05
5.375	0.05
5.5	0.05
5.5	0.05
5.625	0.05
5.625	0.05
5.75	0.05
5.75	0.05
5.875	0.05
5.875	0.05
6	0.05
6	0.05
6.125	0.05
6.125	0.05
6.25	0.05
6.25	0.05
6.375	0.05
6.375	0.05
6.5	0.05
6.5	0.05
6.625	0.05
6.625	0.05
6.75	0.05
6.75	0.05
6.875	0.05
6.875	0.05
7	0.05
7	0.05
7.125	0.05
7.125	0.05
7.25	0.05
7.25	0.05
7.375	0.05
7.375	0.05
7.5	0.05
7.5	0.05
7.625	0.05
7.625	0.05
7.75	0.05
7.75	0.05
7.875	0.05
7.875	0.05
8	0.05
8	0.05
8.125	0.05
8.125	0.05
8.25	0.05
8.25	0.05
8.375	0.05
8.375	0.05
8.5	0.05
8.5	0.05
8.625	0.05
8.625	0.05
8.75	0.05
8.75	0.05
8.875	0.05
8.875	0.05
9	0.05
9	0.05
9.125	0.05
9.125	0.05
9.25	0.05
9.25	0.05
9.375	0.05
9.375	0.05
9.5	0.05
9.5	0.05
9.625	0.05
9.625	0.05
9.75	0.05
9.75	0.05
9.875	0.05
9.875	0.05
10	0.05
10	0.05
10.125	0.05
10.125	0.05
10.25	0.05
10.25	0.05
10.375	0.05
10.375	0.05
10.5	0.05
10.5	0.05
10.625	0.05
10.625	0.05
10.75	0.05
10.75	0.05
10.875	0.05
10.875	0.05
11	0.05
11	0.05
11.125	0.05
11.125	0.05
11.25	0.05
11.25	0.05
11.375	0.05
11.375	0.05
11.5	0.05
11.5	0.05
11.625	0.05
11.625	0.05
11.75	0.05
11.75	0.05
11.875	0.05
11.875	0.05
12	0.05
12	0.05
12.125	0.05
12.125	0.05
12.25	0.05
12.25	0.05
12.375	0.05
12.375	0.05
12.5	0.05
12.5	0.05
12.625	0.05
12.625	0.05
12.75	0.05
12.75	0.05
12.875	0.05
12.875	0.05
13	0.05
13	0.05
13.125	0.05
13.125	0.05
13.25	0.05
13.25	0.05
13.375	0.05
13.375	0.05
13.5	0.05
13.5	0.05
13.625	0.05
13.625	0.05
13.75	0.05
13.75	0.05
13.875	0.05
13.875	0.05
14	0.05
14	0.05
14.125	0.05
14.125	0.05
14.25	0.05
14.25	0.05
14.375	0.05
14.375	0.05
14.5	0.05
14.5	0.05
14.625	0.05
14.625	0.05
14.75	0.05
14.75	0.05
14.875	0.05
14.875	0.05
15	0.05
15	0.05
15.125	0.05
15.125	0.05
15.25	0.05
15.25	0.05
15.375	0.05
15.375	0.05
15.5	0.05
15.5	0.05
15.625	0.05
15.625	0.05
15.75	0.05
15.75	0.05
15.875	0.05
15.875	0.05
16	0.05
16	0.05
16.125	0.05
16.125	0.05
16.25	0.05
16.25	0.05
16.375	0.05
16.375	0.05
16.5	0.05
16.5	0.05
16.625	0.05
16.625	0.05
16.75	0.05
16.75	0.05
16.875	0.05
16.875	0.05
17	0.05
17	0.05
17.125	0.05
17.125	0.05
17.25	0.05
17.25	0.05
17.375	0.05
17.375	0.05
17.5	0.05
17.5	0.05
17.625	0.05
17.625	0.05
17.75	0.05
17.75	0.05
17.875	0.05
17.875	0.05
18	0.05
18	0.05
18.125	0.05
18.125	0.05
18.25	0.05
18.25	0.05
18.375	0.05
18.375	0.05
18.5	0.05
18.5	0.05
18.625	0.05
18.625	0.05
18.75	0.05
18.75	0.05
18.875	0.05
18.875	0.05
19	0.05
19	0.05
19.125	0.05
19.125	0.05
19.25	0.05
19.25	0.05
19.375	0.05
19.375	0.05
19.5	0.05
19.5	0.05
19.625	0.05
19.625	0.05
19.75	0.05
19.75	0.05
19.875	0.05
19.875	0.05
20	0.05
0	1
0.125	1
0.125	1
0.25	1
0.25	1
0.375	1
0.375	1
0.5	1
0.5	1
0.625	1
0.625	1
0.75	1
0.75	1
0.875	1
0.875	1
1	1
1	1
1.125	1
1.125	1
1.25	1
1.25	1
1.375	1
1.375	1
1.5	1
1.5	1
1.625	1
1.625	1
1.75	1
1.75	1
1.875	1
1.875	1
2	1
2	1
2.125	1
2.125	1
2.25	1
2.25	1
2.375	1
2.375	1
2.5	1
2.5	1
2.625	1
2.625	1
2.75	1
2.75	1
2.875	1
2.875	1
3	1
3	1
3.125	1
3.125	1
3.25	1
3.25	1
3.375	1
3.375	1
3.5	1
3.5	1
3.625	1
3.625	1
3.75	1
3.75	1
3.875	1
3.875	1
4	1
4	1
4.125	1
4.125	1
4.25	1
4.25	1
4.375	1
4.375	1
4.5	1
4.5	1
4.625	1
4.625	1
4.75	1
4.75	1
4.875	1
4.875	1
5	1
5	1
5.125	1
5.125	1
5.25	1
5.25	1
5.375	1
5.375	1
5.5	1
5.5	1
5.625	1
5.625	1
5.75	1
5.75	1
5.875	1
5.875	1
6	1
6	1
6.125	1
6.125	1
6.25	1
6.25	1
6.375	1
6.375	1
6.5	1
6.5	1
6.625	1
6.625	1
6.75	1
6.75	1
6.875	1
6.875	1
7	1
7	1
7.125	1
7.125	1
7.25	1
7.25	1
7.375	1
7.375	1
7.5	1
7.5	1
7.625	1
7.625	1
7.75	1
7.75	1
7.875	1
7.875	1
8	1
8	1
8.125	1
8.125	1
8.25	1
8.25	1
8.375	1
8.375	1
8.5	1
8.5	1
8.625	1
8.625	1
8.75	1
8.75	1
8.875	1
8.875	1
9	1
9	1
9.125	1
9.125	1
9.25	1
9.25	1
9.375	1
9.375	1
9.5	1
9.5	1
9.625	1
9.625	1
9.75	1
9.75	1
9.875	1
9.875	1
10	1
10	1
10.125	1
10.125	1
10.25	1
10.25	1
10.375	1
10.375	1
10.5	1
10.5	1
10.625	1
10.625	1
10.75	1
10.75	1
10.875	1
10.875	1
11	1
11	1
11.125	1
11.125	1
11.25	1
11.25	1
11.375	1
11.375	1
11.5	1
11.5	1
11.625	1
11.625	1
11.75	1
11.75	1
11.875	1
11.875	1
12	1
12	1
12.125	1
12.125	1
12.25	1
12.25	1
12.375	1
12.375	1
12.5	1
12.5	1
12.625	1
12.625	1
12.75	1
12.75	1
12.875	1
12.875	1
13	1
13	1
13.125	1
13.125	1
13.25	1
13.25	1
13.375	1
13.375	1
13.5	1
13.5	1
13.625	1
13.625	1
13.75	1
13.75	1
13.875	1
13.875	1
14	1
14	1
14.125	1
14.125	1
14.25	1
14.25	1
14.375	1
14.375	1
14.5	1
14.5	1
14.625	1
14.625	1
14.75	1
14.75	1
14.875	1
14.875	1
15	1
15	1
15.125	1
15.125	1
15.25	1
15.25	1
15.375	1
15.375	1
15.5	1
15.5	1
15.625	1
15.625	1
15.75	1
15.75	1
15.875	1
15.875	1
16	1
16	1
16.125	1
16.125	1
16.25	1
16.25	1
16.375	1
16.375	1
16.5	1
16.5	1
16.625	1
16.625	1
16.75	1
16.75	1
16.875	1
16.875	1
17	1
17	1
17.125	1
17.125	1
17.25	1
17.25	1
17.375	1
17.375	1
17.5	1
17.5	1
17.625	1
17.625	1
17.75	1
17.75	1
17.875	1
17.875	1
18	1
18	1
18.125	1
18.125	1
18.25	1
18.25	1
18.375	1
18.375	1
18.5	1
18.5	1
18.625	1
18.625	1
18.75	1
18.75	1
18.875	1
18.875	1
19	1
19	1
19.125	1
19.125	1
19.25	1
19.25	1
19.375	1
19.375	1
19.5	1
19.5	1
19.625	1
19.625	1
19.75	1
19.75	1
19.875	1
19.875	1
20	1
