3	1
20
0	1.20018754034012
2	1.19581898059877
2	1.19555204122921
4	1.2048960354164
4	1.20517438053571
6	1.19545284983738
6	1.1951851526101
8	1.20161094873497
8	1.20164356794149
10	1.20496624053621
10	1.20523312915308
12	1.1860809244724
12	1.18581600350324
14	1.18492232765653
14	1.18479226132714
16	1.19705973048879
16	1.19717257042261
18	1.2007078036593
18	1.20073649026182
20	1.20004476284505
0	0.475236604993577
2	0.47537116145761
2	0.475417778336983
4	0.475684737595189
4	0.475720475796285
6	0.475394752994815
6	0.475193851910088
8	0.47548944160405
8	0.475815091953742
10	0.475965372686726
10	0.475817930490555
12	0.47422500431911
12	0.474004734126064
14	0.473688960105101
14	0.473874192950161
16	0.475090525042662
16	0.475141212540472
18	0.475635158586264
18	0.475583097276593
20	0.475513449109837
0	-0.200171438750134
2	-0.195787782856992
2	-0.195553276052339
4	-0.20481762475469
4	-0.205090117121989
6	-0.195460180878231
6	-0.19524177256808
8	-0.201501153447026
8	-0.201535080209881
10	-0.204957762233156
10	-0.205161740584655
12	-0.18613913805765
12	-0.185951854232746
14	-0.184914143106085
14	-0.184853470405885
16	-0.19705172832022
16	-0.197133452824131
18	-0.20068921503268
18	-0.200696916026605
20	-0.200006608480684
0	0.000156544099432044
2	0.000156544099432044
2	0.000222407953611743
4	0.000222407953611743
4	0.000231893664310668
6	0.000231893664310668
6	0.000223379227469427
8	0.000223379227469427
8	2.71080124738856e-05
10	2.71080124738856e-05
10	0.000223215033207601
12	0.000223215033207601
12	0.000223492378869037
14	0.000223492378869037
14	0.000109214453865619
16	0.000109214453865619
16	9.41164024351312e-05
18	9.41164024351312e-05
18	2.38977219696212e-05
20	2.38977219696212e-05
