4	1
160
0	0.906829325676621
0.25	1.28803728445503
0.25	1.29134294877825
0.5	1.36606806593121
0.5	1.32472420935898
0.75	1.31675921633335
0.75	1.31253749611124
1	1.30944907718318
1	1.30393007162893
1.25	1.30602505143762
1.25	1.30157451518663
1.5	1.30241994734398
1.5	1.2966717333761
1.75	1.29666114772852
1.75	1.2915202172805
2	1.2940048010071
2	1.28908446241358
2.25	1.28953981350477
2.25	1.28398372672512
2.5	1.28578670514369
2.5	1.28094001048876
2.75	1.28288588704298
2.75	1.27765864067559
3	1.27884211633336
3	1.27368735999235
3.25	1.27604500635216
3.25	1.27117667832096
3.5	1.27282597944878
3.5	1.26767906230422
3.75	1.26958945980371
3.75	1.26476410996973
4	1.26696633463501
4	1.26213132193988
4.25	1.26378874768133
4.25	1.25896338804022
4.5	1.26099343266176
4.5	1.2564213240209
4.75	1.25816716293674
4.75	1.25356795964949
5	1.2551486984477
5	1.25074755359674
5.25	1.25243660635207
5.25	1.24818923882304
5.5	1.24952519523753
5.5	1.24536794953843
5.75	1.24673856267924
5.75	1.24282240631715
6	1.24407703303554
6	1.2402903622232
6.25	1.24135366044898
6.25	1.23775365358049
6.5	1.2388221733144
6.5	1.23543290307644
6.75	1.23629097105403
6.75	1.23305273665462
7	1.23379482177348
7	1.23077513067076
7.25	1.23141738500787
7.25	1.22858229960531
7.5	1.22907943071971
7.5	1.22642102875227
7.75	1.22696138934572
7.75	1.22447431174742
8	1.22509990560872
8	1.22281427093291
8.25	1.20761872474891
8.25	1.20574493532504
8.5	1.19166604027542
8.5	1.18985647920293
8.75	1.17681112336056
8.75	1.17495687717939
9	1.16274446540324
9	1.16084960597899
9.25	1.14918455169762
9.25	1.14725584922768
9.5	1.13598574650979
9.5	1.13409548495274
9.75	1.12373905315307
9.75	1.122090381135
10	1.11455402401449
10	1.11343880819252
10.25	1.11166506238227
10.25	1.11102859195857
10.5	1.11555355892754
10.5	1.11465243692104
10.75	1.12182919434131
10.75	1.1202036340632
11	1.12650845468667
11	1.12459095709525
11.25	1.12992416903365
11.25	1.12820698356509
11.5	1.13448806334985
11.5	1.13308186495906
11.75	1.14227587839716
11.75	1.14119550301332
12	1.15464650291896
12	1.15460161040269
12.25	1.15503176976855
12.25	1.15476954775047
12.5	1.15518038304465
12.5	1.15483459610272
12.75	1.15501630276345
12.75	1.15468317516294
13	1.1545561792724
13	1.15425475062529
13.25	1.15378364207652
13.25	1.15351051123723
13.5	1.15267524449826
13.5	1.15242245800078
13.75	1.15122092744626
13.75	1.15098211456469
14	1.14943323767509
14	1.14920808152469
14.25	1.14732799880438
14.25	1.14711755503909
14.5	1.14489972595227
14.5	1.14470347323912
14.75	1.14212641203281
14.75	1.1419429825506
15	1.13898101110137
15	1.13880784032101
15.25	1.13543826502626
15.25	1.13527298284069
15.5	1.13147827182719
15.5	1.13131950782594
15.75	1.1270827244716
15.75	1.12692926767824
16	1.12223180013178
16	1.12208245729037
16.25	1.11690414412298
16.25	1.1167576236559
16.5	1.11107710022661
16.5	1.11093237671483
16.75	1.10472724788135
16.75	1.10458404637418
17	1.09782816931495
17	1.09768646652439
17.25	1.09034718463176
17.25	1.09020664720796
17.5	1.08224376825909
17.5	1.08210357008588
17.75	1.073465492588
17.75	1.07332310031246
18	1.06393639361088
18	1.0637828143676
18.25	1.05354773231259
18.25	1.05337867520353
18.5	1.04243461739473
18.5	1.04235135976339
18.75	1.03214690946711
18.75	1.0324518544166
19	1.02242431288868
19	1.02168016538826
19.25	0.994140439192564
19.25	0.988775340113499
19.5	0.961338578471443
19.5	0.973673796554221
19.75	1.01100286716943
19.75	1.00045448522499
20	0.887762762427544
0	1.38496259558882
0.25	0.353747600233702
0.25	0.312187376753311
0.5	0.0440918940438234
0.5	0.178748552802624
0.75	0.228371685122512
0.75	0.225917520462418
1	0.224984448741913
1	0.219517789378537
1.25	0.229874603285942
1.25	0.232398165897783
1.5	0.238556443449177
1.5	0.235856768289469
1.75	0.238013963250594
1.75	0.237402335058614
2	0.248106011409722
2	0.248228600685144
2.25	0.250638542772117
2.25	0.248272429442683
2.5	0.255087399019715
2.5	0.255269316402971
2.75	0.262058047874135
2.75	0.260686807671557
3	0.264102758167754
3	0.262852091608811
3.25	0.270237249634255
3.25	0.269882004722839
3.5	0.274257203898173
3.5	0.272645877645432
3.75	0.277735315549934
3.75	0.277070607713454
4	0.283110757527119
4	0.282133629840438
4.25	0.286204822704742
4.25	0.284956920789621
4.5	0.290644920348581
4.5	0.289978990692183
4.75	0.294876280566059
4.75	0.293697122688614
5	0.298354019849288
5	0.297451732881886
5.25	0.302908641682001
5.25	0.302069129036009
5.5	0.306605686503566
5.5	0.305539451634446
5.75	0.310539434278899
5.75	0.309769843312522
6	0.314627889519006
6	0.313710336737719
6.25	0.318107271499861
6.25	0.317240108516942
6.5	0.321972856595277
6.5	0.321242361900684
6.75	0.325593571097654
6.75	0.324772399683631
7	0.329172948775374
7	0.328494540415239
7.25	0.332944284859645
7.25	0.332260734642085
7.5	0.336312445879409
7.5	0.335598072130292
7.75	0.339470338336044
7.75	0.338822449820077
8	0.34206556233085
8	0.341416301178868
8.25	0.343926555007397
8.25	0.343358561094078
8.5	0.3455540233319
8.5	0.345052515458268
8.75	0.347340044551277
8.75	0.346915375433227
9	0.350341815741452
9	0.350107420718765
9.25	0.355675530649761
9.25	0.355596964795934
9.5	0.363895902925101
9.5	0.363836875943086
9.75	0.373562397796631
9.75	0.372988301705447
10	0.378420876299488
10	0.37649626393148
10.25	0.369320999980286
10.25	0.36630098269736
10.5	0.345260808780803
10.5	0.343323166894342
10.75	0.31984586914321
10.75	0.320383738311998
11	0.306454206931627
11	0.308173084610563
11.25	0.305742531818163
11.25	0.307083303014979
11.5	0.312246655174208
11.5	0.312883288144955
11.75	0.321882591726672
11.75	0.322185626450009
12	0.332797680542789
12	0.333003829987192
12.25	0.344671222055778
12.25	0.344765197042657
12.5	0.357161877670089
12.5	0.357206910763188
12.75	0.370177481419157
12.75	0.370215113525227
13	0.383711725551082
13	0.383751697476817
13.25	0.397753144966914
13.25	0.397796280893932
13.5	0.412313549431715
13.5	0.412362400135057
13.75	0.427419470769573
13.75	0.427475062198136
14	0.443108493222497
14	0.443175269319174
14.25	0.459428679440372
14.25	0.459510785204377
14.5	0.476415483980932
14.5	0.476513878817806
14.75	0.494101010434451
14.75	0.494217042572845
15	0.512523757357676
15	0.512657748487459
15.25	0.531728929091101
15.25	0.531881913066659
15.5	0.551773895001424
15.5	0.551948529350255
15.75	0.572722291240995
15.75	0.572920971338724
16	0.594642599727443
16	0.594868385272537
16.25	0.617611927946164
16.25	0.617868445146008
16.5	0.641716638406844
16.5	0.642008238180276
16.75	0.667056751399843
16.75	0.667389387494466
17	0.69374674090211
17	0.694127336143832
17.25	0.721914894100048
17.25	0.722352051241034
17.5	0.751709346422207
17.5	0.752215059236084
17.75	0.783310589229593
17.75	0.783898788777058
18	0.816971107181028
18	0.817665759026066
18.25	0.853029897025673
18.25	0.853847211104732
18.5	0.891276305719635
18.5	0.89193642592816
18.75	0.92825808640146
18.75	0.928026877858922
19	0.964652855351156
19	0.967695370928061
19.25	1.0423559127906
19.25	1.0565162910673
19.5	1.13254301160472
19.5	1.10938267800353
19.75	1.05888801175991
19.75	1.08937284407592
20	1.29764855306465
0	-0.323010665951177
0.25	-0.331687922099083
0.25	-0.324096207350324
0.5	-0.322506831280799
0.5	-0.317210037081204
0.75	-0.316113059792115
0.75	-0.31096814937441
1	-0.310357466376342
1	-0.305284835272085
1.25	-0.305088666496692
1.25	-0.300067895124759
1.5	-0.300225498081635
1.5	-0.295243938640476
1.75	-0.295716452951491
1.75	-0.29076344898432
2	-0.291502922570927
2	-0.286576153114732
2.25	-0.287543387514586
2.25	-0.282641028831023
2.5	-0.283809950566388
2.5	-0.278935231142205
2.75	-0.280265783343618
2.75	-0.275424153139607
3	-0.276898556137043
3	-0.272095515837711
3.25	-0.273682909267861
3.25	-0.268928255131483
3.5	-0.270608911680804
3.5	-0.26591112472275
3.75	-0.267664814669372
3.75	-0.263036775477302
4	-0.264834289417351
4	-0.26028197749645
4.25	-0.262076202821952
4.25	-0.257607068829925
4.5	-0.259367055694721
4.5	-0.254997886357927
4.75	-0.256718814622236
4.75	-0.252461200748775
5	-0.25412350338736
5	-0.249990513167647
5.25	-0.251588676730193
5.25	-0.24759208530482
5.5	-0.249114645436184
5.5	-0.245265846231505
5.75	-0.246712240557224
5.75	-0.243021486395409
6	-0.244381775115837
6	-0.24085687580747
6.25	-0.242131073029405
6.25	-0.238778513750955
6.5	-0.239957735510331
6.5	-0.236781861938216
6.75	-0.237864462504758
6.75	-0.234867392877073
7	-0.235851169870273
7	-0.233034923750066
7.25	-0.233921309551902
7.25	-0.231283814073698
7.5	-0.232079734325943
7.5	-0.229610583435739
7.75	-0.230333678355103
7.75	-0.227997187854105
8	-0.228699463089136
8	-0.226549836498544
8.25	-0.211419498326041
8.25	-0.209661972013385
8.5	-0.19552311141119
8.5	-0.193848130866753
8.75	-0.180821478293128
8.75	-0.179152382536694
9	-0.167263835743811
9	-0.165603307055843
9.25	-0.154917590893203
9.25	-0.153284773631763
9.5	-0.143888043829212
9.5	-0.142296978846347
9.75	-0.134267013184439
9.75	-0.132737099088973
10	-0.126132659951773
10	-0.124679371879378
10.25	-0.119592379742827
10.25	-0.11821212391452
10.5	-0.114778373342368
10.5	-0.113468479246862
10.75	-0.111935923753133
10.75	-0.110700519732784
11	-0.111458469391142
11	-0.110296706541121
11.25	-0.113855684251428
11.25	-0.112760592009182
11.5	-0.119743464891321
11.5	-0.118713657035425
11.75	-0.129854986240992
11.75	-0.128958260571838
12	-0.144997338460306
12	-0.145029643117072
12.25	-0.148471090313029
12.25	-0.148275281417663
12.5	-0.151967878050781
12.5	-0.151682970298578
12.75	-0.155392123204759
12.75	-0.155115444047319
13	-0.158750758784162
13	-0.158502577189292
13.25	-0.162027172384758
13.25	-0.16180603320321
13.5	-0.165200304649295
13.5	-0.164999333373574
13.75	-0.168267364841271
13.75	-0.168081541004536
14	-0.171253581556977
14	-0.17108256417966
14.25	-0.174190352503289
14.25	-0.17403476813841
14.5	-0.177094563897223
14.5	-0.176954243304786
14.75	-0.179971233468254
14.75	-0.179845210102869
15	-0.182823413129444
15	-0.182709920901238
15.25	-0.185659493836867
15.25	-0.185556864074909
15.5	-0.188495864957062
15.5	-0.18840310204815
15.75	-0.191355445358953
15.75	-0.191271928471925
16	-0.194266016984015
16	-0.194191190621148
16.25	-0.197260766584364
16.25	-0.197194147022846
16.5	-0.200380422403025
16.5	-0.200321983302567
16.75	-0.20367486850328
16.75	-0.20362526709525
17	-0.207202637708827
17	-0.207162882774865
17.25	-0.211030535329751
17.25	-0.211001595898622
17.5	-0.215236643081157
17.5	-0.215219605853363
17.75	-0.219915539646948
17.75	-0.21991211482089
18	-0.225184423675419
18	-0.225197374431274
18.25	-0.231191422532576
18.25	-0.231225223181163
18.5	-0.238117429919077
18.5	-0.238175398603334
18.75	-0.246100531672132
18.75	-0.246161221086221
19	-0.255132983529652
19	-0.255189683515998
19.25	-0.266371820343354
19.25	-0.266869330331914
19.5	-0.283915887500577
19.5	-0.284564003890779
19.75	-0.29938597211518
19.75	-0.297517886500688
20	-0.318783661713494
0	0.123511538899194
0.25	0.186126346818949
0.25	0.183405334219948
0.5	0.18526807357135
0.5	0.180975931592286
0.75	0.172067512165142
0.75	0.172635887076803
1	0.165505326125288
1	0.165493352351962
1.25	0.159900821806592
1.25	0.159735253908011
1.5	0.154628167652425
1.5	0.15414063596312
1.75	0.149448305899709
1.75	0.148947536202601
2	0.144930108567338
2	0.144406980230606
2.25	0.140463456097753
2.25	0.139860336662185
2.5	0.136319679486956
2.5	0.135793879752462
2.75	0.132474760773058
2.75	0.131917081538663
3	0.128707152195197
3	0.128171255495125
3.25	0.125249863227
3.25	0.124753116217822
3.5	0.121916161779974
3.5	0.121404864077113
3.75	0.118748360214333
3.75	0.118279792467999
4	0.1157966455589
4	0.115339871603147
4.25	0.112941857377018
4.25	0.112501351001203
4.5	0.110244484337797
4.5	0.109837113204126
4.75	0.107638700221763
4.75	0.107237468960678
5	0.105105503874475
5	0.10473077718113
5.25	0.102682294774057
5.25	0.102328060227483
5.5	0.100317422931939
5.5	0.0999777838290447
5.75	0.0980356581804784
5.75	0.0977212184164331
6	0.0958345774027798
6	0.0955354118198926
6.25	0.0937027329615242
6.25	0.0934233522321561
6.5	0.0916610820499481
6.5	0.0914021351543375
6.75	0.0896947991910541
6.75	0.0894517748970063
7	0.0878067173578667
7	0.0875837349860255
7.25	0.0860002516637353
7.25	0.0857940019687225
7.5	0.0842682269822202
7.5	0.0840776223247751
7.75	0.082621295907684
7.75	0.0824453272645424
8	0.0810594874501307
8	0.0808683321542583
8.25	0.0786281668351329
8.25	0.0784727429823487
8.5	0.0765252002691278
8.5	0.0763597470137434
8.75	0.074706164191714
8.75	0.0744868715028967
9	0.0733483937087782
9	0.0731295484783926
9.25	0.0726797248133623
9.25	0.0725198484776429
9.5	0.0725176569305927
9.5	0.0723928431019007
9.75	0.0725826399454216
9.75	0.0724829977245562
10	0.0728633909723555
10	0.0728010730865356
10.25	0.0734775160340176
10.25	0.0734453833806254
10.5	0.0743787862330111
10.5	0.0743345494440519
10.75	0.075246292628356
10.75	0.0751667910829019
11	0.0758194582556871
11	0.0757323186651532
11.25	0.076122995584053
11.25	0.0760563333823601
11.5	0.0763047555735508
11.5	0.0762632391216561
11.75	0.0764744716290954
11.75	0.0764600113478263
12	0.076681670023898
12	0.076701754027624
12.25	0.0758799770677397
12.25	0.0758825664157271
12.5	0.0749674677497048
12.5	0.0749684177179715
12.75	0.0739312523169605
12.75	0.0739343774582422
13	0.0727523520209424
13	0.0727500806653719
13.25	0.0714329130621686
13.25	0.0714031906621346
13.5	0.0700582617555458
13.5	0.0699957429021715
13.75	0.0688321491557211
13.75	0.0687703963537786
14	0.0678989361563095
14	0.067860656423843
14.25	0.0671990668979958
14.25	0.0671738717205066
14.5	0.0666160169448235
14.5	0.0665924239152206
14.75	0.0661067231899865
14.75	0.0660814645838208
15	0.0656760597523806
15	0.0656487248825982
15.25	0.0653411160463437
15.25	0.0653122395567762
15.5	0.0651182053934104
15.5	0.065087253219585
15.75	0.0650219504471952
15.75	0.0649874573425283
16	0.0650723683661807
16	0.0650328644325164
16.25	0.0652984128157542
16.25	0.0652530594303407
16.5	0.0657370028760758
16.5	0.0656862803327531
16.75	0.0664278760835646
16.75	0.0663730275229108
17	0.0674063209279185
17	0.0673474886262764
17.25	0.0687026022664141
17.25	0.0686379450108004
17.5	0.0703513927962755
17.5	0.070278137825936
17.75	0.0724020500865522
17.75	0.0723175711495716
18	0.0749214423883401
18	0.0748226516803598
18.25	0.0779936042181405
18.25	0.0778771866671013
18.5	0.0817366554364375
18.5	0.0816095805649421
18.75	0.0863399867887756
18.75	0.0862354370570304
19	0.0917563777770354
19	0.0915201253609971
19.25	0.0971305993835722
19.25	0.0961912078688132
19.5	0.106307140012491
19.5	0.10729161898855
19.75	0.121848925570481
19.75	0.120442030340191
20	0.121397276505215
0	0.128451053181617
0.25	0.128451053181617
0.25	0.014949423221561
0.5	0.014949423221561
0.5	0.252462772346246
0.75	0.252462772346246
0.75	0.0262913890169582
1	0.0262913890169582
1	0.0343701297781049
1.25	0.0343701297781049
1.25	0.0272817590627863
1.5	0.0272817590627863
1.5	0.0356303662562763
1.75	0.0356303662562763
1.75	0.0317948845013061
2	0.0317948845013061
2	0.0305002131089335
2.25	0.0305002131089335
2.25	0.034674827804897
2.5	0.034674827804897
2.5	0.0301860981708023
2.75	0.0301860981708023
2.75	0.0327462325975295
3	0.0327462325975295
3	0.0323563699253151
3.25	0.0323563699253151
3.25	0.0305874074815235
3.5	0.0305874074815235
3.5	0.032490581004342
3.75	0.032490581004342
3.75	0.0304744903887134
4	0.0304744903887134
4	0.030628737072618
4.25	0.030628737072618
4.25	0.0306497612547842
4.5	0.0306497612547842
4.5	0.0290749730160088
4.75	0.0290749730160088
4.75	0.0293453172353097
5	0.0293453172353097
5	0.0281274101276214
5.25	0.0281274101276214
5.25	0.027204157402981
5.5	0.027204157402981
5.5	0.0266985141062725
5.75	0.0266985141062725
5.75	0.0251882997860643
6	0.0251882997860643
6	0.0244172569310472
6.25	0.0244172569310472
6.25	0.0232587911989041
6.5	0.0232587911989041
6.5	0.0219360026801914
6.75	0.0219360026801914
6.75	0.0210069891860693
7	0.0210069891860693
7	0.0196206225372042
7.25	0.0196206225372042
7.25	0.0184573496144483
7.5	0.0184573496144483
7.5	0.0173385912587255
7.75	0.0173385912587255
7.75	0.0162430203386457
8	0.0162430203386457
8	0.0150478501733759
8.25	0.0150478501733759
8.25	0.0125047272487887
8.5	0.0125047272487887
8.5	0.0122327156607886
8.75	0.0122327156607886
8.75	0.0126917061258777
9	0.0126917061258777
9	0.0131234736647246
9.25	0.0131234736647246
9.25	0.0135167033283767
9.5	0.0135167033283767
9.5	0.0133987769783747
9.75	0.0133987769783747
9.75	0.0118001878804779
10	0.0118001878804779
10	0.00802042307178291
10.25	0.00802042307178291
10.25	0.00455662950817246
10.5	0.00455662950817246
10.5	0.00643424093082816
10.75	0.00643424093082816
10.75	0.0115866160314146
11	0.0115866160314146
11	0.013619916423428
11.25	0.013619916423428
11.25	0.0121451598538365
11.5	0.0121451598538365
11.5	0.00988624964862562
11.75	0.00988624964862562
11.75	0.00752748284202973
12	0.00752748284202973
12	0.000310175932791605
12.25	0.000310175932791605
12.25	0.00181588011184023
12.5	0.00181588011184023
12.5	0.00239512979218477
12.75	0.00239512979218477
12.75	0.0023080822692839
13	0.0023080822692839
13	0.00208954238875932
13.25	0.00208954238875932
13.25	0.00189495593190307
13.5	0.00189495593190307
13.5	0.00175570070003869
13.75	0.00175570070003869
13.75	0.00166101579435566
14	0.00166101579435566
14	0.00156867904229757
14.25	0.00156867904229757
14.25	0.00146903489171787
14.5	0.00146903489171787
14.5	0.0013730963527117
14.75	0.0013730963527117
14.75	0.00128668455191474
15	0.00128668455191474
15	0.00121829467945879
15.25	0.00121829467945879
15.25	0.00116665567156265
15.5	0.00116665567156265
15.5	0.00112477681260599
15.75	0.00112477681260599
15.75	0.00109164879367204
16	0.00109164879367204
16	0.00106720737892683
16.25	0.00106720737892683
16.25	0.00105227242475822
16.5	0.00105227242475822
16.5	0.00104508485701737
16.75	0.00104508485701737
16.75	0.00104031241201599
17	0.00104031241201599
17	0.00103618935169354
17.25	0.00103618935169354
17.25	0.00103503543759939
17.5	0.00103503543759939
17.5	0.00104060686490104
17.75	0.00104060686490104
17.75	0.0010658544423505
18	0.0010658544423505
18	0.00116032712658805
18.25	0.00116032712658805
18.25	0.00129118395367915
18.5	0.00129118395367915
18.5	0.000648839046065258
18.75	0.000648839046065258
18.75	0.00238513114602288
19	0.00238513114602288
19	0.00580867764827099
19.25	0.00580867764827099
19.25	0.0443094383545545
19.5	0.0443094383545545
19.5	0.0997409762631621
19.75	0.0997409762631621
19.75	0.087932878278373
20	0.087932878278373
