4	1
320
0	0.985484363628529
0.125	0.870357712313765
0.125	0.851650506801041
0.25	1.23110629389148
0.25	1.27451501841555
0.375	1.38634057396332
0.375	1.33571733599462
0.5	1.32565109784086
0.5	1.3231547030756
0.625	1.31974729444335
0.625	1.31644949622193
0.75	1.31935425182108
0.75	1.31717334269895
0.875	1.31669931545572
0.875	1.31277156645625
1	1.31242947315836
1	1.30964529593467
1.125	1.31140233565201
1.125	1.30855829688307
1.25	1.30763410052731
1.25	1.30423633699215
1.375	1.30516998832561
1.375	1.30263862213278
1.5	1.30315549804381
1.5	1.30009314401672
1.625	1.29984558530448
1.625	1.29699408060201
1.75	1.29799900423821
1.75	1.29540824404929
1.875	1.295418139851
1.875	1.2925097583024
2	1.29291126133237
2	1.29036095439198
2.125	1.29100354286724
2.125	1.28837166005046
2.25	1.28848484325126
2.25	1.28584016276668
2.375	1.28648622597658
2.375	1.28404126944484
2.5	1.28444561597232
2.5	1.28188422246818
2.625	1.28227451400047
2.625	1.279834360558
2.75	1.28046605745274
2.75	1.27806588579553
2.875	1.27846770871995
2.875	1.27603826718427
3	1.27661868540714
3	1.27429802129891
3.125	1.27487470108753
3.125	1.27253572696272
3.25	1.27304932974713
3.25	1.27075192215027
3.375	1.27139735078629
3.375	1.26915365456189
3.5	1.26972487812948
3.5	1.26747837556626
3.625	1.26808747554591
3.625	1.26589997794269
3.75	1.26654183340629
3.75	1.26437757722229
3.875	1.26496993993481
3.875	1.26283240952918
4	1.26345926050687
4	1.26136954975262
4.125	1.26195584428051
4.125	1.25988705027152
4.25	1.26044831278918
4.25	1.25842384901948
4.375	1.25898394351612
4.375	1.25699879279558
4.5	1.25751067230407
4.5	1.25555966738011
4.625	1.2560570657842
4.625	1.25415415943324
4.75	1.25462128165608
4.75	1.25275649622116
4.875	1.25318554311781
4.875	1.25136507429192
5	1.25177397515792
5	1.24999952354118
5.125	1.25037133200556
5.125	1.248638022707
5.25	1.24898421972527
5.25	1.24729792313232
5.375	1.24762000951807
5.375	1.24597682707285
5.5	1.24626902834142
5.5	1.24466830036341
5.625	1.24494053907574
5.625	1.24338335118735
5.75	1.24363225517462
5.75	1.24211454418708
5.875	1.24234570228731
5.875	1.24086779056495
6	1.24108674225928
6	1.23964650380611
6.125	1.23985143999819
6.125	1.23844642742854
6.25	1.23864280474631
6.25	1.23727199880293
6.375	1.2374617624566
6.375	1.2361219380301
6.5	1.23630790516519
6.5	1.23499768482593
6.625	1.23518400801348
6.625	1.23390181653784
6.75	1.23408880987952
6.75	1.23283239644664
6.875	1.23302290171645
6.875	1.23179096119898
7	1.23198688641617
7	1.23077735354785
7.125	1.23097923680375
7.125	1.22979068747339
7.25	1.22999920329327
7.25	1.22883060236087
7.375	1.22904426510162
7.375	1.22789428589688
7.5	1.2281126458161
7.5	1.22698059892209
7.625	1.2272042626336
7.625	1.22608924998625
7.75	1.22631975880182
7.75	1.22521907698358
7.875	1.22546251622189
7.875	1.22436877385808
8	1.22463666920905
8	1.22356823032447
8.125	1.21581842560143
8.125	1.2148339337585
8.25	1.20737527359185
8.25	1.20639209931932
8.375	1.19925013544578
8.375	1.19824455049888
8.5	1.19140929006282
8.5	1.19037919755607
8.625	1.18383965050563
8.625	1.18278732491524
8.75	1.1765407573392
8.75	1.17547010062559
8.875	1.1695283649057
8.875	1.1684440645958
9	1.16283440490949
9	1.16174160759336
9.125	1.15649797069878
9.125	1.15540128572272
9.25	1.15054888576296
9.25	1.14945051660221
9.375	1.14499702709905
9.375	1.14389699080686
9.5	1.13983267959379
9.5	1.1387314546003
9.625	1.13503022224808
9.625	1.13392896304885
9.75	1.13053749258724
9.75	1.12943201852695
9.875	1.12622019031821
9.875	1.12509411321959
10	1.12178424547359
10	1.12061233398572
10.125	1.11681074820207
10.125	1.11559399400698
10.25	1.11120019255536
10.25	1.1100576693568
10.375	1.10626740773569
10.375	1.10552132398477
10.5	1.10547179394309
10.5	1.10536698137132
10.625	1.11152375000343
10.625	1.1114959596814
10.75	1.12125966646763
10.75	1.1204077110214
10.875	1.12853934774135
10.875	1.12703369723271
11	1.1315946102075
11	1.13014753211318
11.125	1.13243957774067
11.125	1.13132372778695
11.25	1.13305525984124
11.25	1.13218711997806
11.375	1.13432698965809
11.375	1.13358230148636
11.5	1.1365222759699
11.5	1.13583616637722
11.625	1.13973444014996
11.625	1.13908608521782
11.75	1.14404852036537
11.75	1.14343671238417
11.875	1.14957077828903
11.875	1.14902230384947
12	1.15640563298231
12	1.15611444801077
12.125	1.15654718047629
12.125	1.1562037097811
12.25	1.15663445393884
12.25	1.15627859545107
12.375	1.15665719981041
12.375	1.1563154335741
12.5	1.15662255790422
12.5	1.15630065204298
12.625	1.15652809786588
12.625	1.15622574749774
12.75	1.15636792043261
12.75	1.15608384797205
12.875	1.15613624833261
12.875	1.15586916188814
13	1.15582836894805
13	1.15557714236662
13.125	1.15544064023934
13.125	1.15520429871179
13.25	1.15496985107517
13.25	1.15474734046192
13.375	1.15441288177317
13.375	1.15420282083708
13.5	1.15376785626164
13.5	1.15356879474393
13.625	1.15303601024429
13.625	1.15284704997156
13.75	1.15222111322212
13.75	1.15204190414819
13.875	1.15132640795996
13.875	1.15115659946204
14	1.15035299879456
14	1.15019200733451
14.125	1.14930080757302
14.125	1.14914801428991
14.25	1.14816966333876
14.25	1.14802458471843
14.375	1.14695903747787
14.375	1.1468212844158
14.5	1.14566755849159
14.5	1.14553678990657
14.625	1.14429333487532
14.625	1.14416921658992
14.75	1.14283425898057
14.75	1.14271639050346
14.875	1.14128806362484
14.875	1.14117599647792
15	1.13965251202552
15	1.13954579463063
15.125	1.13792551465943
15.125	1.13782372392523
15.25	1.13610517699394
15.25	1.1360079369064
15.375	1.13418981180529
15.375	1.13409678148119
15.5	1.13217788036117
15.5	1.13208873387808
15.625	1.13006791314245
15.625	1.12998234065272
15.75	1.12785844397438
15.75	1.12777616893868
15.875	1.12554788519991
15.875	1.12546866224131
16	1.12313433251079
16	1.1230579226439
16.125	1.12061548913298
16.125	1.12054164571462
16.25	1.11798880859532
16.25	1.11791728097398
16.375	1.1152516479889
16.375	1.11518219438014
16.5	1.11240126422412
16.5	1.11233367905456
16.625	1.10943468128979
16.625	1.10936881677962
16.75	1.10634848537671
16.75	1.10628423581358
16.875	1.1031386441623
16.875	1.10307590667411
17	1.09980044952439
17	1.09973909625438
17.125	1.09632859710537
17.125	1.09626847648634
17.25	1.09271729355993
17.25	1.09265825121673
17.375	1.08896033013689
17.375	1.08890222461526
17.5	1.08505110304738
17.5	1.08499381185407
17.625	1.08098258990563
17.625	1.080926011885
17.75	1.07674729852702
17.75	1.07669135717228
17.875	1.07233719290683
17.875	1.07228183964043
18	1.06774357596129
18	1.06768878166677
18.125	1.0629569564936
18.125	1.0629026822467
18.25	1.05796712390797
18.25	1.05791330559302
18.375	1.05276362269463
18.375	1.05271001035314
18.5	1.04733552267298
18.5	1.04728076838056
18.625	1.04166997858074
18.625	1.04161298982637
18.75	1.0357584509134
18.75	1.03569992971514
18.875	1.02960195968951
18.875	1.02954412311159
19	1.02318515528488
19	1.02311911302883
19.125	1.01638254178361
19.125	1.01629252887287
19.25	1.00919366123827
19.25	1.00916013887713
19.375	1.00211969657897
19.375	1.0021109728619
19.5	0.99417906450227
19.5	0.993843134093561
19.625	0.985945165633929
19.625	0.986594133641594
19.75	0.979591913170691
19.75	0.977910602752749
19.875	0.960045630177772
19.875	0.962141875525914
20	0.983865624172046
0	1.1357003477435
0.125	1.32978874363122
0.125	1.49010656192763
0.25	0.515394351078536
0.25	0.365953053406425
0.375	-0.010442179148212
0.375	0.170137347949333
0.5	0.217400549518986
0.5	0.21390162207096
0.625	0.20862093083387
0.625	0.203684865365343
0.75	0.214982022509848
0.75	0.218559184076264
0.875	0.218627811739042
0.875	0.21522415842096
1	0.215834984957607
1	0.216481740294556
1.125	0.224946761214242
1.125	0.22518041402825
1.25	0.223584338378621
1.25	0.221537051292758
1.375	0.226897510611239
1.375	0.227904095004666
1.5	0.23167200625531
1.5	0.230484707884425
1.625	0.231358274874736
1.625	0.230761984170469
1.75	0.2362807245332
1.75	0.236475478000681
1.875	0.238209617125153
1.875	0.237021917355807
2	0.240166173743649
2	0.240143698616121
2.125	0.244112076241887
2.125	0.243613456089475
2.25	0.245523961415825
2.25	0.244812768730823
2.375	0.248626984678527
2.375	0.248511771836312
2.5	0.251325831975951
2.5	0.250625377500101
2.625	0.253285550117509
2.625	0.252901275601344
2.75	0.256354715280305
2.75	0.255985906227207
2.875	0.258470886731002
2.875	0.257867079576084
3	0.260906695583456
3	0.260586493779788
3.125	0.263506006315089
3.125	0.263000348529802
3.25	0.26557824524029
3.25	0.265110375347851
3.375	0.268087006862734
3.375	0.267705979067493
3.5	0.270318071349292
3.5	0.26980994819009
3.625	0.272492815523487
3.625	0.272088852861822
3.75	0.274837864016293
3.75	0.274400405596586
3.875	0.276934696095129
3.875	0.276477016053871
4	0.279157622593387
4	0.278759386253859
4.125	0.281336670924842
4.125	0.280890147298337
4.25	0.283430263391447
4.25	0.283015109280375
4.375	0.285617007433522
4.375	0.285210383286144
4.5	0.287712642936006
4.5	0.287289085298348
4.625	0.289827802304461
4.625	0.289435486259335
4.75	0.291956657416196
4.75	0.291554664871088
4.875	0.294033380430262
4.875	0.29364066805365
5	0.29614300846091
5	0.295764519148683
5.125	0.298223152795722
5.125	0.297839370235526
5.25	0.300295289492082
5.25	0.299927776043505
5.375	0.302382195527267
5.375	0.30201902978601
5.5	0.304442897962698
5.5	0.30408441940394
5.625	0.306507704710403
5.625	0.306160480633573
5.75	0.308561605339884
5.75	0.308215624121344
5.875	0.310601806636107
5.875	0.310264440494306
6	0.312642841085188
6	0.312311847409933
6.125	0.314662714047345
6.125	0.31433489336109
6.25	0.316666201398079
6.25	0.316345069962737
6.375	0.31865026082339
6.375	0.318331817653578
6.5	0.320607536504615
6.5	0.320293658582663
6.625	0.322542343149878
6.625	0.322233309299556
6.75	0.324443187425838
6.75	0.324136634641481
6.875	0.326307096415762
6.875	0.326004547246962
7	0.3281343690138
7	0.327834799877662
7.125	0.329922214184886
7.125	0.329626116728886
7.25	0.331675251786082
7.25	0.331383439836199
7.375	0.333393936999939
7.375	0.33310520278733
7.5	0.335080308065806
7.5	0.334794777841868
7.625	0.336737293506566
7.625	0.336453919486096
7.75	0.338361096698477
7.75	0.338077804044349
7.875	0.339946152852082
7.875	0.339664028557108
8	0.341480982324618
8	0.341211821446855
8.125	0.342950019849055
8.125	0.34268907493026
8.25	0.344374679706049
8.25	0.344110736097514
8.375	0.345774285445339
8.375	0.345505272100348
8.5	0.347182156825329
8.5	0.346907750363448
8.625	0.34863176555058
8.625	0.348349441300784
8.75	0.350138251307237
8.75	0.349843985691639
8.875	0.351682957905527
8.875	0.351372851814481
9	0.353206177718423
9	0.35287851484623
9.125	0.354622054329852
9.125	0.354279330449493
9.25	0.355852002488025
9.25	0.355500932289127
9.375	0.356859343606267
9.375	0.356508924443947
9.5	0.35766487555246
9.5	0.357323377110947
9.625	0.358348796944615
9.625	0.358025906438658
9.75	0.35909907689958
9.75	0.358820574255514
9.875	0.360373560945946
9.875	0.360201262947841
10	0.363116537357848
10	0.363138087166176
10.125	0.368635158170414
10.125	0.368854661814403
10.25	0.377267664895718
10.25	0.377329864001374
10.375	0.385175996501452
10.375	0.38413634922379
10.5	0.382276096957044
10.5	0.379464655974547
10.625	0.360541228848381
10.625	0.357627609026776
10.75	0.329042693849129
10.75	0.32870342441695
10.875	0.306348542027835
10.875	0.308122218534294
11	0.298397655419544
11	0.300128536185087
11.125	0.299409332532162
11.125	0.300249715701652
11.25	0.303548135130323
11.25	0.303747528043318
11.375	0.308342321028783
11.375	0.308279397098752
11.5	0.313245488893774
11.5	0.313118718946748
11.625	0.31827613650812
11.625	0.318149094557264
11.75	0.323502277048589
11.75	0.323387660381708
11.875	0.328945932502542
11.875	0.328872173106647
12	0.334576132753061
12	0.334531416144296
12.125	0.340440401211354
12.125	0.340385026907126
12.25	0.34647435601152
12.25	0.346415500815099
12.375	0.352665289139756
12.375	0.352608049664758
12.5	0.359006347187269
12.5	0.358952146440006
12.625	0.365490295375199
12.625	0.365439389026108
12.75	0.372110707827324
12.75	0.37206313818511
12.875	0.378862611989064
12.875	0.378818313267689
13	0.385742574629658
13	0.385701434894088
13.125	0.39274901099881
13.125	0.392710802815055
13.25	0.399882429774568
13.25	0.399846739923499
13.375	0.407146005226565
13.375	0.407112447194603
13.5	0.414545612837957
13.5	0.414514226565801
13.625	0.422088566964351
13.625	0.422060019123258
13.75	0.429780985150024
13.75	0.429756100030236
13.875	0.437625099910042
13.875	0.437604179810783
14	0.445619334616653
14	0.445602041611114
14.125	0.453761430485941
14.125	0.453747212306723
14.25	0.462051531095384
14.25	0.462040038681605
14.375	0.470492691321448
14.375	0.470483862005988
14.5	0.479089417505513
14.5	0.479083351538259
14.625	0.487846226363377
14.625	0.487843050995216
14.75	0.496767064351459
14.75	0.4967668716882
14.875	0.50585531972544
14.875	0.505858162499719
15	0.515114062128078
15	0.515119960594051
15.125	0.524546352828104
15.125	0.524555313334503
15.25	0.534155565631368
15.25	0.534167597920935
15.375	0.543945661410918
15.375	0.543960786458351
15.5	0.55392139825894
15.5	0.553939658356342
15.625	0.564088465945112
15.625	0.56410994048705
15.75	0.574453549454266
15.75	0.57447836934292
15.875	0.585024338109033
15.875	0.585052686271288
16	0.59580948538492
16	0.595841588398577
16.125	0.60681854128697
16.125	0.60685466331486
16.25	0.6180618903244
16.25	0.618102328394493
16.375	0.629550727568502
16.375	0.629595810351922
16.5	0.641297099067313
16.5	0.641347190437422
16.625	0.6533140190742
16.625	0.653369517223335
16.75	0.665615644660502
16.75	0.66567697327501
16.875	0.678217450094783
16.875	0.67828505141895
17	0.691136350277012
17	0.691210689811244
17.125	0.70439076213906
17.125	0.704472344262245
17.25	0.718000629741699
17.25	0.718090013961264
17.375	0.731987456476233
17.375	0.732085268382028
17.5	0.74637437450436
17.5	0.74648131786994
17.625	0.761186250734724
17.625	0.761303130097664
17.75	0.77644977407799
17.75	0.776577530221535
17.875	0.79219344007004
17.875	0.792333184639593
18	0.808447429317791
18	0.808600429300775
18.125	0.825243535753855
18.125	0.825411074723421
18.25	0.842615384117665
18.25	0.842798460733853
18.375	0.860599586646328
18.375	0.860798612302083
18.5	0.879241546792665
18.5	0.879456730210024
18.625	0.898602739423324
18.625	0.898836252092993
18.75	0.918741370333087
18.75	0.918994791339479
18.875	0.939696491270519
18.875	0.939971330046493
19	0.961529555300426
19	0.961855763320291
19.125	0.984518939322649
19.125	0.984939536965798
19.25	1.00864342487554
19.25	1.00897468051172
19.375	1.0327932632143
19.375	1.03311015876039
19.5	1.05899579867144
19.5	1.06004660968773
19.625	1.08616699527916
19.625	1.08519967090288
19.75	1.10984047799823
19.75	1.11387406021488
19.875	1.15956824795001
19.875	1.15627901912472
20	1.12784564980636
0	-0.309403750677919
0.125	-0.322063531000797
0.125	-0.325524504001619
0.25	-0.335018606494519
0.25	-0.329962469154883
0.375	-0.329730222989961
0.375	-0.326549702457575
0.5	-0.326336402017815
0.5	-0.323215487706188
0.625	-0.32305543464082
0.625	-0.319971364182514
0.75	-0.319845859970574
0.75	-0.316805036729738
0.875	-0.316710046973949
0.875	-0.313714698980455
1	-0.313650977724048
1	-0.310704575891335
1.125	-0.310667415295418
1.125	-0.307773656728201
1.25	-0.307761176632209
1.25	-0.304920494420784
1.375	-0.304934149248373
1.375	-0.302145261619507
1.5	-0.302185360879445
1.5	-0.299450131900455
1.625	-0.299515393250457
1.625	-0.296832804879527
1.75	-0.296925582231867
1.75	-0.294292945993405
1.875	-0.294413932344808
1.875	-0.291832020286935
2	-0.291980571911331
2	-0.289445527582287
2.125	-0.289625113204818
2.125	-0.287135629951358
2.25	-0.287344639902293
2.25	-0.284898699766581
2.375	-0.285139485455651
2.375	-0.282734039695835
2.5	-0.283005617725576
2.5	-0.280639728439905
2.625	-0.280942064656958
2.625	-0.278612597525488
2.75	-0.278945500877706
2.75	-0.276651714121372
2.875	-0.277012901245955
2.875	-0.27475229386183
3	-0.275141522015791
3	-0.272913751390689
3.125	-0.273327617320464
3.125	-0.271131026843722
3.25	-0.271568993258764
3.25	-0.269403822094817
3.375	-0.269862742058558
3.375	-0.267728218937361
3.5	-0.268206702888249
3.5	-0.26610350773554
3.625	-0.266598408972359
3.625	-0.264526617805815
3.75	-0.265035365867653
3.75	-0.262996078441101
3.875	-0.263513248947657
3.875	-0.261506374256861
4	-0.262021126752392
4	-0.260046491593232
4.125	-0.260552160450383
4.125	-0.258611616738619
4.25	-0.259107545565757
4.25	-0.257203148482093
4.375	-0.25768788011865
4.375	-0.255820677778389
4.5	-0.256291220508003
4.5	-0.254462773087665
4.625	-0.254917046157219
4.625	-0.253128378008861
4.75	-0.253565312631914
4.75	-0.251817339466288
4.875	-0.252235926980258
4.875	-0.250529729548164
5	-0.250930189230453
5	-0.249266132305444
5.125	-0.249649435145713
5.125	-0.248027844546982
5.25	-0.248394415380565
5.25	-0.246815387480861
5.375	-0.247166251426052
5.375	-0.245629066072443
5.5	-0.245965977024011
5.5	-0.24446985149383
5.625	-0.244794253409982
5.625	-0.243338470968239
5.75	-0.243651962770513
5.75	-0.242235075051683
5.875	-0.242540122418594
5.875	-0.241160414410044
6	-0.241459044147272
6	-0.240114931607957
6.125	-0.24040869109335
6.125	-0.239098535440104
6.25	-0.239388585052121
6.25	-0.238110400573176
6.375	-0.23839811866762
6.375	-0.237149737993385
6.5	-0.237436440195144
6.5	-0.236215979682843
6.625	-0.236502741503727
6.625	-0.235308558435367
6.75	-0.235596491425722
6.75	-0.23442699684194
6.875	-0.234717049498899
6.875	-0.233570610832603
7	-0.233863604059085
7	-0.232738577147602
7.125	-0.233035140463959
7.125	-0.231930170395718
7.25	-0.232230695947152
7.25	-0.231144723082177
7.375	-0.231449513933902
7.375	-0.230381618459449
7.5	-0.230690984803218
7.5	-0.229640327549463
7.625	-0.22995440519631
7.625	-0.228920043089625
7.75	-0.229239082774959
7.75	-0.228218469017358
7.875	-0.228545357697704
7.875	-0.227530620319692
8	-0.227875853949867
8	-0.226882317684734
8.125	-0.219260829603129
8.125	-0.218348710326151
8.25	-0.211011734156043
8.25	-0.21010351814125
8.375	-0.2030805298896
8.375	-0.202154356572651
8.5	-0.195442921603439
8.5	-0.1944971038408
8.625	-0.188091703368663
8.625	-0.187127961326773
8.75	-0.181023256162985
8.75	-0.180043699196226
8.875	-0.174237303768448
8.875	-0.173243973958257
9	-0.167739389592214
9	-0.166735017163961
9.125	-0.161540041280696
9.125	-0.160528268648895
9.25	-0.155649730488674
9.25	-0.154634003390713
9.375	-0.150076911253212
9.375	-0.149059987228075
9.5	-0.144828860297362
9.5	-0.143814034206562
9.625	-0.139912304733165
9.625	-0.13890399637945
9.75	-0.135336813793494
9.75	-0.134338992411846
9.875	-0.131115251604218
9.875	-0.130131193273129
10	-0.127264786580539
10	-0.126297788019626
10.125	-0.123808420027997
10.125	-0.122861604540411
10.25	-0.120776440856757
10.25	-0.119852666906103
10.375	-0.118200931649417
10.375	-0.117301351681012
10.5	-0.116102461010594
10.5	-0.11522532277415
10.625	-0.114480720057021
10.625	-0.113625033940708
10.75	-0.113347744184544
10.75	-0.112519119518119
10.875	-0.112761370157172
10.875	-0.111966300181424
11	-0.112804050287398
11	-0.112044582895916
11.125	-0.113556846265971
11.125	-0.112832574209071
11.25	-0.11509804901277
11.25	-0.114408179077321
11.375	-0.117509052762776
11.375	-0.116853101591296
11.5	-0.120878088250645
11.5	-0.120255702669668
11.625	-0.12530208520635
11.625	-0.124712921340903
11.75	-0.13088633522419
11.75	-0.130331603261797
11.875	-0.137742984090174
11.875	-0.137240072111006
12	-0.145978710611803
12	-0.145721977486674
12.125	-0.147625496004749
12.125	-0.147319649656261
12.25	-0.149289019525812
12.25	-0.148970663630011
12.375	-0.150954900466031
12.375	-0.150649160435939
12.5	-0.152627112469751
12.5	-0.152339548020191
12.625	-0.154301487853217
12.625	-0.15403191696356
12.75	-0.155971226931457
12.75	-0.155718529631261
12.875	-0.157630120719629
12.875	-0.157393168164054
13	-0.159273342316296
13	-0.159051163366607
13.125	-0.160897271815925
13.125	-0.160689059752844
13.25	-0.162498708180621
13.25	-0.162303613385204
13.375	-0.164074309505229
13.375	-0.163891147927569
13.5	-0.165621733918323
13.5	-0.165449152049
13.625	-0.16714192073054
13.625	-0.166978950181779
13.75	-0.16863920936791
13.75	-0.168485352851177
13.875	-0.170118777361751
13.875	-0.169973632176577
14	-0.171584764374186
14	-0.171447849391132
14.125	-0.173040341305419
14.125	-0.172911201252489
14.25	-0.174488031649769
14.25	-0.174366294638013
14.375	-0.175929339820048
14.375	-0.175814652638222
14.5	-0.177364666616245
14.5	-0.17725668463737
14.625	-0.178794037092146
14.625	-0.178692422075048
14.75	-0.180217595415691
14.75	-0.180121960659772
14.875	-0.181635703470637
14.875	-0.181545632648456
15	-0.183049106274166
15	-0.182964194815594
15.125	-0.184459001058959
15.125	-0.184378882444759
15.25	-0.18586703895678
15.25	-0.185791399815705
15.375	-0.187275314311464
15.375	-0.187203882156143
15.5	-0.188686310204334
15.5	-0.188618832131708
15.625	-0.190102849274586
15.625	-0.190039089818581
15.75	-0.191528080013537
15.75	-0.191467834967132
15.875	-0.192965422421439
15.875	-0.192908517029269
16	-0.194418459444136
16	-0.194364726666024
16.125	-0.195890953056736
16.125	-0.195840221757131
16.25	-0.197387072535383
16.25	-0.197339172617325
16.375	-0.19891162356399
16.375	-0.198866399173677
16.5	-0.20047010921702
16.5	-0.200427444550523
16.625	-0.202068646846844
16.625	-0.202028486970612
16.75	-0.203713799856166
16.75	-0.20367613717455
16.875	-0.205412432886658
16.875	-0.205377271119035
17	-0.207171703552742
17	-0.207139031220875
17.125	-0.208999212703272
17.125	-0.208969003192224
17.25	-0.210903206590817
17.25	-0.21087543756817
17.375	-0.212892764456381
17.375	-0.212867433908513
17.5	-0.21497794783011
17.5	-0.214955080880772
17.625	-0.217169921905879
17.625	-0.217149571637991
17.75	-0.219481075355082
17.75	-0.21946332116565
17.875	-0.221925167385187
17.875	-0.221910116598111
18	-0.224517512949828
18	-0.224505308316216
18.125	-0.227275199092487
18.125	-0.22726602932809
18.25	-0.230217325135364
18.25	-0.230211433351274
18.375	-0.233365272300065
18.375	-0.233362958499016
18.5	-0.236743037538255
18.5	-0.236744656029244
18.625	-0.240377741411306
18.625	-0.24038373696377
18.75	-0.244300046019007
18.75	-0.244310930209983
18.875	-0.248544216049844
18.875	-0.248560492399577
19	-0.253148533469211
19	-0.253170931102055
19.125	-0.258160107151088
19.125	-0.258190650183334
19.25	-0.26363962985724
19.25	-0.263679162643676
19.375	-0.269634358788045
19.375	-0.269677748249629
19.5	-0.276196832214602
19.5	-0.27625920141945
19.625	-0.283473214235615
19.625	-0.283542781162754
19.75	-0.291360307547671
19.75	-0.291414241705232
19.875	-0.300540971500563
19.875	-0.300846091679458
20	-0.310065247043506
0	0.126647560039563
0.125	0.120394647742721
0.125	0.117677023616085
0.25	0.180391200806897
0.25	0.184863727077312
0.375	0.195997450839011
0.375	0.190161005144781
0.5	0.184007387011935
0.5	0.184738961859331
0.625	0.180124698465416
0.625	0.180340329387034
0.75	0.177036294088599
0.75	0.17712330835055
0.875	0.17365688726955
0.875	0.173351673033002
1	0.17012865471828
1	0.169881879712461
1.125	0.167088423462153
1.125	0.166779324624
1.25	0.163770351687934
1.25	0.163369451000307
1.375	0.160705958665461
1.375	0.160400576609774
1.5	0.157776610977566
1.5	0.157403164992176
1.625	0.154778244559627
1.625	0.154433430168572
1.75	0.152040182435302
1.75	0.15172820477576
1.875	0.149294437591528
1.875	0.148950663944736
2	0.14663921271704
2	0.146341200936428
2.125	0.144128018274845
2.125	0.143824667058445
2.25	0.141623473745372
2.25	0.141324128894084
2.375	0.139251512708483
2.375	0.138977934219841
2.5	0.136945251078499
2.5	0.136663633215367
2.625	0.134695210607005
2.625	0.134430779321676
2.75	0.132550231544529
2.75	0.13229369223875
2.875	0.130449706247093
2.875	0.130194219642622
3	0.12842740139254
3	0.128186588342056
3.125	0.126475152566491
3.125	0.126235936548122
3.25	0.124572708564996
3.25	0.124341097290593
3.375	0.12274303322373
3.375	0.122519624745951
3.5	0.120965146717241
3.5	0.120744545614546
3.625	0.11924352758422
3.625	0.119031316073514
3.75	0.117581944971559
3.75	0.117374563683803
3.875	0.115968557219811
3.875	0.115766374003192
4	0.114410471185208
4	0.114215711066264
4.125	0.112900167446524
4.125	0.112710869729228
4.25	0.111430516691212
4.25	0.111248195035134
4.375	0.109997876326913
4.375	0.109821009347156
4.5	0.108594319889502
4.5	0.108422286523484
4.625	0.107222941441582
4.625	0.107057048873378
4.75	0.105883449759367
4.75	0.105722790465437
4.875	0.104573243982864
4.875	0.104418306363648
5	0.103292857603208
5	0.103143679548115
5.125	0.102039071927789
5.125	0.101895046409571
5.25	0.100810650186323
5.25	0.100671982180826
5.375	0.0996071370671612
5.375	0.0994732824327613
5.5	0.0984276637013251
5.5	0.0982984575978323
5.625	0.0972733796577827
5.625	0.0971488321766699
5.75	0.0961444679375365
5.75	0.0960241837434396
5.875	0.0950412783129238
5.875	0.0949251926661815
6	0.0939644251419064
6	0.0938522905795017
6.125	0.0929137693073516
6.125	0.0928053279736052
6.25	0.0918896648637445
6.25	0.0917847611528453
6.375	0.0908922812082455
6.375	0.0907906232149349
6.5	0.08992167210138
6.5	0.0898231353293702
6.625	0.0889779437247984
6.625	0.0888823918753856
6.75	0.0880606401274726
6.75	0.0879678817730624
6.875	0.0871692101579972
6.875	0.0870791021216857
7	0.0863029774075114
7	0.0862153104431126
7.125	0.0854611350980041
7.125	0.085375747391141
7.25	0.0846430266565353
7.25	0.0845597965159979
7.375	0.0838479613818113
7.375	0.0837667679393658
7.5	0.0830753091276262
7.5	0.0829960820478884
7.625	0.082324472892629
7.625	0.0822471159309585
7.75	0.0815948311918264
7.75	0.0815191170506161
7.875	0.0808859568673965
7.875	0.0808113705483356
8	0.0801975380372785
8	0.0801171950892273
8.125	0.0790281775129645
8.125	0.0789546086530502
8.25	0.0779465065479387
8.25	0.0778741471968538
8.375	0.0769439799938892
8.375	0.0768714130207197
8.5	0.0760141221845087
8.5	0.0759413467203771
8.625	0.0751497442053478
8.625	0.0750727638588872
8.75	0.0743495804732949
8.75	0.0742595679707276
8.875	0.0736527306260263
8.875	0.0735510675236545
9	0.0731399053287744
9	0.073041466361099
9.125	0.072849580423761
9.125	0.0727617183861468
9.25	0.0727390750140731
9.25	0.0726578973808407
9.375	0.0727497684549466
9.375	0.0726724051848468
9.5	0.0728459989933252
9.5	0.0727718824874236
9.625	0.073001677639227
9.625	0.0729300645197311
9.75	0.0731929706779195
9.75	0.0731229122486498
9.875	0.0733958138128247
9.875	0.0733256913053421
10	0.0735803068006877
10	0.0735077897662801
10.125	0.0737136440770921
10.125	0.0736380054287146
10.25	0.0737899311745268
10.25	0.0737182836906262
10.375	0.0738986827415222
10.375	0.0738518593416934
10.5	0.0742615359187083
10.5	0.0742559697912983
10.625	0.0750314474824301
10.625	0.0750316536789416
10.75	0.0759709432793215
10.75	0.0759201355539244
10.875	0.0766693074772422
10.875	0.076579338938393
11	0.0770220544866023
11	0.0769381855970889
11.125	0.077174154560015
11.125	0.0771123824649407
11.25	0.0772610105245638
11.25	0.0772149127228605
11.375	0.0773397252995938
11.375	0.0773012778019485
11.5	0.0774238302956959
11.5	0.0773893634678878
11.625	0.0775143236242434
11.625	0.0774829849146126
11.75	0.0776111850061026
11.75	0.0775831591078712
11.875	0.0777156696238357
11.875	0.0776929298899155
12	0.0778290823894118
12	0.0778159066257755
12.125	0.0774310807654822
12.125	0.0774125459783709
12.25	0.0769987579548332
12.25	0.0769799438840534
12.375	0.0765382985218342
12.375	0.07652138303865
12.5	0.0760461714458693
12.5	0.0760313328301685
12.625	0.0755177123017564
12.625	0.0755045260790988
12.75	0.0749495502514817
12.75	0.0749375213061141
12.875	0.0743408557709571
12.875	0.0743296558406599
13	0.0736929865813065
13	0.0736825566231437
13.125	0.0730081949359262
13.125	0.0729981149234243
13.25	0.0722885194630905
13.25	0.0722759851395977
13.375	0.0715420765077846
13.375	0.0715224522306536
13.5	0.0707991081739639
13.5	0.0707720902325138
13.625	0.070111342378904
13.625	0.0700833116193001
13.75	0.0695162685894929
13.75	0.0694927360249726
13.875	0.0690106680099956
13.875	0.0689914477597521
14	0.0685704426335962
14	0.0685537243480947
14.125	0.0681779123622744
14.125	0.0681632569967531
14.25	0.0678229477337142
14.25	0.0678101739150622
14.375	0.0674965952011157
14.375	0.0674851071911052
14.5	0.0671916473194902
14.5	0.0671807342475909
14.625	0.0669046128983683
14.625	0.0668937159795638
14.75	0.0666358818940468
14.75	0.0666248076493692
14.875	0.0663883289063493
14.875	0.0663772025737409
15	0.0661650619635262
15	0.066154043907668
15.125	0.0659680882389896
15.125	0.065957206639221
15.25	0.0657985611424615
15.25	0.06578775082249
15.375	0.0656575543494097
15.375	0.0656467259702646
15.5	0.0655464648928037
15.5	0.0655355162288233
15.625	0.0654671296315792
15.625	0.0654559577717857
15.75	0.0654218953733062
15.75	0.0654104238670025
15.875	0.0654135650649522
15.875	0.065401740011187
16	0.0654452311393004
16	0.0654329835194105
16.125	0.0655202157373901
16.125	0.0655074268764014
16.25	0.0656422535192401
16.25	0.0656287657620006
16.375	0.0658158074315757
16.375	0.0658015052011437
16.5	0.0660461715258136
16.5	0.0660310903265645
16.625	0.0663389893116951
16.625	0.0663233415373073
16.75	0.0666992431973306
16.75	0.066683296323222
16.875	0.0671303993158339
16.875	0.0671142900592022
17	0.0676344760031064
17	0.0676181174876075
17.125	0.0682130835500069
17.125	0.0681962258283089
17.25	0.0688686880123482
17.25	0.0688510497526949
17.375	0.0696053173635886
17.375	0.0695866774737282
17.5	0.0704285366908827
17.5	0.0704087496619958
17.625	0.0713450400085494
17.625	0.0713240034406251
17.75	0.0723622662099205
17.75	0.0723398786967444
17.875	0.0734882411887284
17.875	0.0734643737009627
18	0.0747316489225689
18	0.0747061357303129
18.125	0.0761020329123943
18.125	0.0760746737374274
18.25	0.0776100326058441
18.25	0.0775805965959243
18.375	0.079267615728359
18.375	0.0792358306692196
18.5	0.0810882515205235
18.5	0.0810537211019267
18.625	0.0830870639220847
18.625	0.0830493872342818
18.75	0.0852814624133083
18.75	0.0852403631765359
18.875	0.0876915359403915
18.875	0.0876468407047643
19	0.0903380611187181
19	0.0902884598578621
19.125	0.0932373935762775
19.125	0.0931803439269504
19.25	0.0964242351043096
19.25	0.096366705519223
19.375	0.0999682169258094
19.375	0.0999086378011562
19.5	0.103803799828636
19.5	0.103702660155293
19.625	0.108083089756103
19.625	0.108081009504256
19.75	0.112930160938577
19.75	0.112644150306863
19.875	0.11715498570962
19.875	0.117327746212911
20	0.126661189390977
0	0.0299474626821827
0.125	0.0299474626821827
0.125	0.298452644723879
0.25	0.298452644723879
0.25	0.521343296125733
0.375	0.521343296125733
0.375	0.610653458410282
0.5	0.610653458410282
0.5	0.0305784948130874
0.625	0.0305784948130874
0.625	0.0404437036203321
0.75	0.0404437036203321
0.75	0.0264055568482043
0.875	0.0264055568482043
0.875	0.0480297389772128
1	0.0480297389772128
1	0.0339529250851442
1.125	0.0339529250851442
1.125	0.0347747955541516
1.25	0.0347747955541516
1.25	0.0417305762512421
1.375	0.0417305762512421
1.375	0.031033293564348
1.5	0.031033293564348
1.5	0.0377215805716391
1.625	0.0377215805716391
1.625	0.0351667508357657
1.75	0.0351667508357657
1.75	0.0319758647969819
1.875	0.0319758647969819
1.875	0.0360245341638601
2	0.0360245341638601
2	0.0315979683754898
2.125	0.0315979683754898
2.125	0.032685635133472
2.25	0.032685635133472
2.25	0.0329091040266334
2.375	0.0329091040266334
2.375	0.0304482518995267
2.5	0.0304482518995267
2.5	0.0319750254539181
2.625	0.0319750254539181
2.625	0.0304953452156213
2.75	0.0304953452156213
2.75	0.0300399294396239
2.875	0.0300399294396239
2.875	0.030461045813852
3	0.030461045813852
3	0.0291264842865268
3.125	0.0291264842865268
3.125	0.0294050415829849
3.25	0.0294050415829849
3.25	0.0289198730278457
3.375	0.0289198730278457
3.375	0.0282771494430138
3.5	0.0282771494430138
3.5	0.0283543923902773
3.625	0.0283543923902773
3.625	0.0276398120419188
3.75	0.0276398120419188
3.75	0.0273811442782234
3.875	0.0273811442782234
3.875	0.0270765428715845
4	0.0270765428715845
4	0.0264998511643386
4.125	0.0264998511643386
4.125	0.0262677543433582
4.25	0.0262677543433582
4.25	0.0257337159305852
4.375	0.0257337159305852
4.375	0.0252630061611634
4.5	0.0252630061611634
4.5	0.0248578899155194
4.625	0.0248578899155194
4.625	0.0242715512769725
4.75	0.0242715512769725
4.75	0.0238128513247405
4.875	0.0238128513247405
4.875	0.0232728430492247
5	0.0232728430492247
5	0.0227093891019415
5.125	0.0227093891019415
5.125	0.0222077138853085
5.25	0.0222077138853085
5.25	0.0216284339544389
5.375	0.0216284339544389
5.375	0.0210981762569427
5.5	0.0210981762569427
5.5	0.0205749174826652
5.625	0.0205749174826652
5.625	0.0200359593124786
5.75	0.0200359593124786
5.75	0.0195482924478256
5.875	0.0195482924478256
5.875	0.0190547917932799
6	0.0190547917932799
6	0.0185874540885596
6.125	0.0185874540885596
6.125	0.0181505443668397
6.25	0.0181505443668397
6.25	0.0177254178817163
6.375	0.0177254178817163
6.375	0.0173410117596625
6.5	0.0173410117596625
6.5	0.016973272642416
6.625	0.016973272642416
6.625	0.0166248891527386
6.75	0.0166248891527386
6.75	0.0163048002441444
6.875	0.0163048002441444
6.875	0.0160006576829049
7	0.0160006576829049
7	0.0157225348257033
7.125	0.0157225348257033
7.125	0.015462130977924
7.25	0.015462130977924
7.25	0.0152144433172468
7.375	0.0152144433172468
7.375	0.0149834073095555
7.5	0.0149834073095555
7.5	0.0147607073621318
7.625	0.0147607073621318
7.625	0.0145491273285856
7.75	0.0145491273285856
7.75	0.0143722609029136
7.875	0.0143722609029136
7.875	0.014291409015326
8	0.014291409015326
8	0.0140158305371443
8.125	0.0140158305371443
8.125	0.0130061900463386
8.25	0.0130061900463386
8.25	0.0130782294735691
8.375	0.0130782294735691
8.375	0.0134658426199466
8.5	0.0134658426199466
8.5	0.0138837114178156
8.625	0.0138837114178156
8.625	0.0142729118518209
8.75	0.0142729118518209
8.75	0.0146102938706317
8.875	0.0146102938706317
8.875	0.0148835499361612
9	0.0148835499361612
9	0.0150845261721474
9.125	0.0150845261721474
9.125	0.0152188290242236
9.25	0.0152188290242236
9.25	0.0153185882759254
9.375	0.0153185882759254
9.375	0.0154138410280325
9.5	0.0154138410280325
9.5	0.0154981445352528
9.625	0.0154981445352528
9.625	0.0155621829893044
9.75	0.0155621829893044
9.75	0.0156826082747507
9.875	0.0156826082747507
9.875	0.0160370882562883
10	0.0160370882562883
10	0.0167606667813432
10.125	0.0167606667813432
10.125	0.017486743106964
10.25	0.017486743106964
10.25	0.0165010819838723
10.375	0.0165010819838723
10.375	0.0108034528104129
10.5	0.0108034528104129
10.5	0.00150478414108567
10.625	0.00150478414108567
10.625	0.000381865410785438
10.75	0.000381865410785438
10.75	0.0121250479473197
10.875	0.0121250479473197
10.875	0.0213440259571582
11	0.0213440259571582
11	0.0204704574849083
11.125	0.0204704574849083
11.125	0.0157676768743288
11.25	0.0157676768743288
11.25	0.0122549940647445
11.375	0.0122549940647445
11.375	0.0104963606371597
11.5	0.0104963606371597
11.5	0.00964805530153463
11.625	0.00964805530153463
11.625	0.0090871806952099
11.75	0.0090871806952099
11.75	0.0085380816070341
11.875	0.0085380816070341
11.875	0.00761299193074527
12	0.00761299193074527
12	0.00402909286463475
12.125	0.00402909286463475
12.125	0.00475219558233373
12.25	0.00475219558233373
12.25	0.00492338202749936
12.375	0.00492338202749936
12.375	0.00472840837519337
12.5	0.00472840837519337
12.5	0.00445384537396424
12.625	0.00445384537396424
12.625	0.00418370399205992
12.75	0.00418370399205992
12.75	0.00393142218466109
12.875	0.00393142218466109
12.875	0.00369717951990265
13	0.00369717951990265
13	0.00347865961824309
13.125	0.00347865961824309
13.125	0.00327374512800331
13.25	0.00327374512800331
13.25	0.00308351705705474
13.375	0.00308351705705474
13.375	0.0029124942644624
13.5	0.0029124942644624
13.5	0.00276162484808209
13.625	0.00276162484808209
13.625	0.00262323633431192
13.75	0.00262323633431192
13.75	0.00248969872359071
13.875	0.00248969872359071
13.875	0.00236100080810221
14	0.00236100080810221
14	0.00224037132447404
14.125	0.00224037132447404
14.125	0.00212829919526704
14.25	0.00212829919526704
14.25	0.00202289657533751
14.375	0.00202289657533751
14.375	0.00192284417186736
14.5	0.00192284417186736
14.5	0.00182746999383971
14.625	0.00182746999383971
14.625	0.00173667678089756
14.75	0.00173667678089756
14.75	0.00165139404357105
14.875	0.00165139404357105
14.875	0.00157230059242194
15	0.00157230059242194
15	0.00149945042054559
15.125	0.00149945042054559
15.125	0.00143245539694382
15.25	0.00143245539694382
15.25	0.00137066505940955
15.375	0.00137066505940955
15.375	0.00131359549721096
15.5	0.00131359549721096
15.5	0.00126104676111986
15.625	0.00126104676111986
15.625	0.00121280371688746
15.75	0.00121280371688746
15.75	0.00116840691440928
15.875	0.00116840691440928
15.875	0.00112742586062972
16	0.00112742586062972
16	0.00108978178483835
16.125	0.00108978178483835
16.125	0.00105559793081003
16.25	0.00105559793081003
16.25	0.0010249482036074
16.375	0.0010249482036074
16.375	0.000997724135502214
16.5	0.000997724135502214
16.5	0.000973424313281786
16.625	0.000973424313281786
16.625	0.000951232320078038
16.75	0.000951232320078038
16.75	0.000930552253861885
16.875	0.000930552253861885
16.875	0.000911352584012365
17	0.000911352584012365
17	0.00089400805110924
17.125	0.00089400805110924
17.125	0.000878880760725245
17.25	0.000878880760725245
17.25	0.000866032542291949
17.375	0.000866032542291949
17.375	0.000855296380092786
17.5	0.000855296380092786
17.5	0.00084641555073646
17.625	0.00084641555073646
17.625	0.000839096079855009
17.75	0.000839096079855009
17.75	0.000832991647260916
17.875	0.000832991647260916
17.875	0.000827702398925304
18	0.000827702398925304
18	0.0008229498593533
18.125	0.0008229498593533
18.125	0.000818894305440956
18.25	0.000818894305440956
18.25	0.000815932109298806
18.375	0.000815932109298806
18.375	0.00081691336942994
18.5	0.00081691336942994
18.5	0.000838747251085146
18.625	0.000838747251085146
18.625	0.000877854404104001
18.75	0.000877854404104001
18.75	0.000906776855828676
18.875	0.000906776855828676
18.875	0.00090156059374272
19	0.00090156059374272
19	0.00103588595345949
19.125	0.00103588595345949
19.125	0.00142292290400013
19.25	0.00142292290400013
19.25	0.00053415342845243
19.375	0.00053415342845243
19.375	0.000132036158392738
19.5	0.000132036158392738
19.5	0.00545002331130664
19.625	0.00545002331130664
19.625	0.010592905224498
19.75	0.010592905224498
19.75	0.0277171879204839
19.875	0.0277171879204839
19.875	0.0340845398178789
20	0.0340845398178789
