3	1
80
0	1.2
0.5	1.2
0.5	1.2
1	1.2
1	1.2
1.5	1.2
1.5	1.2
2	1.2
2	1.2
2.5	1.2
2.5	1.2
3	1.2
3	1.2
3.5	1.2
3.5	1.2
4	1.2
4	1.2
4.5	1.2
4.5	1.2
5	1.2
5	1.2
5.5	1.2
5.5	1.2
6	1.2
6	1.2
6.5	1.2
6.5	1.2
7	1.2
7	1.20705776905272
7.5	1.18588446189456
7.5	1.25205471460598
8	1.11488848367098
8	1.30036173165211
8.5	1.12941945715171
8.5	1.19825104409638
9	1.18588492908146
9	1.17219801650328
9.5	1.19208933963327
9.5	1.16830516297493
10	1.19092781499798
10	1.1670248478367
10.5	1.19217354540526
10.5	1.16835812761955
11	1.19582664283135
11	1.16514082258867
11.5	1.21621321643953
11.5	1.14762347279427
12	1.25312431885552
12	1.15646695255088
12.5	1.23646687343272
12.5	1.18184984199367
13	1.20907507900316
13	1.2
13.5	1.2
13.5	1.2
14	1.2
14	1.2
14.5	1.2
14.5	1.2
15	1.2
15	1.2
15.5	1.2
15.5	1.2
16	1.2
16	1.2
16.5	1.2
16.5	1.2
17	1.2
17	1.2
17.5	1.2
17.5	1.2
18	1.2
18	1.2
18.5	1.2
18.5	1.2
19	1.2
19	1.2
19.5	1.2
19.5	1.2
20	1.2
0	0.4754
0.5	0.4754
0.5	0.4754
1	0.4754
1	0.4754
1.5	0.4754
1.5	0.4754
2	0.4754
2	0.4754
2.5	0.4754
2.5	0.4754
3	0.4754
3	0.4754
3.5	0.4754
3.5	0.4754
4	0.4754
4	0.4754
4.5	0.4754
4.5	0.4754
5	0.4754
5	0.4754
5.5	0.4754
5.5	0.4754
6	0.4754
6	0.4754
6.5	0.4754
6.5	0.4754
7	0.4754
7	0.458119726018128
7.5	0.509960547963745
7.5	0.375130935702636
8	0.554155728966886
8	0.728322964882597
8.5	0.253850510741054
8.5	0.512435870382455
9	0.447082514764873
9	0.448990401316503
9.5	0.479431736739429
9.5	0.449330428659262
10	0.48020017370237
10	0.45000833496707
10.5	0.481109618863774
10.5	0.451017255891611
11	0.482147557756743
11	0.465495101722734
11.5	0.45697866603653
11.5	0.495007008707555
12	0.500043580172782
12	0.444870794538359
12.5	0.563751989239692
12.5	0.419945842482066
13	0.503127078758966
13	0.4754
13.5	0.4754
13.5	0.4754
14	0.4754
14	0.4754
14.5	0.4754
14.5	0.4754
15	0.4754
15	0.4754
15.5	0.4754
15.5	0.4754
16	0.4754
16	0.4754
16.5	0.4754
16.5	0.4754
17	0.4754
17	0.4754
17.5	0.4754
17.5	0.4754
18	0.4754
18	0.4754
18.5	0.4754
18.5	0.4754
19	0.4754
19	0.4754
19.5	0.4754
19.5	0.4754
20	0.4754
0	-0.2
0.5	-0.2
0.5	-0.2
1	-0.2
1	-0.2
1.5	-0.2
1.5	-0.2
2	-0.2
2	-0.2
2.5	-0.2
2.5	-0.2
3	-0.2
3	-0.2
3.5	-0.2
3.5	-0.2
4	-0.2
4	-0.2
4.5	-0.2
4.5	-0.2
5	-0.2
5	-0.2
5.5	-0.2
5.5	-0.2
6	-0.2
6	-0.2
6.5	-0.2
6.5	-0.2
7	-0.2
7	-0.192502277807254
7.5	-0.214995444385493
7.5	-0.144550573845919
8	-0.289184210493153
8	-0.109629699891671
8.5	-0.248832454361058
8.5	-0.186688702746682
9	-0.185087189073634
9	-0.197145716361408
9.5	-0.171751523188427
9.5	-0.192713245003342
10	-0.169598336694879
10	-0.190661259885943
10.5	-0.170023434079576
10.5	-0.191009506307397
11	-0.173047771733017
11	-0.201287569513359
11.5	-0.163676506310658
11.5	-0.229563903327846
12	-0.147572161735095
12	-0.243859414747587
12.5	-0.164650627899068
12.5	-0.217270274548403
13	-0.191364862725798
13	-0.2
13.5	-0.2
13.5	-0.2
14	-0.2
14	-0.2
14.5	-0.2
14.5	-0.2
15	-0.2
15	-0.2
15.5	-0.2
15.5	-0.2
16	-0.2
16	-0.2
16.5	-0.2
16.5	-0.2
17	-0.2
17	-0.2
17.5	-0.2
17.5	-0.2
18	-0.2
18	-0.2
18.5	-0.2
18.5	-0.2
19	-0.2
19	-0.2
19.5	-0.2
19.5	-0.2
20	-0.2
0	0
0.5	0
0.5	0
1	0
1	0
1.5	0
1.5	0
2	0
2	0
2.5	0
2.5	0
3	0
3	0
3.5	0
3.5	0
4	0
4	0
4.5	0
4.5	0
5	0
5	0
5.5	0
5.5	0
6	0
6	0
6.5	0
6.5	0
7	0
7	0
7.5	0
7.5	0.000550193639741945
8	0.000550193639741945
8	0.00290667216100158
8.5	0.00290667216100158
8.5	0.000555828364308199
9	0.000555828364308199
9	1.35150784540491e-14
9.5	1.35150784540491e-14
9.5	2.25728366461027e-14
10	2.25728366461027e-14
10	0
10.5	0
10.5	1.65184292216155e-14
11	1.65184292216155e-14
11	2.54210308830341e-14
11.5	2.54210308830341e-14
11.5	0.00055230298525949
12	0.00055230298525949
12	0.00150658510283158
12.5	0.00150658510283158
12.5	0.000550231481488694
13	0.000550231481488694
13	0
13.5	0
13.5	0
14	0
14	0
14.5	0
14.5	0
15	0
15	0
15.5	0
15.5	0
16	0
16	0
16.5	0
16.5	0
17	0
17	0
17.5	0
17.5	0
18	0
18	0
18.5	0
18.5	0
19	0
19	0
19.5	0
19.5	0
20	0
