3	1
40
0	1.20005310351975
1	1.19870366788752
1	1.19863484311389
2	1.20091963908684
2	1.20098142360246
3	1.19918772728392
3	1.19913028727016
4	1.20043797386948
4	1.20046367390223
5	1.20015734484012
5	1.20016139310074
6	1.19936284325783
6	1.19933077994033
7	1.20069275854814
7	1.20072160694708
8	1.19994183704088
8	1.19993581303615
9	1.19928806882002
9	1.1992712924252
10	1.20035435385309
10	1.20033991794332
11	1.20166067772349
11	1.20174453210196
12	1.19436743548944
12	1.19444201859551
13	1.18057064536333
13	1.18041777260126
14	1.17926512182539
14	1.17912246728193
15	1.19103449805431
15	1.19109003406668
16	1.19924972417422
16	1.19931435813938
17	1.20045068735551
17	1.20045608518302
18	1.20002749138771
18	1.2000218781298
19	1.19998102842489
19	1.19998154215333
20	1.20000479738743
0	0.475358728571996
1	0.475371875166985
1	0.475376143247101
2	0.475443934517154
2	0.475456286048184
3	0.475432172472963
3	0.475400134969653
4	0.475420859957016
4	0.475466595818674
5	0.47547229398868
5	0.475432539402333
6	0.475382618072087
6	0.475395834805123
7	0.475475606753212
7	0.475491506555776
8	0.475450870844721
8	0.475427665726411
9	0.475352647238488
9	0.475342982640938
10	0.475482420363329
10	0.47552027782922
11	0.475571367584105
11	0.475638280588215
12	0.474789751056223
12	0.47469593422371
13	0.473324070438953
13	0.473194523885528
14	0.473051739318359
14	0.473130157244027
15	0.474332483045352
15	0.474417700595666
16	0.475355837148952
16	0.475334208030874
17	0.475502553476727
17	0.475482093339494
18	0.475435096401029
18	0.475436414354409
19	0.47542639107914
19	0.475430577417394
20	0.475429669655455
0	-0.200047197103702
1	-0.198697206507745
1	-0.198637581650675
2	-0.200899139927942
2	-0.200961645343912
3	-0.199185908582335
3	-0.19913556117257
4	-0.200414849510422
4	-0.20044200374975
5	-0.200154690857047
5	-0.20015678198137
6	-0.199350270102894
6	-0.199326425140332
7	-0.200676991888696
7	-0.200701943173204
8	-0.199937160116954
8	-0.199930599707524
9	-0.199278842463768
9	-0.199272370207631
10	-0.200336275086668
10	-0.200320643354122
11	-0.201646891146305
11	-0.201696981569261
12	-0.194423025917921
12	-0.194481468222446
13	-0.180684521860544
13	-0.180593357121177
14	-0.179348852074438
14	-0.179267443127864
15	-0.191077310533348
15	-0.191121283896766
16	-0.199266814564094
16	-0.199302627375403
17	-0.200446085074907
17	-0.20044568940158
18	-0.200016914637615
18	-0.200013745846062
19	-0.199971831773442
19	-0.199972255210318
20	-0.19999714318459
0	8.85530871616304e-05
1	8.85530871616304e-05
1	0.000114730108282582
2	0.000114730108282582
2	0.000102970110240317
3	0.000102970110240317
3	9.57513702011782e-05
4	9.57513702011782e-05
4	4.28240277882082e-05
5	4.28240277882082e-05
5	6.75128035693028e-06
6	6.75128035693028e-06
6	5.34406965619145e-05
7	5.34406965619145e-05
7	4.80702517235302e-05
8	4.80702517235302e-05
8	1.00417028773285e-05
9	1.00417028773285e-05
9	2.79658002764798e-05
10	2.79658002764798e-05
10	2.40419833408723e-05
11	2.40419833408723e-05
11	0.000139986997585516
12	0.000139986997585516
12	0.000125619952702447
13	0.000125619952702447
13	0.000259150142134768
14	0.000259150142134768
14	0.000240759559784504
15	0.000240759559784504
15	9.29403523631623e-05
16	9.29403523631623e-05
16	0.000107735563010253
17	0.000107735563010253
17	8.99223452526889e-06
18	8.99223452526889e-06
18	9.35613236507664e-06
19	9.35613236507664e-06
19	8.56442688103682e-07
20	8.56442688103682e-07
