4	1
640
0	1.19700791781322
0.0625	1.19701275050982
0.0625	1.19701279675181
0.125	1.19701773891841
0.125	1.19701778717039
0.1875	1.19702285848036
0.1875	1.19702290808341
0.25	1.19702812227218
0.25	1.19702817238822
0.3125	1.19703353722316
0.3125	1.19703358693769
0.375	1.19703910497525
0.375	1.19703915338645
0.4375	1.1970448230054
0.4375	1.19704486928894
0.5	1.19705068568575
0.5	1.19705072916038
0.5625	1.19705668501801
0.5625	1.19705672524382
0.625	1.19706281108406
0.625	1.19706284790827
0.6875	1.1970690521695
0.6875	1.19706908572605
0.75	1.19707539432176
0.75	1.1970754249267
0.8125	1.19708182066631
0.8125	1.1970818484985
0.875	1.19708831120196
0.875	1.19708833584417
0.9375	1.19709484436039
0.9375	1.19709486424224
1	1.19710140205072
1	1.19710141393004
1.0625	1.19710797778288
1.0625	1.19710797708466
1.125	1.19711458467472
1.125	1.19711456708374
1.1875	1.19712125967993
1.1875	1.1971212228802
1.25	1.19712805986923
1.25	1.19712800464186
1.3125	1.1971350499749
1.3125	1.19713498007588
1.375	1.19714228567207
1.375	1.19714220640676
1.4375	1.1971497994777
1.4375	1.19714971572621
1.5	1.1971575951025
1.5	1.19715750985931
1.5625	1.19716565162426
1.5625	1.19716556571876
1.625	1.19717393398088
1.625	1.19717384687379
1.6875	1.1971824040411
1.6875	1.1971823150024
1.75	1.19719102785188
1.75	1.1971909367808
1.8125	1.19719977803902
1.8125	1.19719968563333
1.875	1.19720863309122
1.875	1.1972085405472
1.9375	1.19721757593177
1.9375	1.19721748453805
2	1.19722659301831
2	1.19722650390199
2.0625	1.19723567386585
2.0625	1.19723558791941
2.125	1.19724481036482
2.125	1.19724472825974
2.1875	1.19725399558709
2.1875	1.19725391779569
2.25	1.19726322231752
2.25	1.19726314912916
2.3125	1.19727248172163
2.3125	1.1972724132649
2.375	1.19728176238417
2.375	1.19728169866532
2.4375	1.19729104976394
2.4375	1.19729099071747
2.5	1.19730032599883
2.5	1.19730027153418
2.5625	1.19730957003665
2.5625	1.19730952009339
2.625	1.1973187581952
2.625	1.19731871272139
2.6875	1.19732786529472
2.6875	1.19732782420186
2.75	1.19733686615916
2.75	1.19733682951791
2.8125	1.19734573718687
2.8125	1.19734570560313
2.875	1.19735445860167
2.875	1.1973544331169
2.9375	1.19736301655721
2.9375	1.19736299846856
3	1.19737140445066
3	1.19737139522363
3.0625	1.19737962355868
3.0625	1.19737962470079
3.125	1.19738768261259
3.125	1.19738769552034
3.1875	1.19739559624498
3.1875	1.19739562202993
3.25	1.19740338246374
3.25	1.19740342176841
3.3125	1.19741105956542
3.3125	1.19741111240177
3.375	1.19741864304285
3.375	1.19741870870157
3.4375	1.19742614300809
3.4375	1.19742622007726
3.5	1.19743356249957
3.5	1.19743364900165
3.5625	1.19744089671377
3.5625	1.19744099033253
3.625	1.19744813302966
3.625	1.19744823136642
3.6875	1.19745525173478
3.6875	1.19745535254392
3.75	1.19746222747757
3.75	1.1974623288541
3.8125	1.19746903147467
3.8125	1.19746913197905
3.875	1.19747563435252
3.875	1.19747573307187
3.9375	1.1974820092974
3.9375	1.19748210584785
4	1.19748813503856
4	1.19748822951238
4.0625	1.19749399814816
4.0625	1.19749409102743
4.125	1.19749959420184
4.125	1.19749968626565
4.1875	1.19750492748236
4.1875	1.19750501971822
4.25	1.19751000912046
4.25	1.19751010262144
4.3125	1.19751485390277
4.3125	1.19751494968142
4.375	1.19751947644639
4.375	1.19751957509038
4.4375	1.19752388805637
4.4375	1.19752398923803
4.5	1.19752809593694
4.5	1.1975281979494
4.5625	1.19753210593117
4.5625	1.19753220556089
4.625	1.19753592842237
4.625	1.19753602144074
4.6875	1.19753958491104
4.6875	1.19753966720104
4.75	1.19754311142124
4.75	1.19754318033498
4.8125	1.1975465554519
4.8125	1.19754661074369
4.875	1.19754996628105
4.875	1.19755000989983
4.9375	1.19755338231583
4.9375	1.19755341745015
5	1.19755682033885
5	1.19755685049522
5.0625	1.19756027244042
5.0625	1.19756030018581
5.125	1.19756371214149
5.125	1.19756373810277
5.1875	1.19756710406894
5.1875	1.19756712737164
5.25	1.19757041350984
5.25	1.19757043273636
5.3125	1.19757361184559
5.3125	1.19757362581529
5.375	1.19757667711484
5.375	1.19757668517224
5.4375	1.19757959164523
5.4375	1.19757959355406
5.5	1.19758233941153
5.5	1.19758233513979
5.5625	1.1975849046529
5.5625	1.19758489425548
5.625	1.19758727174308
5.625	1.19758725536349
5.6875	1.19758942549894
5.6875	1.197589403402
5.75	1.19759135127031
5.75	1.19759132383335
5.8125	1.1975930347349
5.8125	1.1975930023948
5.875	1.1975944617353
5.875	1.19759442493591
5.9375	1.19759561852988
5.9375	1.19759557770862
6	1.19759649258646
6	1.19759644820001
6.0625	1.19759707377296
6.0625	1.19759702633444
6.125	1.1975973556511
6.125	1.1975973057518
6.1875	1.19759733655018
6.1875	1.19759728485088
6.25	1.19759702015061
6.25	1.19759696734238
6.3125	1.19759641542067
6.3125	1.19759636216555
6.375	1.19759553589706
6.375	1.19759548276323
6.4375	1.19759439844684
6.4375	1.19759434585335
6.5	1.19759302175871
6.5	1.19759296994165
6.5625	1.19759142483514
6.5625	1.19759137383984
6.625	1.1975896256961
6.625	1.19758957539142
6.6875	1.19758764040538
6.6875	1.19758759051292
6.75	1.19758548244836
6.75	1.19758543258193
6.8125	1.19758316245277
6.8125	1.19758311216804
6.875	1.19758068825626
6.875	1.19758063711374
6.9375	1.19757806536388
6.9375	1.19757801300797
7	1.19757529786467
7	1.19757524411583
7.0625	1.19757238985755
7.0625	1.19757233480667
7.125	1.19756934735811
7.125	1.19756929144494
7.1875	1.19756618053236
7.1875	1.19756612458512
7.25	1.19756290597015
7.25	1.19756285118674
7.3125	1.19755954861783
7.3125	1.19755949647981
7.375	1.19755614297351
7.375	1.19755609509892
7.4375	1.19755273322564
7.4375	1.19755269118193
7.5	1.19754937217878
7.5	1.19754933728838
7.5625	1.19754611902776
7.5625	1.19754609220172
7.625	1.19754303625236
7.625	1.19754301788372
7.6875	1.19754018605688
7.6875	1.19754017599235
7.75	1.19753762683893
7.75	1.19753762442021
7.8125	1.19753541014047
7.8125	1.19753541324603
7.875	1.19753357943582
7.875	1.19753351418058
7.9375	1.19753223715495
7.9375	1.1975293658287
8	1.19753399814747
8	1.19749876276968
8.0625	1.18605516815052
8.0625	1.18605597242477
8.125	1.17500566919174
8.125	1.1750064343433
8.1875	1.1643478114091
8.1875	1.16434857033429
8.25	1.15407996187789
8.25	1.15408071344837
8.3125	1.14420033968151
8.3125	1.14420108183606
8.375	1.13470705315889
8.375	1.13470778384929
8.4375	1.12559810806544
8.4375	1.12559882525985
8.5	1.11687141584872
8.5	1.11687211755417
8.5625	1.10852480265632
8.5625	1.10852548682464
8.625	1.10055601929693
8.625	1.10055668367388
8.6875	1.09296275312815
8.6875	1.09296339533003
8.75	1.08574264166915
8.75	1.0857432593526
8.8125	1.07889328682937
8.8125	1.07889387776975
8.875	1.0724122696645
8.875	1.07241283180126
8.9375	1.06629716562839
8.9375	1.0662976970641
9	1.06054555982049
9	1.06054605875956
9.0625	1.05515506200681
9.0625	1.05515552668075
9.125	1.05012332169551
9.125	1.05012375034064
9.1875	1.04544804406987
9.1875	1.04544843500253
9.25	1.04112700784436
9.25	1.04112735958928
9.3125	1.03715808572903
9.3125	1.03715839705978
9.375	1.03353926706105
9.375	1.03353953668391
9.4375	1.03026868095608
9.4375	1.03026890663099
9.5	1.02734461754041
9.5	1.0273447947022
9.5625	1.0247655458995
9.5625	1.02476566616204
9.625	1.02253013002055
9.625	1.02253018030225
9.6875	1.02063724731628
9.6875	1.02063721036883
9.75	1.01908601569143
9.75	1.0190858723987
9.8125	1.01787583224636
9.8125	1.01787556529596
9.875	1.01700641896004
9.875	1.01700601628673
9.9375	1.01647786081829
9.9375	1.01647731718439
10	1.01629061358824
10	1.01628993160698
10.0625	1.01644545975138
10.0625	1.01644464974715
10.125	1.01694341159734
10.125	1.0169424886018
10.1875	1.01778557733568
10.1875	1.01778455978459
10.25	1.0189730262692
10.25	1.01897193986514
10.3125	1.02050670577479
10.3125	1.02050559062505
10.375	1.02238744398274
10.375	1.02238636151666
10.4375	1.02461603937173
10.4375	1.02461507360565
10.5	1.02719339571918
10.5	1.02719264399298
10.5625	1.03012063071969
10.5625	1.0301201827204
10.625	1.0333990873253
10.625	1.03339899661349
10.6875	1.03703021288769
10.6875	1.03703047011746
10.75	1.04101533186376
10.75	1.04101585099474
10.8125	1.04535539861859
10.8125	1.04535602411889
10.875	1.05005084989114
10.875	1.05005138813153
10.9375	1.05510165760743
10.9375	1.05510192797655
11	1.06050762568522
11	1.06050751382621
11.0625	1.06626889144968
11.0625	1.06626838864078
11.125	1.07238650662233
11.125	1.07238572623737
11.1875	1.07886295212238
11.1875	1.0788621178088
11.25	1.08570245144483
11.25	1.08570186016464
11.3125	1.09291099717181
11.3125	1.09291096548772
11.375	1.10049606401506
11.375	1.10049686782837
11.4375	1.10846603375766
11.4375	1.10846785153741
11.5	1.11682940106041
11.5	1.11683227029981
11.5625	1.12559387008774
11.5625	1.12559766654128
11.625	1.13476549083847
11.625	1.13476993834492
11.6875	1.14434800672099
11.6875	1.1443527200941
11.75	1.15434256771413
11.75	1.1543471220678
11.8125	1.16474789074357
11.8125	1.164751900827
11.875	1.17556083274159
11.875	1.17556402062925
11.9375	1.18677722485521
11.9375	1.18677945792059
12	1.19839274958938
12	1.19842610806465
12.0625	1.19860509658858
12.0625	1.19860475943781
12.125	1.19877967847269
12.125	1.19877956095469
12.1875	1.19894860054511
12.1875	1.19894809200809
12.25	1.19910909818865
12.25	1.19910831246861
12.3125	1.19925988176589
12.3125	1.19925895771013
12.375	1.1994003370697
12.375	1.19939936983784
12.4375	1.19953023472023
12.4375	1.19952927808535
12.5	1.19964954952063
12.5	1.19964862604585
12.5625	1.19975834531218
12.5625	1.1997574585262
12.625	1.19985671478988
12.625	1.19985585968057
12.6875	1.19994475575304
12.6875	1.19994392582797
12.75	1.20002256639596
12.75	1.2000217572224
12.8125	1.20009024763552
12.8125	1.20008945767102
12.875	1.20014790623466
12.875	1.20014713605814
12.9375	1.20019565689818
12.9375	1.20019490790614
13	1.20023362381642
13	1.20023289712184
13.0625	1.20026194251617
13.0625	1.20026123837753
13.125	1.20028076236059
13.125	1.20028008016407
13.1875	1.20029024942268
13.1875	1.20028958804948
13.25	1.20029058888392
13.25	1.20028994719192
13.3125	1.20028198582937
13.3125	1.20028136291985
13.375	1.20026466380281
13.375	1.20026405882015
13.4375	1.20023886161574
13.4375	1.2002382730559
13.5	1.20020483014837
13.5	1.20020425483885
13.5625	1.20016283162276
13.5625	1.20016226359392
13.625	1.20011314419796
13.625	1.2001125736913
13.6875	1.20005607455572
13.6875	1.20005548742811
13.75	1.19999197996362
13.75	1.19999135766007
13.8125	1.19992129887018
13.8125	1.19992061897574
13.875	1.19984458616454
13.875	1.19984382345483
13.9375	1.19976254677334
13.9375	1.19976167482768
14	1.19967605948155
14	1.1996750530984
14.0625	1.19958618165938
14.0625	1.19958502026431
14.125	1.19949412614683
14.125	1.19949279783805
14.1875	1.19940120567093
14.1875	1.19939971142015
14.25	1.19930874707966
14.25	1.19930710444566
14.3125	1.19921798444365
14.3125	1.19921622998778
14.375	1.19912994608702
14.375	1.19912813546804
14.4375	1.19904535384096
14.4375	1.1990435588855
14.5	1.19896455243816
14.5	1.19896285506288
14.5625	1.19888748181107
14.5625	1.19888596522441
14.625	1.19881369643732
14.625	1.19881243455803
14.6875	1.19874242663738
14.6875	1.19874147314915
14.75	1.19867266961972
14.75	1.19867204845672
14.8125	1.198603294146
14.8125	1.1986029932608
14.875	1.19853314277365
14.875	1.19853311271867
14.9375	1.19846111925033
14.9375	1.19846127752551
15	1.19838625440985
15	1.19838649564435
15.0625	1.19830774966071
15.0625	1.19830796058545
15.125	1.19822500123837
15.125	1.19822507828553
15.1875	1.19813761033998
15.1875	1.19813747684573
15.25	1.19804538456841
15.25	1.19804500427907
15.3125	1.19794833577008
15.3125	1.1979477198743
15.375	1.19784667920572
15.375	1.19784588540019
15.4375	1.19774083891274
15.4375	1.19773996276478
15.5	1.19763146302615
15.5	1.19763062356444
15.5625	1.19751944955689
15.5625	1.19751877210088
15.625	1.19740597730323
15.625	1.19740557673043
15.6875	1.1972925296726
15.6875	1.19729249666555
15.75	1.19718089378566
15.75	1.19718128549487
15.8125	1.19707311624295
15.8125	1.19707395169071
15.875	1.19697140220294
15.875	1.1969726619569
15.9375	1.1968779560945
15.9375	1.19687958542856
16	1.19679477818197
16	1.19679669304461
16.0625	1.19672344715155
16.0625	1.19672554247791
16.125	1.1966649294695
16.125	1.19666708940515
16.1875	1.19661945692226
16.1875	1.19662156625682
16.25	1.19658650277862
16.25	1.19658845841727
16.3125	1.19656486626489
16.3125	1.19656658717465
16.375	1.19655285012323
16.375	1.19655428418563
16.4375	1.19654849477731
16.4375	1.19654962140324
16.5	1.19654982134265
16.5	1.19655064944985
16.5625	1.19655503804603
16.5625	1.19655560013771
16.625	1.19656267870326
16.625	1.19656302266988
16.6875	1.19657166216453
16.6875	1.19657184236935
16.75	1.19658128046503
16.75	1.19658134974687
16.8125	1.19659113640495
16.8125	1.19659114013857
16.875	1.19660105685853
16.875	1.1966010295953
16.9375	1.19661100549963
16.9375	1.1966109700996
17	1.19662101113986
17	1.19662097988763
17.0625	1.19663111898821
17.0625	1.19663109596434
17.125	1.19664136443864
17.125	1.1966413484083
17.1875	1.19665176417437
17.1875	1.1966517513474
17.25	1.19666231759928
17.25	1.19666230381394
17.3125	1.19667301225644
17.3125	1.1966729943508
17.375	1.19668382906374
17.375	1.19668380542545
17.4375	1.19669474568145
17.4375	1.19669471616752
17.5	1.19670573806103
17.5	1.19670570356956
17.5625	1.19671678100781
17.5625	1.19671674297059
17.625	1.19672784857534
17.625	1.19672780855256
17.6875	1.19673891463203
17.6875	1.19673887405608
17.75	1.19674995353016
17.75	1.19674991356756
17.8125	1.19676094061596
17.8125	1.19676090208096
17.875	1.19677185240443
17.875	1.1967718157039
17.9375	1.19678266628081
17.9375	1.19678263142673
18	1.19679335974944
18	1.19679332638281
18.0625	1.1968039093753
18.0625	1.1968038767618
18.125	1.19681428958527
18.125	1.19681425666971
18.1875	1.19682447170312
18.1875	1.19682443727608
18.25	1.19683442379574
18.25	1.19683438666684
18.3125	1.19684411172498
18.3125	1.19684407088167
18.375	1.19685350120149
18.375	1.19685345599686
18.4375	1.19686256053705
18.4375	1.19686251084348
18.5	1.19687126345152
18.5	1.19687120972547
18.5625	1.19687959134781
18.5625	1.19687953457026
18.625	1.19688753474927
18.625	1.19688747625368
18.6875	1.1968950939303
18.6875	1.19689503520308
18.75	1.19690227887587
18.75	1.19690222142864
18.8125	1.19690910866937
18.8125	1.19690905396582
18.875	1.19691561027813
18.875	1.19691555968918
18.9375	1.19692181668422
18.9375	1.19692177148467
19	1.19692776447488
19	1.19692772583256
19.0625	1.19693349126669
19.0625	1.19693346015673
19.125	1.19693903316786
19.125	1.19693901026124
19.1875	1.19694442262462
19.1875	1.19694440819655
19.25	1.19694968693974
19.25	1.19694968083333
19.3125	1.19695484757596
19.3125	1.19695484924918
19.375	1.19695992019233
19.375	1.1969599288188
19.4375	1.19696491540651
19.4375	1.19696493000744
19.5	1.1969698401936
19.5	1.19696985978389
19.5625	1.19697469988167
19.5625	1.19697472359268
19.625	1.19697950042915
19.625	1.1969795275952
19.6875	1.19698425058062
19.6875	1.19698428077226
19.75	1.1969889634754
19.75	1.19698899647479
19.8125	1.1969936574099
19.8125	1.19699369314402
19.875	1.19699835559624
19.875	1.19699839405849
19.9375	1.19700308493759
19.9375	1.19700312611646
20	1.19700787399741
0	0.476754561023132
0.0625	0.476754549958311
0.0625	0.476754505788178
0.125	0.476753534366507
0.125	0.476753476936114
0.1875	0.476751530288315
0.1875	0.476751462484287
0.25	0.476748537870888
0.25	0.476748463104036
0.3125	0.476744570075266
0.3125	0.476744491741174
0.375	0.476739651341116
0.375	0.476739572484209
0.4375	0.47673381595683
0.4375	0.476733738993408
0.5	0.476727106537159
0.5	0.476727033358248
0.5625	0.476719572401059
0.5625	0.476719504415427
0.625	0.476711269206996
0.625	0.476711207298856
0.6875	0.476702258058471
0.6875	0.476702202819115
0.75	0.476692605046973
0.75	0.476692556755864
0.8125	0.476682380658722
0.8125	0.476682339360871
0.875	0.476671658530995
0.875	0.476671624247269
0.9375	0.476660514903113
0.9375	0.476660486779711
1	0.476649029608584
1	0.476649005554203
1.0625	0.476637285811911
1.0625	0.476637263895125
1.125	0.476625370937557
1.125	0.476625349942613
1.1875	0.476613378392528
1.1875	0.476613357979964
1.25	0.476601405364375
1.25	0.476601386487391
1.3125	0.476589549848486
1.3125	0.476589534467036
1.375	0.476577907006767
1.375	0.476577897449772
1.4375	0.47656656691161
1.4375	0.476566565221522
1.5	0.476555614897153
1.5	0.476555622464457
1.5625	0.476545134018361
1.5625	0.476545151541656
1.625	0.476535207501655
1.625	0.476535235092984
1.6875	0.476525918891072
1.6875	0.476525956119823
1.75	0.476517348905034
1.75	0.476517394720546
1.8125	0.476509569947743
1.8125	0.476509622601032
1.875	0.476502640521771
1.875	0.476502697653585
1.9375	0.476496601744519
1.9375	0.476496660691312
2	0.476491476986827
2	0.47649153520338
2.0625	0.476487274278417
2.0625	0.476487329719377
2.125	0.476483990327607
2.125	0.47648404167703
2.1875	0.476481614932178
2.1875	0.476481661657983
2.25	0.476480134902076
2.25	0.476480177176612
2.3125	0.476479537075287
2.3125	0.476479575641752
2.375	0.476479810392479
2.375	0.476479846413524
2.4375	0.476480947008818
2.4375	0.476480981906349
2.5	0.476482942500715
2.5	0.476482977802589
2.5625	0.476485795169871
2.5625	0.476485832318526
2.625	0.476489504171595
2.625	0.476489543947074
2.6875	0.476494066639676
2.6875	0.47649410918256
2.75	0.476499472337629
2.75	0.476499517789015
2.8125	0.476505698365276
2.8125	0.476505746005932
2.875	0.476512704437703
2.875	0.476512752173141
2.9375	0.476520425997147
2.9375	0.476520470915009
3	0.476528770527493
3	0.476528809201784
3.0625	0.476537615761225
3.0625	0.476537644678288
3.125	0.476546810838741
3.125	0.476546826893371
3.1875	0.476556180652009
3.1875	0.476556181626513
3.25	0.476565533088612
3.25	0.476565518016028
3.3125	0.476574668541566
3.3125	0.47657463790068
3.375	0.476583390720659
3.375	0.476583346428245
3.4375	0.476591517561385
3.4375	0.476591462767627
3.5	0.476598891053439
3.5	0.476598829781576
3.5625	0.476605384933182
3.5625	0.476605321610922
3.625	0.476610909408756
3.625	0.47661084834012
3.6875	0.47661541239112
3.6875	0.476615357225459
3.75	0.476618877094394
3.75	0.476618830368013
3.8125	0.476621316339258
3.8125	0.476621279159957
3.875	0.476622764331334
3.875	0.47662273625728
3.9375	0.476623267041917
3.9375	0.47662324619011
4	0.476622872540461
4	0.476622855921261
4.0625	0.476621622588527
4.0625	0.476621606613339
4.125	0.476619546516798
4.125	0.476619527604811
4.1875	0.476616657966267
4.1875	0.476616633145489
4.25	0.476612954453887
4.25	0.476612921829424
4.3125	0.476608419245844
4.3125	0.476608378248399
4.375	0.476603024959215
4.375	0.476602976322883
4.4375	0.476596738391544
4.4375	0.476596683862127
4.5	0.476589526228531
4.5	0.476589468119933
4.5625	0.47658136137441
4.5625	0.476581302163404
4.625	0.476572229299007
4.625	0.476572171425968
4.6875	0.476562133162818
4.6875	0.476562079068826
4.75	0.476551096049971
4.75	0.476551048349886
4.8125	0.476539159341683
4.8125	0.476539120897752
4.875	0.47652637719044
4.875	0.476526350074746
4.9375	0.476512809843841
4.9375	0.476512796877817
5	0.476498514105592
5	0.476498517868469
5.0625	0.476483546404731
5.0625	0.476483566549014
5.125	0.476467960512633
5.125	0.476467995227939
5.1875	0.476451812838156
5.1875	0.476451859888563
5.25	0.476435168351131
5.25	0.476435225687671
5.3125	0.476418104602491
5.3125	0.476418170701568
5.375	0.476400713086994
5.375	0.476400786980385
5.4375	0.476383097932104
5.4375	0.476383179075501
5.5	0.476365372803838
5.5	0.476365460936086
5.5625	0.47634765692435
5.5625	0.476347751982251
5.625	0.476330070884291
5.625	0.476330172955763
5.6875	0.476312732746689
5.6875	0.476312842020369
5.75	0.476295754851866
5.75	0.476295871538119
5.8125	0.476279241556803
5.8125	0.476279365764683
5.875	0.476263287875158
5.875	0.47626341944977
5.9375	0.476247978758189
5.9375	0.476248117111989
6	0.476233388618641
6	0.476233532596258
6.0625	0.47621958076479
6.0625	0.476219728585467
6.125	0.476206606709337
6.125	0.476206756029291
6.1875	0.476194505603303
6.1875	0.476194653706377
6.25	0.47618330416419
6.25	0.476183448249248
6.3125	0.476173017415699
6.3125	0.476173154919691
6.375	0.476163650348674
6.375	0.476163779229211
6.4375	0.476155200370385
6.4375	0.476155319286235
6.5	0.476147660253803
6.5	0.476147768620191
6.5625	0.476141021244942
6.5625	0.47614111917756
6.625	0.476135276015386
6.625	0.476135364198468
6.6875	0.476130421237528
6.6875	0.476130500758243
6.75	0.476126459641003
6.75	0.476126531822255
6.8125	0.476123401399776
6.8125	0.476123467639545
6.875	0.476121264607061
6.875	0.476121326210335
6.9375	0.476120074497082
6.9375	0.476120132478744
7	0.476119861060997
7	0.476119915909903
7.0625	0.476120654855213
7.0625	0.476120706278876
7.125	0.476122481123178
7.125	0.476122527823665
7.1875	0.476125352778795
7.1875	0.476125392327087
7.25	0.476129263222993
7.25	0.476129292095468
7.3125	0.476134180249624
7.3125	0.476134194065324
7.375	0.476140042310877
7.375	0.476140036264122
7.4375	0.476146758103462
7.4375	0.476146727535498
7.5	0.476154209868785
7.5	0.476154150882437
7.5625	0.47616226011245
7.5625	0.476162170119015
7.625	0.47617076080274
7.625	0.476170638904103
7.6875	0.476179563653907
7.6875	0.476179410798482
7.75	0.476188529939757
7.75	0.4761883488032
7.8125	0.47619753848128
7.8125	0.476197329758231
7.875	0.476206494126374
7.875	0.476206052597173
7.9375	0.476215526458707
7.9375	0.476208428129087
8	0.476230601191718
8	0.476225141453151
8.0625	0.476230299894143
8.0625	0.47623271212178
8.125	0.47623545373836
8.125	0.476237940156597
8.1875	0.476238578066382
8.1875	0.476240972525745
8.25	0.476239511683107
8.25	0.476241809968623
8.3125	0.476238252036742
8.3125	0.476240453581631
8.375	0.476234801837405
8.375	0.476236905843126
8.4375	0.476229164021368
8.4375	0.476231169486628
8.5	0.476221342059005
8.5	0.47622324792463
8.5625	0.476211341692434
8.5625	0.476213146971127
8.625	0.476199173500953
8.625	0.476200877326281
8.6875	0.476184855479478
8.6875	0.476186457126148
8.75	0.476168414852371
8.75	0.47616991378437
8.8125	0.476149888840182
8.8125	0.47615128477696
8.875	0.476129324608915
8.875	0.476130617655901
8.9375	0.476106779128547
8.9375	0.476107970030183
9	0.476082319916081
9	0.476083410374394
9.0625	0.476056027119855
9.0625	0.476057019991807
9.125	0.476027996282039
9.125	0.476028895383815
9.1875	0.475998340022221
9.1875	0.475999149295636
9.25	0.475967186810636
9.25	0.475967908812612
9.3125	0.47593467695068
9.3125	0.475935310965655
9.375	0.475900959856512
9.375	0.475901500197833
9.4375	0.475866201129614
9.4375	0.475866636175304
9.5	0.475830609908705
9.5	0.475830922035471
9.5625	0.475794493738227
9.5625	0.475794659662803
9.625	0.475758338720489
9.625	0.475758329206159
9.6875	0.475722899608904
9.6875	0.475722677724401
9.75	0.475689274558322
9.75	0.475688792910406
9.8125	0.475658939087571
9.8125	0.475658138278053
9.875	0.475633726524765
9.875	0.475632537853313
9.9375	0.475615764606442
9.9375	0.475614119544245
10	0.475607394861909
10	0.475605255012509
10.0625	0.475611089967194
10.0625	0.475608470458484
10.125	0.475629424185491
10.125	0.475626406817046
10.1875	0.475664986157268
10.1875	0.475661730060558
10.25	0.475720232412911
10.25	0.4757169564038
10.3125	0.475797187654277
10.3125	0.475794129950417
10.375	0.475896980617847
10.375	0.475894347323509
10.4375	0.47601929123726
10.4375	0.476017212562074
10.5	0.476161882172136
10.5	0.476160395369234
10.5625	0.476320439749421
10.5625	0.476319508750289
10.625	0.476488914239467
10.625	0.476488480702068
10.6875	0.47666041771975
10.6875	0.476660463050377
10.75	0.476828543453576
10.75	0.47682913337218
10.8125	0.47698878279976
10.8125	0.476990067071101
10.875	0.477139616584388
10.875	0.47714178530854
10.9375	0.477282878806334
10.9375	0.477286076766721
11	0.477423226273306
11	0.477427451300835
11.0625	0.477566730033267
11.0625	0.477571764207594
11.125	0.477718923303069
11.125	0.477724315785422
11.1875	0.477882754864408
11.1875	0.477887863783334
11.25	0.478056914053429
11.25	0.478060997759027
11.3125	0.478234900170818
11.3125	0.478237237713131
11.375	0.478405059761524
11.375	0.47840507919561
11.4375	0.478551653358241
11.4375	0.478549048897442
11.5	0.478656847266675
11.5	0.478651667018649
11.5625	0.478703348650455
11.5625	0.478696032928345
11.625	0.478677224730399
11.625	0.478668575545599
11.6875	0.478570321770913
11.6875	0.478561394192577
11.75	0.478381707693618
11.75	0.478373635644396
11.8125	0.478117759653567
11.8125	0.478111554999476
11.875	0.477790875810794
11.875	0.477787255665775
11.9375	0.477417182633621
11.9375	0.477416473848643
12	0.477013871643935
12	0.477021086267441
12.0625	0.476590657498991
12.0625	0.476598268281602
12.125	0.476174588740946
12.125	0.476177264560133
12.1875	0.475757807907307
12.1875	0.475761630261317
12.25	0.475352594997225
12.25	0.475357362677926
12.3125	0.474962536240022
12.3125	0.474967861978095
12.375	0.474588814858437
12.375	0.474594418586236
12.4375	0.474231300883034
12.4375	0.474237005678902
12.5	0.473889241353411
12.5	0.473894949917419
12.5625	0.473561729515409
12.5625	0.473567397204179
12.625	0.473247957354848
12.625	0.473253569314458
12.6875	0.47294729883415
12.6875	0.472952853981737
12.75	0.472659288099863
12.75	0.472664789499721
12.8125	0.472383552596853
12.8125	0.472389002427217
12.875	0.472119745090443
12.875	0.472125142408072
12.9375	0.471867499021675
12.9375	0.471872839122374
13	0.471626413898936
13	0.471631688633989
13.0625	0.471396064716651
13.0625	0.471401263421334
13.125	0.471176023027287
13.125	0.471181133782872
13.1875	0.47096587711936
13.1875	0.470970888033531
13.25	0.470765243220468
13.25	0.470770143382737
13.3125	0.470573766334074
13.3125	0.470578546154302
13.375	0.470391115598407
13.375	0.470395766335912
13.4375	0.470216982692774
13.4375	0.470221495058823
13.5	0.470051092016191
13.5	0.470055453790413
13.5625	0.469893228776104
13.5625	0.469897421422621
13.625	0.469743286923122
13.625	0.469747281336005
13.6875	0.469601334861083
13.6875	0.469605086761337
13.75	0.469467694626478
13.75	0.469471140669616
13.8125	0.469343029488174
13.8125	0.469346085606602
13.875	0.469228434203369
13.875	0.46923099797402
13.9375	0.469125520024911
13.9375	0.469127478615842
14	0.469036481952799
14	0.469037726297375
14.0625	0.468964128812973
14.0625	0.468964573154233
14.125	0.468911850803273
14.125	0.468911454310846
14.1875	0.468883497498303
14.1875	0.468882283636681
14.25	0.468883143803283
14.25	0.468881212728909
14.3125	0.468914740257236
14.3125	0.468912269542617
14.375	0.468981667930718
14.375	0.468978899530346
14.4375	0.469086248083178
14.4375	0.469083462436017
14.5	0.469229281793584
14.5	0.46922676319878
14.5625	0.469409707743666
14.5625	0.469407707478079
14.625	0.469624461463302
14.625	0.469623165800596
14.6875	0.469868595193723
14.6875	0.469868104356872
14.75	0.470135677524002
14.75	0.47013599909646
14.8125	0.470418443269445
14.8125	0.470419500450135
14.875	0.470709615598945
14.875	0.470711267731937
14.9375	0.471002783141534
14.9375	0.471004853848732
15	0.471293192578194
15	0.471295499879572
15.0625	0.471578318058876
15.0625	0.471580701034153
15.125	0.47185809554077
15.125	0.471860433094198
15.1875	0.472134761226862
15.1875	0.472136980057058
15.25	0.472412301538028
15.25	0.472414372260361
15.3125	0.472695594693111
15.3125	0.472697517061826
15.375	0.472989384893067
15.375	0.472991165100159
15.4375	0.4732972642368
15.4375	0.47329888908886
15.5	0.473620835704283
15.5	0.473622249697885
15.5625	0.47395919326911
15.5625	0.473960284766808
15.625	0.474308792519394
15.625	0.474309394036761
15.6875	0.474663713271341
15.6875	0.474663618280065
15.75	0.475016251452306
15.75	0.475015246479681
15.8125	0.475357733229936
15.8125	0.475355640112415
15.875	0.475679424644962
15.875	0.475676144496771
15.9375	0.475973412482733
15.9375	0.475968961222983
16	0.476233350219554
16	0.476227876105973
16.0625	0.476454989712142
16.0625	0.476448766550365
16.125	0.47663645051897
16.125	0.476629845648247
16.1875	0.476778212449192
16.1875	0.476771634933364
16.25	0.476882851768538
16.25	0.47687669167337
16.3125	0.476954575134968
16.3125	0.476949147527896
16.375	0.476998631959955
16.375	0.476994137952721
16.4375	0.477020698026636
16.4375	0.477017210326468
16.5	0.477026318289765
16.5	0.477023791922732
16.5625	0.477020475230022
16.5625	0.477018777953307
16.625	0.477007315001161
16.625	0.477006266981202
16.6875	0.476990032856732
16.6875	0.476989444996212
16.75	0.476970890395972
16.75	0.476970593979872
16.8125	0.476951327748687
16.8125	0.476951191333695
16.875	0.476932129969947
16.875	0.476932063856338
16.9375	0.476913612127476
16.9375	0.476913563671612
17	0.476895796173801
17	0.476895740374874
17.0625	0.476878561307746
17.0625	0.476878490649811
17.125	0.476861756987427
17.125	0.476861673109289
17.1875	0.476845274556599
17.1875	0.476845182736314
17.25	0.476829079769651
17.25	0.476828986029413
17.3125	0.476813213597363
17.3125	0.476813123535017
17.375	0.476797772057864
17.375	0.476797690484291
17.4375	0.476782877004443
17.4375	0.476782807801718
17.5	0.476768648103873
17.5	0.476768594055642
17.5625	0.47675518261725
17.5625	0.476755145256312
17.625	0.476742545424762
17.625	0.476742525043443
17.6875	0.476730768054501
17.6875	0.476730763938723
17.75	0.476719853469702
17.75	0.47671986432813
17.8125	0.476709783228603
17.8125	0.47670980765669
17.875	0.476700524756294
17.875	0.476700561771148
17.9375	0.476692037708507
17.9375	0.476692087065449
18	0.476684280414342
18	0.476684342536406
18.0625	0.476677216267148
18.0625	0.47667729202831
18.125	0.476670820436674
18.125	0.476670911072869
18.1875	0.476665085734674
18.1875	0.476665192506047
18.25	0.476660027178715
18.25	0.476660150815172
18.3125	0.476655682476083
18.3125	0.476655822879175
18.375	0.476652108671964
18.375	0.476652264690296
18.4375	0.476649374977275
18.4375	0.476649544336457
18.5	0.476647553116445
18.5	0.476647732520198
18.5625	0.476646707029784
18.5625	0.476646892414692
18.625	0.476646883694975
18.625	0.476647070580566
18.6875	0.476648106294919
18.6875	0.47664829023104
18.75	0.476650370076091
18.75	0.476650547087335
18.8125	0.476653640921303
18.8125	0.476653807675772
18.875	0.476657856098624
18.875	0.476658010122823
18.9375	0.476662926062175
18.9375	0.476663065917417
19	0.476668737953727
19	0.476668863122876
19.0625	0.476675159849862
19.0625	0.476675270639887
19.125	0.476682045987243
19.125	0.476682143420931
19.1875	0.476689242845122
19.1875	0.476689328520619
19.25	0.476696595628976
19.25	0.476696671541301
19.3125	0.476703954511004
19.3125	0.4767040228151
19.375	0.47671117985365
19.375	0.476711242561183
19.4375	0.47671814571648
19.4375	0.476718204359293
19.5	0.476724741268124
19.5	0.476724796590695
19.5625	0.476730870167929
19.5625	0.476730921924196
19.625	0.476736448416461
19.625	0.476736495335955
19.6875	0.476741401489694
19.6875	0.476741441439486
19.75	0.476745661641083
19.75	0.476745691966658
19.8125	0.476749166092392
19.8125	0.476749184081016
19.875	0.476751856513737
19.875	0.476751859892555
19.9375	0.4767536798134
19.9375	0.476753667182053
20	0.476754589913004
0	-0.219973081253997
0.0625	-0.219977999565914
0.0625	-0.219977999057455
0.125	-0.219982912322159
0.125	-0.21998291220869
0.1875	-0.219987817545077
0.1875	-0.219987817820537
0.25	-0.219992712089231
0.25	-0.219992712626472
0.3125	-0.219997593171404
0.3125	-0.21999759374788
0.375	-0.220002459108375
0.375	-0.220002459474192
0.4375	-0.220007309761284
0.4375	-0.220007309712798
0.5	-0.220012146519533
0.5	-0.220012145955222
0.5625	-0.220016971868098
0.5625	-0.220016970822692
0.625	-0.220021788716118
0.625	-0.220021787390917
0.6875	-0.220026599533452
0.6875	-0.22002659832332
0.75	-0.220031405282486
0.75	-0.220031404722024
0.8125	-0.220036204301819
0.8125	-0.220036204818166
0.875	-0.220040991853475
0.875	-0.220040993282274
0.9375	-0.220045761636222
0.9375	-0.220045762655781
1	-0.220050510486024
1	-0.220050508343646
1.0625	-0.220055246108287
1.0625	-0.220055237025472
1.125	-0.220059995262474
1.125	-0.220059975580272
1.1875	-0.220064807938461
1.1875	-0.220064775578175
1.25	-0.220069753622101
1.25	-0.220069709106415
1.3125	-0.220074909281798
1.3125	-0.220074855685049
1.375	-0.220080343253097
1.375	-0.220080285045187
1.4375	-0.22008610186516
1.4375	-0.220086043267608
1.5	-0.220092204406313
1.5	-0.220092148137905
1.5625	-0.220098647496728
1.5625	-0.220098594470287
1.625	-0.220105415128637
1.625	-0.220105365024488
1.6875	-0.220112488561777
1.6875	-0.220112440722922
1.75	-0.220119851861604
1.75	-0.220119805920719
1.8125	-0.220127492450664
1.8125	-0.22012744846697
1.875	-0.220135398869985
1.875	-0.220135357136057
1.9375	-0.220143558537065
1.9375	-0.22014351934275
2	-0.220151956897438
2	-0.220151920433445
2.0625	-0.220160577763744
2.0625	-0.220160544154043
2.125	-0.220169403951853
2.125	-0.220169373316696
2.1875	-0.220178417602756
2.1875	-0.22017839008504
2.25	-0.220187600159143
2.25	-0.220187575912622
2.3125	-0.220196932239885
2.3125	-0.220196911409212
2.375	-0.220206393600719
2.375	-0.220206376311111
2.4375	-0.22021596319911
2.4375	-0.22021594955564
2.5	-0.220225619307297
2.5	-0.220225609395937
2.5625	-0.220235339636174
2.5625	-0.220235333523364
2.625	-0.220245101464122
2.625	-0.220245099196668
2.6875	-0.220254881771759
2.6875	-0.220254883378154
2.75	-0.220264657373543
2.75	-0.220264662863714
2.8125	-0.220274405040971
2.8125	-0.220274414403425
2.875	-0.220284101620352
2.875	-0.220284114818598
2.9375	-0.220293724164737
2.9375	-0.220293741136969
3	-0.220303250078132
3	-0.220303270746667
3.0625	-0.220312657236914
3.0625	-0.220312681527412
3.125	-0.220321924029213
3.125	-0.220321951888763
3.1875	-0.220331029280299
3.1875	-0.220331060676534
3.25	-0.22033995211142
3.25	-0.220339987000089
3.3125	-0.220348671859577
3.3125	-0.220348710125659
3.375	-0.220357168214668
3.375	-0.220357209622339
3.4375	-0.220365421665546
3.4375	-0.220365465852541
3.5	-0.22037341420763
3.5	-0.220373460736399
3.5625	-0.220381130026851
3.5625	-0.220381178474498
3.625	-0.220388555825664
3.625	-0.220388605862865
3.6875	-0.220395680629482
3.6875	-0.220395732052636
3.75	-0.220402495187654
3.75	-0.220402547901464
3.8125	-0.22040899126314
3.8125	-0.220409045228389
3.875	-0.220415161088196
3.875	-0.220415216259565
3.9375	-0.220420997130036
3.9375	-0.220421053408384
4	-0.220426492184162
4	-0.220426549396021
4.0625	-0.220431639706108
4.0625	-0.220431697624225
4.125	-0.220436434194212
4.125	-0.220436492606292
4.1875	-0.220440871382687
4.1875	-0.220440930187867
4.25	-0.220444947987417
4.25	-0.220445007264751
4.3125	-0.22044866090315
4.3125	-0.220448720861173
4.375	-0.220452006167249
4.375	-0.220452066888041
4.4375	-0.220454978605311
4.4375	-0.220455039587891
4.5	-0.220457573465453
4.5	-0.220457633148204
4.5625	-0.220459790977596
4.5625	-0.220459846563004
4.625	-0.220461643352512
4.625	-0.220461691230413
4.6875	-0.220463161704238
4.6875	-0.220463198496539
4.75	-0.220464399062404
4.75	-0.220464422902821
4.8125	-0.220465426341681
4.8125	-0.220465437743016
4.875	-0.220466321138505
4.875	-0.220466322921499
4.9375	-0.22046715308105
4.9375	-0.220467149332527
5	-0.22046797172832
5	-0.220467966317163
5.0625	-0.220468801978741
5.0625	-0.220468797398153
5.125	-0.220469648055206
5.125	-0.220469645103526
5.1875	-0.220470502847306
5.1875	-0.220470501113319
5.25	-0.220471357377015
5.25	-0.220471356059777
5.3125	-0.220472206393812
5.3125	-0.220472204928851
5.375	-0.220473049247289
5.375	-0.220473047493004
5.4375	-0.220473887878962
5.4375	-0.220473885963279
5.5	-0.220474724499114
5.5	-0.220474722585721
5.5625	-0.220475560469745
5.5625	-0.220475558632708
5.625	-0.220476396415507
5.625	-0.220476394646601
5.6875	-0.220477232779224
5.6875	-0.220477231048713
5.75	-0.220478070151492
5.75	-0.220478068446888
5.8125	-0.22047890922692
5.8125	-0.22047890755243
5.875	-0.220479750602419
5.875	-0.220479748962735
5.9375	-0.22048059465296
5.9375	-0.220480593044939
6	-0.220481441552511
6	-0.220481439968676
6.0625	-0.22048229137277
6.0625	-0.220482289807836
6.125	-0.220483144171303
6.125	-0.220483142624764
6.1875	-0.220484000027782
6.1875	-0.220483998502365
6.25	-0.220484859032412
6.25	-0.220484857531398
6.3125	-0.220485721245382
6.3125	-0.220485719770603
6.375	-0.220486586644897
6.375	-0.220486585195582
6.4375	-0.220487455079341
6.4375	-0.220487453651769
6.5	-0.220488326241085
6.5	-0.220488324829139
6.5625	-0.220489199674494
6.5625	-0.220489198271184
6.625	-0.220490074817296
6.625	-0.220490073416709
6.6875	-0.220490951059504
6.6875	-0.220490949658204
6.75	-0.22049182779812
6.75	-0.220491826395328
6.8125	-0.220492704472426
6.8125	-0.220492703069222
6.875	-0.220493580577883
6.875	-0.220493579176096
6.9375	-0.220494455667118
6.9375	-0.220494454268611
7	-0.220495329348378
7	-0.220495327954894
7.0625	-0.220496201287223
7.0625	-0.220496199900485
7.125	-0.220497071211341
7.125	-0.220497069833153
7.1875	-0.220497938915441
7.1875	-0.220497937547636
7.25	-0.220498804264193
7.25	-0.220498802908382
7.3125	-0.220499667192763
7.3125	-0.220499665850163
7.375	-0.220500527705467
7.375	-0.22050052637672
7.4375	-0.220501385873743
7.4375	-0.220501384558851
7.5	-0.220502241833285
7.5	-0.22050224053187
7.5625	-0.22050309578109
7.5625	-0.220503094492434
7.625	-0.220503947972454
7.625	-0.220503946695585
7.6875	-0.220504798716568
7.6875	-0.220504797450424
7.75	-0.220505648371284
7.75	-0.220505647113607
7.8125	-0.220506497339305
7.8125	-0.220506495907454
7.875	-0.220507346243418
7.875	-0.220507327251597
7.9375	-0.220508212608674
7.9375	-0.220507134768449
8	-0.22051010437961
8	-0.220476670732044
8.0625	-0.20919071499187
8.0625	-0.209191548155994
8.125	-0.198297198365995
8.125	-0.198298046331314
8.1875	-0.187793510869515
8.1875	-0.187794351655142
8.25	-0.17767768241925
8.25	-0.177678513404497
8.3125	-0.167947648327359
8.3125	-0.16794846711108
8.375	-0.158601236964682
8.375	-0.158602041078841
8.4375	-0.149636176919011
8.4375	-0.149636963893713
8.5	-0.141050105666172
8.5	-0.141050873135165
8.5625	-0.132840579153085
8.5625	-0.132841324816046
8.625	-0.125005082437061
8.625	-0.12500580391296
8.6875	-0.117541042213397
8.6875	-0.117541737083834
8.75	-0.110445840913298
8.75	-0.110446506848821
8.8125	-0.103716831307434
8.8125	-0.103717466101533
8.875	-0.0973513516881377
8.875	-0.0973519532843761
8.9375	-0.0913467418764162
8.9375	-0.0913473084093237
9	-0.0857003598625709
9	-0.0857008896941409
9.0625	-0.0804095989088358
9.0625	-0.0804100906619227
9.125	-0.0754719049422618
9.125	-0.0754723575294469
9.1875	-0.0708847940346539
9.1875	-0.0708852066817887
9.25	-0.0666458697661244
9.25	-0.0666462420245175
9.3125	-0.0627528402892197
9.3125	-0.062753172059472
9.375	-0.0592035348935042
9.375	-0.0592038264392555
9.4375	-0.0559959199904306
9.4375	-0.05599617192996
9.5	-0.053128114266153
9.5	-0.0531283275731715
9.5625	-0.0505984028838274
9.5625	-0.0505985788847665
9.625	-0.04840525057497
9.625	-0.0484053909391614
9.6875	-0.0465473134665117
9.6875	-0.0465474201900463
9.75	-0.0450234495122069
9.75	-0.0450235248903966
9.8125	-0.0438327274104736
9.8125	-0.0438327739964098
9.875	-0.0429744338987391
9.875	-0.0429744542499824
9.9375	-0.0424480795474559
9.9375	-0.042448076484749
10	-0.0422534018878841
10	-0.0422533791834665
10.0625	-0.0423903678088458
10.0625	-0.0423903292696097
10.125	-0.0428591752682306
10.125	-0.0428591241496803
10.1875	-0.0436602503299506
10.1875	-0.0436601898812696
10.25	-0.0447942446252297
10.25	-0.0447941780847152
10.3125	-0.0462620304304771
10.3125	-0.046261960950297
10.375	-0.0480646938661483
10.375	-0.0480646244502542
10.4375	-0.050203526751012
10.4375	-0.050203460241774
10.5	-0.0526800170760365
10.5	-0.0526799561195602
10.5625	-0.0554958377735076
10.5625	-0.055495784780608
10.625	-0.0586528340292113
10.625	-0.0586527911360263
10.6875	-0.0621530095962302
10.6875	-0.0621529786191693
10.75	-0.0659985125623261
10.75	-0.0659984949887122
10.8125	-0.0701916208027652
10.8125	-0.0701916177833433
10.875	-0.074734726976024
10.875	-0.0747347393866411
10.9375	-0.0796303225356175
10.9375	-0.0796303513609324
11	-0.0848809807791065
11	-0.0848810269729516
11.0625	-0.0904893403082002
11.0625	-0.09048940442095
11.125	-0.0964580868540278
11.125	-0.0964581690939959
11.1875	-0.102789935405351
11.1875	-0.102790035612199
11.25	-0.10948761234757
11.25	-0.109487729932784
11.3125	-0.11655383831221
11.3125	-0.116553972208474
11.375	-0.123991312211803
11.375	-0.12399146091803
11.4375	-0.131802696565917
11.4375	-0.131802858267877
11.5	-0.139990604097224
11.5	-0.139990776791235
11.5625	-0.148557585623941
11.5625	-0.148557767228395
11.625	-0.157506119441728
11.625	-0.157506307897964
11.6875	-0.166838602191241
11.6875	-0.166838795544962
11.75	-0.176557341005197
11.75	-0.176557537447986
11.8125	-0.186664546692239
11.8125	-0.186664744558105
11.875	-0.197162327761046
11.875	-0.197162525489283
11.9375	-0.208052685147007
11.9375	-0.208052881655329
12	-0.219337507189198
12	-0.219372012856745
12.0625	-0.219373923972198
12.0625	-0.219375330343989
12.125	-0.219379887403654
12.125	-0.21937990563363
12.1875	-0.219384451878533
12.1875	-0.219384440814013
12.25	-0.21938892235352
12.25	-0.21938891129359
12.3125	-0.219393331032334
12.3125	-0.219393320540258
12.375	-0.219397682068443
12.375	-0.219397672238032
12.4375	-0.219401978976323
12.4375	-0.21940196978794
12.5	-0.219406225174075
12.5	-0.219406216520396
12.5625	-0.219410424375653
12.5625	-0.219410416145318
12.625	-0.219414580809367
12.625	-0.219414572937001
12.6875	-0.219418699029005
12.6875	-0.219418691475689
12.75	-0.219422783624558
12.75	-0.219422776363444
12.8125	-0.219426839098489
12.8125	-0.219426832133298
12.875	-0.219430869787055
12.875	-0.219430863169781
12.9375	-0.219434879657778
12.9375	-0.2194348734991
13	-0.219438871985217
13	-0.219438866443735
13.0625	-0.219442849008292
13.0625	-0.219442844230463
13.125	-0.219446811779956
13.125	-0.219446807808399
13.1875	-0.219450760506807
13.1875	-0.219450757221349
13.25	-0.219454695413544
13.25	-0.219454692565938
13.3125	-0.219458617696225
13.3125	-0.219458615013611
13.375	-0.219462530052249
13.375	-0.219462527328462
13.4375	-0.219466436591052
13.4375	-0.219466433732463
13.5	-0.219470342309804
13.5	-0.219470339348068
13.5625	-0.219474252384465
13.5625	-0.219474249445994
13.625	-0.219478171518572
13.625	-0.21947816874604
13.6875	-0.219482103586251
13.6875	-0.219482101077418
13.75	-0.219486051710802
13.75	-0.219486049541863
13.8125	-0.219490018515063
13.8125	-0.219490016807724
13.875	-0.219494006078908
13.875	-0.219494004983556
13.9375	-0.219498015646323
13.9375	-0.219498015227943
14	-0.219502047702104
14	-0.219502047877387
14.0625	-0.219506102667857
14.0625	-0.21950610327312
14.125	-0.219510181603677
14.125	-0.219510182485468
14.1875	-0.21951428639971
14.1875	-0.219514287444943
14.25	-0.219518419615853
14.25	-0.219518420779441
14.3125	-0.219522584210703
14.3125	-0.219522585563128
14.375	-0.219526783050145
14.375	-0.219526784764935
14.4375	-0.21953101823983
14.4375	-0.219531020495467
14.5	-0.219535290698906
14.5	-0.219535293597682
14.5625	-0.219539600256164
14.5625	-0.219539603823186
14.625	-0.219543946056817
14.625	-0.21954395027229
14.6875	-0.219548326891053
14.6875	-0.21954833168938
14.75	-0.219552741451493
14.75	-0.219552746706061
14.8125	-0.219557188622013
14.8125	-0.219557194163207
14.875	-0.219561667794571
14.875	-0.219561673445925
14.9375	-0.219566179058209
14.9375	-0.21956618467356
15	-0.219570723191715
15	-0.219570728682096
15.0625	-0.219575301511215
15.0625	-0.219575306852154
15.125	-0.219579915655616
15.125	-0.219579920884681
15.1875	-0.219584567380999
15.1875	-0.219584572599521
15.25	-0.219589258377209
15.25	-0.219589263755966
15.3125	-0.219593990031035
15.3125	-0.219593995802238
15.375	-0.21959876309393
15.375	-0.2195987695009
15.4375	-0.219603577365312
15.4375	-0.219603584573904
15.5	-0.219608431624033
15.5	-0.219608439634116
15.5625	-0.219613324005246
15.5625	-0.219613332617929
15.625	-0.219618252694627
15.625	-0.21961826156601
15.6875	-0.219623216564845
15.6875	-0.219623225311341
15.75	-0.219628215366136
15.75	-0.219628223660727
15.8125	-0.219633249358923
15.8125	-0.219633256984047
15.875	-0.219638318578474
15.875	-0.219638325426433
15.9375	-0.219643422087515
15.9375	-0.219643428119257
16	-0.219648557511302
16	-0.219648562713173
16.0625	-0.219653721001454
16.0625	-0.219653725377292
16.125	-0.219658907542929
16.125	-0.219658911140521
16.1875	-0.219664111343964
16.1875	-0.219664114268617
16.25	-0.219669326140037
16.25	-0.219669328512298
16.3125	-0.219674545531635
16.3125	-0.219674547416093
16.375	-0.219679763577132
16.375	-0.219679764945647
16.4375	-0.219684975612236
16.4375	-0.219684976374463
16.5	-0.219690178915921
16.5	-0.219690178986506
16.5625	-0.219695372914037
16.5625	-0.219695372268325
16.625	-0.219700558873898
16.625	-0.219700557582319
16.6875	-0.219705739248391
16.6875	-0.219705737477777
16.75	-0.21971091685628
16.75	-0.219710914830011
16.8125	-0.219716094099265
16.8125	-0.219716092031138
16.875	-0.219721272478282
16.875	-0.219721270517884
16.9375	-0.219726452507192
16.9375	-0.219726450732334
17	-0.219731633897171
17	-0.219731632331028
17.0625	-0.219736815835738
17.0625	-0.21973681445782
17.125	-0.219741997259021
17.125	-0.219741996016146
17.1875	-0.219747177132637
17.1875	-0.219747175954287
17.25	-0.219752354708506
17.25	-0.219752353526423
17.3125	-0.219757529648807
17.3125	-0.219757528416756
17.375	-0.219762701979393
17.375	-0.219762700679416
17.4375	-0.219767871932558
17.4375	-0.219767870569512
17.5	-0.219773039753715
17.5	-0.219773038354707
17.5625	-0.2197782055177
17.5625	-0.219778204141359
17.625	-0.219783368942197
17.625	-0.219783367690947
17.6875	-0.219788529163706
17.6875	-0.219788528174554
17.75	-0.219793684526345
17.75	-0.219793683926743
17.8125	-0.219798832510327
17.8125	-0.219798832353969
17.875	-0.219803969991172
17.875	-0.219803970205734
17.9375	-0.219809093865926
17.9375	-0.219809094256071
18	-0.219814201841366
18	-0.219814202155024
18.0625	-0.219819293031327
18.0625	-0.219819293052263
18.125	-0.219824368070304
18.125	-0.219824367687222
18.1875	-0.219829428713887
18.1875	-0.219829427939337
18.25	-0.219834477150883
18.25	-0.219834476087628
18.3125	-0.219839515363377
18.3125	-0.219839514148863
18.375	-0.219844544734667
18.375	-0.219844543505043
18.4375	-0.219849565941453
18.4375	-0.219849564824102
18.5	-0.219854578991776
18.5	-0.219854578107988
18.5625	-0.219859583269452
18.5625	-0.219859582717371
18.625	-0.219864577594154
18.625	-0.219864577403067
18.6875	-0.219869560451003
18.6875	-0.219869560543063
18.75	-0.219874530481007
18.75	-0.219874530673654
18.8125	-0.21987948712977
18.8125	-0.219879487190459
18.875	-0.219884431119088
18.875	-0.219884430849742
18.9375	-0.219889364522386
18.9375	-0.219889363824856
19	-0.219894290398539
19	-0.219894289298121
19.0625	-0.219899212131132
19.0625	-0.219899210752436
19.125	-0.219904132709282
19.125	-0.219904131218238
19.1875	-0.219909054209684
19.1875	-0.219909052752893
19.25	-0.219913977651813
19.25	-0.219913976318035
19.3125	-0.219918903189662
19.3125	-0.219918902011242
19.375	-0.21992383041833
19.375	-0.219923829384712
19.4375	-0.219928758667953
19.4375	-0.219928757739972
19.5	-0.219933687183302
19.5	-0.219933686311374
19.5625	-0.219938615283643
19.5625	-0.219938614417566
19.625	-0.219943542478868
19.625	-0.219943541578649
19.6875	-0.219948468526862
19.6875	-0.219948467570968
19.75	-0.219953393405001
19.75	-0.219953392391157
19.8125	-0.219958317218062
19.8125	-0.219958316160958
19.875	-0.219963240061009
19.875	-0.21996323899838
19.9375	-0.219968161844696
19.9375	-0.219968160849874
20	-0.219973082068891
0	0.074807498835375
0.0625	0.0748062516592931
0.0625	0.0748062429039665
0.125	0.0748050572670511
0.125	0.0748050448647409
0.1875	0.0748039493269541
0.1875	0.0748039357516894
0.25	0.0748029465504191
0.25	0.0748029339629881
0.3125	0.0748020509581792
0.3125	0.0748020362611888
0.375	0.0748012582747897
0.375	0.0748012272779427
0.4375	0.0748006036298548
0.4375	0.0748005348007071
0.5	0.0748002302210084
0.5	0.0748001218365866
0.5625	0.0748003925223894
0.5625	0.074800312675889
0.625	0.0748012397963527
0.625	0.0748013620367729
0.6875	0.0748022960951132
0.6875	0.0748028467579716
0.75	0.074801864731409
0.75	0.0748029204376191
0.8125	0.0747970441780788
0.8125	0.0747982177479228
0.875	0.0747852517129918
0.875	0.0747854589717844
0.9375	0.0747676045786869
0.9375	0.0747651884249892
1	0.0747531005150364
1	0.0747464626152738
1.0625	0.0747610113188398
1.0625	0.07474955954545
1.125	0.0748186322718788
1.125	0.0748035048403705
1.1875	0.074953479841283
1.1875	0.0749374712358858
1.25	0.0751825626392149
1.25	0.0751690963184254
1.3125	0.0755041402451672
1.3125	0.0754957789248448
1.375	0.0758969803392699
1.375	0.0758943477844107
1.4375	0.0763281401352547
1.4375	0.0763299015453231
1.5	0.0767652074930712
1.5	0.0767690507175671
1.5625	0.0771863880065887
1.5625	0.0771903035518577
1.625	0.0775836756520536
1.625	0.0775867386280687
1.6875	0.0779590688867956
1.6875	0.0779613992397894
1.75	0.0783177888232085
1.75	0.0783199705117429
1.8125	0.0786630814513083
1.8125	0.0786655830868662
1.875	0.0789947365137897
1.875	0.0789976854943772
1.9375	0.0793104267487715
1.9375	0.0793137172358381
2	0.0796076328952427
2	0.0796111309867818
2.0625	0.079884606244563
2.0625	0.0798882590887996
2.125	0.0801402496308637
2.125	0.0801440709539715
2.1875	0.0803736214166151
2.1875	0.0803776328442816
2.25	0.0805836586308813
2.25	0.0805878576288328
2.3125	0.0807692145350058
2.3125	0.0807735793430673
2.375	0.0809292043376918
2.375	0.0809337101690262
2.4375	0.0810626855111085
2.4375	0.081067311826873
2.5	0.0811688554635732
2.5	0.0811735836674902
2.5625	0.0812470284751628
2.5625	0.0812518379861202
2.625	0.0812966330672953
2.625	0.0813015001902836
2.6875	0.0813172276367584
2.6875	0.0813221264581646
2.75	0.0813085177571129
2.75	0.0813134211775597
2.8125	0.0812703673101428
2.8125	0.0812752476617565
2.875	0.0812028045077801
2.875	0.0812076340256843
2.9375	0.0811060247291683
2.9375	0.0811107760709685
3	0.0809803902943691
3	0.0809850370073383
3.0625	0.0808264270536201
3.0625	0.0808309439094975
3.125	0.0806448183408622
3.125	0.0806491816086359
3.1875	0.0804363969603352
3.1875	0.0804405846961005
3.25	0.0802021353874858
3.25	0.0802061277396837
3.3125	0.0799431340715114
3.3125	0.0799469135480997
3.375	0.0796606078875077
3.375	0.0796641595344371
3.4375	0.0793558711327356
3.4375	0.0793591826066945
3.5	0.0790303217198082
3.5	0.0790333833094006
3.5625	0.0786854251907933
3.5625	0.0786882299482816
3.625	0.078322698609607
3.625	0.0783252427687793
3.6875	0.0779436932422274
3.6875	0.0779459767370924
3.75	0.0775499743305413
3.75	0.077552000383881
3.8125	0.0771430989618478
3.8125	0.0771448710901076
3.875	0.0767246010855132
3.875	0.0767261172459035
3.9375	0.0762960014733892
3.9375	0.0762972499226638
4	0.0758588537886898
4	0.0758598214097035
4.0625	0.0754147965679776
4.0625	0.075415499890805
4.125	0.074965510586139
4.125	0.0749660424285362
4.1875	0.0745124448097275
4.1875	0.0745129959063651
4.25	0.0740562816050183
4.25	0.074057070635615
4.3125	0.0735964247059209
4.3125	0.0735974933774744
4.375	0.0731311820938419
4.375	0.0731321084137889
4.4375	0.0726594123655323
4.4375	0.0726591254440482
4.5	0.0721838082188129
4.5	0.0721807423955753
4.5625	0.071714703890544
4.5625	0.0717074009377526
4.625	0.0712720243336037
4.625	0.0712599914701828
4.6875	0.0708829076401942
4.6875	0.0708672522032173
4.75	0.070574354349864
4.75	0.0705577014481337
4.8125	0.0703633524748318
4.8125	0.070348918240698
4.875	0.0702493050370914
4.875	0.0702395500218864
4.9375	0.0702132118799174
4.9375	0.0702088341085424
5	0.0702246136050707
5	0.0702244663717252
5.0625	0.0702528412451462
5.0625	0.0702547688597703
5.125	0.0702767090308914
5.125	0.0702787189444797
5.1875	0.070288143349825
5.1875	0.0702891988713397
5.25	0.070289272942512
5.25	0.0702893564256502
5.3125	0.0702862288152621
5.3125	0.0702858580670306
5.375	0.0702838740597846
5.375	0.0702835410753791
5.4375	0.0702838148228752
5.4375	0.0702837076660875
5.5	0.0702852911651006
5.5	0.0702853427775672
5.5625	0.0702870127784908
5.5625	0.0702870888730902
5.625	0.07028831124857
5.625	0.0702883413420438
5.6875	0.0702892213266429
5.6875	0.0702892114703991
5.75	0.0702900268756137
5.75	0.0702900092041317
5.8125	0.070290897559004
5.8125	0.0702908897694154
5.875	0.0702918310525049
5.875	0.0702918314048319
5.9375	0.0702927635750969
5.9375	0.0702927645441956
6	0.0702936602922377
6	0.0702936585476501
6.0625	0.0702945249473735
6.0625	0.070294521523662
6.125	0.0702953711332251
6.125	0.0702953677121693
6.1875	0.070296203937208
6.1875	0.0702962009506186
6.25	0.0702970213433764
6.25	0.0702970184426792
6.3125	0.0702978213603051
6.3125	0.0702978182974874
6.375	0.070298604620285
6.375	0.0702986014461791
6.4375	0.0702993729729443
6.4375	0.0702993698096968
6.5	0.0703001279954999
6.5	0.07030012488392
6.5625	0.0703008708267636
6.5625	0.0703008677478709
6.625	0.0703016025151759
6.625	0.0703015994472231
6.6875	0.0703023241227626
6.6875	0.0703023210530757
6.75	0.070303036603837
6.75	0.0703030335163183
6.8125	0.0703037407132657
6.8125	0.0703037375841618
6.875	0.0703044370143214
6.875	0.0703044338185849
6.9375	0.0703051259272952
6.9375	0.070305122645896
7	0.0703058077855393
7	0.0703058044105747
7.0625	0.070306482911696
7.0625	0.0703064794510488
7.125	0.0703071517257183
7.125	0.0703071482075855
7.1875	0.0703078148751857
7.1875	0.0703078113506968
7.25	0.0703084733668948
7.25	0.0703084699091517
7.3125	0.0703091286767995
7.3125	0.0703091253758539
7.375	0.0703097828163281
7.375	0.0703097797705679
7.4375	0.0703104383371484
7.4375	0.0703104356423279
7.5	0.0703110982655614
7.5	0.0703110960033273
7.5625	0.0703117659705425
7.5625	0.0703117641985385
7.625	0.0703124449818682
7.625	0.0703124437273002
7.6875	0.0703131387833904
7.6875	0.0703131380411739
7.75	0.0703138506097316
7.75	0.0703138503447066
7.8125	0.0703145832725819
7.8125	0.0703145833621916
7.875	0.0703153390956599
7.875	0.0703153351509953
7.9375	0.0703161238567361
7.9375	0.070315953624341
8	0.070317090857378
8	0.070314080856783
8.0625	0.0696467739194112
8.0625	0.069645912932923
8.125	0.0690072090580632
8.125	0.0690063780847597
8.1875	0.068395991162211
8.1875	0.0683951905021242
8.25	0.0678128385076834
8.25	0.0678120649098884
8.3125	0.067257476283824
8.3125	0.0672567279390333
8.375	0.0667296424807362
8.375	0.0667289205074306
8.4375	0.0662290742799854
8.4375	0.0662283807749942
8.5	0.0657554948206901
8.5	0.0657548320725967
8.5625	0.065308610239097
8.5625	0.0653079805442435
8.625	0.0648881088660086
8.625	0.0648875132181892
8.6875	0.0644936641070656
8.6875	0.0644931012023951
8.75	0.0641249456786533
8.75	0.0641244129475052
8.8125	0.0637816329751704
8.8125	0.0637811287020008
8.875	0.0634634188587298
8.875	0.0634629427406407
8.9375	0.0631700032204955
8.9375	0.0631695553129015
9	0.0629010874127411
9	0.0629006675210096
9.0625	0.06265637470928
9.0625	0.062655982589749
9.125	0.0624355723361091
9.125	0.0624352078291762
9.1875	0.0622383922295625
9.1875	0.0622380551993296
9.25	0.0620645516467431
9.25	0.0620642419596
9.3125	0.061913774285686
9.3125	0.0619134918131298
9.375	0.0617857916204626
9.375	0.0617855362075654
9.4375	0.061680344297208
9.4375	0.0616801156946118
9.5	0.0615971835222465
9.5	0.061596981342293
9.5625	0.0615360722971286
9.5625	0.0615358961187652
9.625	0.0614967860252206
9.625	0.0614966356598192
9.6875	0.0614791117549143
9.6875	0.0614789874071121
9.75	0.0614828462051106
9.75	0.061482748224308
9.8125	0.0615077947096473
9.8125	0.061507723068253
9.875	0.0615537738802418
9.875	0.0615537279058663
9.9375	0.0616206180355108
9.9375	0.0616205966646587
10	0.0617081853484135
10	0.0617081876423273
10.0625	0.0618163590517096
10.0625	0.0618163843671462
10.125	0.0619450431664121
10.125	0.0619450908644878
10.1875	0.0620941556548737
10.1875	0.0620942250519762
10.25	0.0622636221079991
10.25	0.0622637131989838
10.3125	0.0624533714392235
10.3125	0.0624534860792414
10.375	0.0626633330349144
10.375	0.0626634757437975
10.4375	0.0628934350843737
10.4375	0.0628936126050556
10.5	0.0631436051290452
10.5	0.0631438246362837
10.5625	0.0634137739698089
10.5625	0.0634140408292838
10.625	0.0637038810411364
10.625	0.0637041972270804
10.6875	0.0640138753487853
10.6875	0.0640142388995003
10.75	0.0643437065856766
10.75	0.0643441118100913
10.8125	0.0646933079442318
10.8125	0.0646937461500948
10.875	0.065062580026084
10.875	0.0650630410417994
10.9375	0.0654513868248336
10.9375	0.0654518614575067
11	0.0658595698725083
11	0.0658600524922315
11.0625	0.0662869792643179
11.0625	0.0662874696919472
11.125	0.0667335137433334
11.125	0.0667340181880628
11.1875	0.067199159394896
11.1875	0.0671996903176825
11.25	0.0676840151703256
11.25	0.0676845899265539
11.3125	0.0681882962300322
11.3125	0.0681889342849205
11.375	0.0687123128363967
11.375	0.0687130318482105
11.4375	0.0692564296367784
11.4375	0.0692572414238236
11.5	0.0698210133009833
11.5	0.0698219208453725
11.5625	0.0704063759870383
11.5625	0.0704073721448478
11.625	0.07101272216052
11.625	0.0710137903021841
11.6875	0.0716401082333788
11.6875	0.0716412248453422
11.75	0.0722884248943231
11.75	0.0722895638198658
11.8125	0.0729574077072217
11.8125	0.0729585450787968
11.875	0.0736466737138739
11.875	0.073647792209067
11.9375	0.0743557742375963
11.9375	0.0743568655037189
12	0.0750842500766806
12	0.075086332349301
12.0625	0.0750954097813019
12.0625	0.075095378887485
12.125	0.075104262295104
12.125	0.0751042515902661
12.1875	0.0751128062841554
12.1875	0.0751127776415206
12.25	0.0751208312110821
12.25	0.0751207878976561
12.3125	0.0751282264282254
12.3125	0.0751281733921105
12.375	0.0751349482952994
12.375	0.0751348910348999
12.4375	0.075140991591031
12.4375	0.0751409337735532
12.5	0.075146363598902
12.5	0.0751463072493061
12.5625	0.0751510750362533
12.5625	0.0751510221908021
12.625	0.0751551321333632
12.625	0.0751550849240147
12.6875	0.0751585286032264
12.6875	0.0751584882776482
12.75	0.075161244299002
12.75	0.0751612100133853
12.8125	0.0751632533704892
12.8125	0.0751632219715705
12.875	0.0751645391463759
12.875	0.0751645064203927
12.9375	0.0751651071693758
12.9375	0.0751650697365805
13	0.0751649883836618
13	0.0751649450010976
13.0625	0.0751642312227952
13.0625	0.0751641829142991
13.125	0.0751628879379984
13.125	0.0751628372082412
13.1875	0.0751610021253535
13.1875	0.0751609517728241
13.25	0.0751586020295335
13.25	0.0751585540150224
13.3125	0.0751557011560928
13.3125	0.0751556560164031
13.375	0.075152304828982
13.375	0.0751522619496889
13.4375	0.0751484184571093
13.4375	0.0751483769025385
13.5	0.0751440525617745
13.5	0.0751440117106255
13.5625	0.0751392227322123
13.5625	0.0751391822866857
13.625	0.0751339469691825
13.625	0.0751339065791587
13.6875	0.075128244059562
13.6875	0.0751282029495199
13.75	0.0751221345367462
13.75	0.0751220911258529
13.8125	0.075115644194452
13.8125	0.0751155956754834
13.875	0.0751088104869601
13.875	0.0751087529708241
13.9375	0.0751016909351773
13.9375	0.0751016209167216
14	0.0750943679251755
14	0.0750942845879142
14.0625	0.0750869417639823
14.0625	0.0750868482666954
14.125	0.0750795102821208
14.125	0.0750794125815203
14.1875	0.0750721449059381
14.1875	0.07507204873124
14.25	0.075064878117712
14.25	0.0750647863123461
14.3125	0.0750577097019913
14.3125	0.0750576218061146
14.375	0.0750506256953775
14.375	0.0750505397175428
14.4375	0.075043616175863
14.4375	0.075043530817347
14.5	0.0750366820929868
14.5	0.075036597894603
14.5625	0.0750298318160333
14.5625	0.0750297512710116
14.625	0.075023073545809
14.625	0.0750230008750195
14.6875	0.0750164068901826
14.6875	0.0750163472439671
14.75	0.0750098143472009
14.75	0.0750097717830709
14.8125	0.0750032569404998
14.8125	0.075003231908536
14.875	0.0749966805332294
14.875	0.074996668835235
14.9375	0.0749900324282288
14.9375	0.0749900266187354
15	0.0749832779478816
15	0.0749832700743518
15.0625	0.074976405994174
15.0625	0.0749763899227825
15.125	0.074969421645945
15.125	0.0749693941816527
15.1875	0.0749623323094452
15.1875	0.0749622932602044
15.25	0.0749551355133296
15.25	0.0749550870617137
15.3125	0.0749478136907314
15.3125	0.0749477594519099
15.375	0.0749403379302813
15.375	0.0749402821414942
15.4375	0.0749326793144876
15.4375	0.0749326264347524
15.5	0.0749248235627449
15.5	0.0749247781721241
15.5625	0.0749167839374934
15.5625	0.0749167506152224
15.625	0.0749086091634473
15.625	0.0749085921783476
15.6875	0.0749003855925444
15.6875	0.0749003884990153
15.75	0.0748922340492978
15.75	0.0748922593184817
15.8125	0.0748843017704742
15.8125	0.0748843504178889
15.875	0.0748767501285521
15.875	0.0748768212690919
15.9375	0.0748697400123406
15.9375	0.0748698305516191
16	0.0748634174282602
16	0.074863522338293
16.0625	0.0748579006614553
16.0625	0.0748580140182356
16.125	0.0748532683448754
16.125	0.0748533846436215
16.1875	0.0748495479371193
16.1875	0.0748496628499415
16.25	0.0748467072045616
16.25	0.0748468173654885
16.3125	0.074844654190476
16.3125	0.0748447564228059
16.375	0.0748432498884401
16.375	0.0748433407441175
16.4375	0.0748423321580266
16.4375	0.0748424083277959
16.5	0.0748417432657001
16.5	0.0748418026656325
16.5625	0.0748413513911662
16.5625	0.0748413942016748
16.625	0.0748410598047606
16.625	0.0748410887902835
16.6875	0.0748408035967988
16.6875	0.074840823482353
16.75	0.0748405388234235
16.75	0.0748405549727962
16.8125	0.0748402306245542
16.8125	0.0748402474601019
16.875	0.0748398457969947
16.875	0.0748398654529497
16.9375	0.074839352725408
16.9375	0.0748393744437335
17	0.0748387281839657
17	0.0748387487982983
17.0625	0.0748379669986605
17.0625	0.0748379823880217
17.125	0.0748370886204204
17.125	0.0748370955047751
17.1875	0.0748361359299615
17.1875	0.0748361332121549
17.25	0.0748351655527941
17.25	0.0748351546671318
17.3125	0.0748342331934524
17.3125	0.0748342173718234
17.375	0.0748333798516576
17.375	0.0748333626708589
17.4375	0.0748326244738428
17.4375	0.0748326083942282
17.5	0.0748319657415342
17.5	0.0748319513899199
17.5625	0.0748313912644982
17.5625	0.0748313777899025
17.625	0.074830888682725
17.625	0.0748308748313299
17.6875	0.0748304526759062
17.6875	0.0748304378249452
17.75	0.0748300851200629
17.75	0.0748300696963185
17.8125	0.0748297900645706
17.8125	0.0748297752936677
17.875	0.0748295675923936
17.875	0.074829554890368
17.9375	0.0748294100283549
17.9375	0.0748294003800047
18	0.0748293019209632
18	0.074829295482257
18.0625	0.0748292233879868
18.0625	0.0748292194816449
18.125	0.0748291551127734
18.125	0.0748291526690215
18.1875	0.074829082439981
18.1875	0.0748290806654213
18.25	0.0748289962565002
18.25	0.0748289950826762
18.3125	0.074828890222034
18.3125	0.0748288901985235
18.375	0.0748287565065059
18.375	0.0748287582370821
18.4375	0.0748285833829815
18.4375	0.0748285869755872
18.5	0.0748283565075373
18.5	0.0748283614788741
18.5625	0.0748280627055215
18.5625	0.0748280683741427
18.625	0.0748276931765327
18.625	0.0748276991767231
18.6875	0.0748272437785516
18.6875	0.0748272502744896
18.75	0.0748267125846049
18.75	0.0748267200496723
18.8125	0.0748260969721388
18.8125	0.074826105720458
18.875	0.0748253926048364
18.875	0.0748254023698778
18.9375	0.0748245951872557
18.9375	0.0748246049314985
19	0.0748237042807839
19	0.0748237122787246
19.0625	0.0748227277054798
19.0625	0.074822731905315
19.125	0.074821684881937
19.125	0.0748216835511143
19.1875	0.0748206073967163
19.1875	0.0748205999374321
19.25	0.0748195352301217
19.25	0.0748195228391319
19.3125	0.0748185082100478
19.3125	0.0748184939564918
19.375	0.0748175545394923
19.375	0.0748175426217963
19.4375	0.0748166805832072
19.4375	0.0748166749569505
19.5	0.0748158666941818
19.5	0.0748158696577682
19.5625	0.0748150717932812
19.5625	0.0748150831908803
19.625	0.0748142455193907
19.625	0.0748142629081023
19.6875	0.074813343276842
19.6875	0.0748133629072037
19.75	0.0748123384282601
19.75	0.074812356521449
19.8125	0.0748112276646497
19.8125	0.0748112414210478
19.875	0.0748100289495701
19.875	0.0748100369449739
19.9375	0.0748087744846118
19.9375	0.0748087764423011
20	0.0748075025743118
0	1.17138932953201e-06
0.0625	1.17138932953201e-06
0.0625	1.23625914056167e-06
0.125	1.23625914056167e-06
0.125	1.2900020750748e-06
0.1875	1.2900020750748e-06
0.1875	1.32612535915174e-06
0.25	1.32612535915174e-06
0.25	1.33983849500574e-06
0.3125	1.33983849500574e-06
0.3125	1.3290996921876e-06
0.375	1.3290996921876e-06
0.375	1.29424836961106e-06
0.4375	1.29424836961106e-06
0.4375	1.237358709093e-06
0.5	1.237358709093e-06
0.5	1.16225646140096e-06
0.5625	1.16225646140096e-06
0.5625	1.07539482727879e-06
0.625	1.07539482727879e-06
0.625	9.84449105649734e-07
0.6875	9.84449105649734e-07
0.6875	8.97084787984524e-07
0.75	8.97084787984524e-07
0.75	8.18167782468129e-07
0.8125	8.18167782468129e-07
0.8125	7.44031464071945e-07
0.875	7.44031464071945e-07
0.875	6.5874228697866e-07
0.9375	6.5874228697866e-07
0.9375	5.31474532427984e-07
1	5.31474532427984e-07
1	3.17541923415823e-07
1.0625	3.17541923415823e-07
1.0625	1.86823732127063e-08
1.125	1.86823732127063e-08
1.125	4.70249827937999e-07
1.1875	4.70249827937999e-07
1.1875	9.83711947117487e-07
1.25	9.83711947117487e-07
1.25	1.47627781853846e-06
1.3125	1.47627781853846e-06
1.3125	1.868428149987e-06
1.375	1.868428149987e-06
1.375	2.11875364537237e-06
1.4375	2.11875364537237e-06
1.4375	2.23863460917164e-06
1.5	2.23863460917164e-06
1.5	2.27848738852838e-06
1.5625	2.27848738852838e-06
1.5625	2.29619157545749e-06
1.625	2.29619157545749e-06
1.625	2.32833075667056e-06
1.6875	2.32833075667056e-06
1.6875	2.37999482529095e-06
1.75	2.37999482529095e-06
1.75	2.43435095334034e-06
1.8125	2.43435095334034e-06
1.8125	2.47004300408314e-06
1.875	2.47004300408314e-06
1.875	2.47373857835456e-06
1.9375	2.47373857835456e-06
1.9375	2.44296837977155e-06
2	2.44296837977155e-06
2	2.38205561381196e-06
2.0625	2.38205561381196e-06
2.0625	2.29727980855709e-06
2.125	2.29727980855709e-06
2.125	2.1945552838609e-06
2.1875	2.1945552838609e-06
2.1875	2.07921296708762e-06
2.25	2.07921296708762e-06
2.25	1.9561460642536e-06
2.3125	1.9561460642536e-06
2.3125	1.82965208930928e-06
2.375	1.82965208930928e-06
2.375	1.70300137410026e-06
2.4375	1.70300137410026e-06
2.4375	1.57811006441402e-06
2.5	1.57811006441402e-06
2.5	1.45564915227801e-06
2.5625	1.45564915227801e-06
2.5625	1.33481627674292e-06
2.625	1.33481627674292e-06
2.625	1.21538491834257e-06
2.6875	1.21538491834257e-06
2.6875	1.09833214352664e-06
2.75	1.09833214352664e-06
2.75	9.7940121422708e-07
2.8125	9.7940121422708e-07
2.8125	8.44281816466902e-07
2.875	8.44281816466902e-07
2.875	6.81325263364388e-07
2.9375	6.81325263364388e-07
2.9375	4.83689854150709e-07
3	4.83689854150709e-07
3	2.46868572486446e-07
3.0625	2.46868572486446e-07
3.0625	3.02654748281691e-08
3.125	3.02654748281691e-08
3.125	3.44745617465586e-07
3.1875	3.44745617465586e-07
3.1875	6.88954872015447e-07
3.25	6.88954872015447e-07
3.25	1.05035097969251e-06
3.3125	1.05035097969251e-06
3.3125	1.41207281482737e-06
3.375	1.41207281482737e-06
3.375	1.75483425837969e-06
3.4375	1.75483425837969e-06
3.4375	2.05984707749211e-06
3.5	2.05984707749211e-06
3.5	2.3119871340994e-06
3.5625	2.3119871340994e-06
3.5625	2.50219609812516e-06
3.625	2.50219609812516e-06
3.625	2.62826665326079e-06
3.6875	2.62826665326079e-06
3.6875	2.69428901257907e-06
3.75	2.69428901257907e-06
3.75	2.70937156015906e-06
3.8125	2.70937156015906e-06
3.8125	2.68596168417335e-06
3.875	2.68596168417335e-06
3.875	2.63814549984412e-06
3.9375	2.63814549984412e-06
3.9375	2.58007405016683e-06
4	2.58007405016683e-06
4	2.52448354924252e-06
4.0625	2.52448354924252e-06
4.0625	2.48180099891466e-06
4.125	2.48180099891466e-06
4.125	2.45996854268968e-06
4.1875	2.45996854268968e-06
4.1875	2.46455449698194e-06
4.25	2.46455449698194e-06
4.25	2.49837476426003e-06
4.3125	2.49837476426003e-06
4.3125	2.55927160956605e-06
4.375	2.55927160956605e-06
4.375	2.63588277370972e-06
4.4375	2.63588277370972e-06
4.4375	2.70374067936493e-06
4.5	2.70374067936493e-06
4.5	2.72598366304698e-06
4.5625	2.72598366304698e-06
4.5625	2.66234601427105e-06
4.625	2.66234601427105e-06
4.625	2.48569986176355e-06
4.6875	2.48569986176355e-06
4.6875	2.19902697904553e-06
4.75	2.19902697904553e-06
4.75	1.84158963615113e-06
4.8125	1.84158963615113e-06
4.8125	1.47757645780449e-06
4.875	1.47757645780449e-06
4.875	1.16564745397482e-06
4.9375	1.16564745397482e-06
4.9375	9.38921053267883e-07
5	9.38921053267883e-07
5	8.05902761967515e-07
5.0625	8.05902761967515e-07
5.0625	7.41486740077686e-07
5.125	7.41486740077686e-07
5.125	6.9382000586995e-07
5.1875	6.9382000586995e-07
5.1875	6.22787410149216e-07
5.25	6.22787410149216e-07
5.25	5.13866377068728e-07
5.3125	5.13866377068728e-07
5.3125	3.73387197916838e-07
5.375	3.73387197916838e-07
5.375	2.15381253310133e-07
5.4375	2.15381253310133e-07
5.4375	5.10517998812257e-08
5.5	5.10517998812257e-08
5.5	1.14137631870581e-07
5.5625	1.14137631870581e-07
5.5625	2.77857880212831e-07
5.625	2.77857880212831e-07
5.625	4.37734267764294e-07
5.6875	4.37734267764294e-07
5.6875	5.90520845883144e-07
5.75	5.90520845883144e-07
5.75	7.33211777383622e-07
5.8125	7.33211777383622e-07
5.8125	8.64219508115761e-07
5.875	8.64219508115761e-07
5.875	9.83364683277143e-07
5.9375	9.83364683277143e-07
5.9375	1.09082515696391e-06
6	1.09082515696391e-06
6	1.18608964926025e-06
6.0625	1.18608964926025e-06
6.0625	1.26764930810417e-06
6.125	1.26764930810417e-06
6.125	1.33341205885739e-06
6.1875	1.33341205885739e-06
6.1875	1.38151576602651e-06
6.25	1.38151576602651e-06
6.25	1.41114713924562e-06
6.3125	1.41114713924562e-06
6.3125	1.42307923342017e-06
6.375	1.42307923342017e-06
6.375	1.41981999047332e-06
6.4375	1.41981999047332e-06
6.4375	1.40535708953285e-06
6.5	1.40535708953285e-06
6.5	1.38458261534983e-06
6.5625	1.38458261534983e-06
6.5625	1.36259734231899e-06
6.625	1.36259734231899e-06
6.625	1.34411987427252e-06
6.6875	1.34411987427252e-06
6.6875	1.33308732753603e-06
6.75	1.33308732753603e-06
6.75	1.33238199711273e-06
6.8125	1.33238199711273e-06
6.8125	1.34356036637775e-06
6.875	1.34356036637775e-06
6.875	1.36649536781462e-06
6.9375	1.36649536781462e-06
6.9375	1.39894771087172e-06
7	1.39894771087172e-06
7	1.43621409429561e-06
7.0625	1.43621409429561e-06
7.0625	1.47106509739509e-06
7.125	1.47106509739509e-06
7.125	1.49417361203589e-06
7.1875	1.49417361203589e-06
7.1875	1.4951493633894e-06
7.25	1.4951493633894e-06
7.25	1.46410311427076e-06
7.3125	1.46410311427076e-06
7.3125	1.39344486086312e-06
7.375	1.39344486086312e-06
7.375	1.27952090276892e-06
7.4375	1.27952090276892e-06
7.4375	1.12368045361596e-06
7.5	1.12368045361596e-06
7.5	9.32474909428982e-07
7.5625	9.32474909428982e-07
7.5625	7.16905987673784e-07
7.625	7.16905987673784e-07
7.625	4.90828814031969e-07
7.6875	4.90828814031969e-07
7.6875	2.6885416438663e-07
7.75	2.6885416438663e-07
7.75	6.44887732216109e-08
7.8125	6.44887732216109e-08
7.8125	8.31612945737869e-08
7.875	8.31612945737869e-08
7.875	1.74354354672952e-06
7.9375	1.74354354672952e-06
7.9375	7.67263589126365e-05
8	7.67263589126365e-05
8	0.000946093080425683
8.0625	0.000946093080425683
8.0625	2.18011040194285e-05
8.125	2.18011040194285e-05
8.125	2.09330407719921e-05
8.1875	2.09330407719921e-05
8.1875	2.09500628965501e-05
8.25	2.09500628965501e-05
8.25	2.09288859070258e-05
8.3125	2.09288859070258e-05
8.3125	2.08423569239763e-05
8.375	2.08423569239763e-05
8.375	2.06892888137602e-05
8.4375	2.06892888137602e-05
8.4375	2.04686853891438e-05
8.5	2.04686853891438e-05
8.5	2.01803023538313e-05
8.5625	2.01803023538313e-05
8.5625	1.98213000443282e-05
8.625	1.98213000443282e-05
8.625	1.93844947331386e-05
8.6875	1.93844947331386e-05
8.6875	1.8864904217039e-05
8.75	1.8864904217039e-05
8.75	1.82626009508342e-05
8.8125	1.82626009508342e-05
8.8125	1.75801636510431e-05
8.875	1.75801636510431e-05
8.875	1.68217598039429e-05
8.9375	1.68217598039429e-05
8.9375	1.59917814461288e-05
9	1.59917814461288e-05
9	1.50930020097237e-05
9.0625	1.50930020097237e-05
9.0625	1.41261099380629e-05
9.125	1.41261099380629e-05
9.125	1.30912511513453e-05
9.1875	1.30912511513453e-05
9.1875	1.19910209717812e-05
9.25	1.19910209717812e-05
9.25	1.08321633610681e-05
9.3125	1.08321633610681e-05
9.3125	9.62293566273079e-06
9.375	9.62293566273079e-06
9.375	8.36204108348252e-06
9.4375	8.36204108348252e-06
9.4375	7.02090920247726e-06
9.5	7.02090920247726e-06
9.5	5.52768920189481e-06
9.5625	5.52768920189481e-06
9.5625	3.76311418622026e-06
9.625	3.76311418622026e-06
9.625	1.57971012687165e-06
9.6875	1.57971012687165e-06
9.6875	1.15395423037602e-06
9.75	1.15395423037602e-06
9.75	4.49692875873788e-06
9.8125	4.49692875873788e-06
9.8125	8.39175088611111e-06
9.875	8.39175088611111e-06
9.875	1.2670938691625e-05
9.9375	1.2670938691625e-05
9.9375	1.71156797146542e-05
10	1.71156797146542e-05
10	2.14740845854031e-05
10.0625	2.14740845854031e-05
10.0625	2.54988087199633e-05
10.125	2.54988087199633e-05
10.125	2.90381165588873e-05
10.1875	2.90381165588873e-05
10.1875	3.19827353415732e-05
10.25	3.19827353415732e-05
10.25	3.41036947834253e-05
10.3125	3.41036947834253e-05
10.3125	3.49506981049815e-05
10.375	3.49506981049815e-05
10.375	3.38617371415856e-05
10.4375	3.38617371415856e-05
10.4375	3.01434711073352e-05
10.5	3.01434711073352e-05
10.5	2.34019066923842e-05
10.5625	2.34019066923842e-05
10.5625	1.39043273724384e-05
10.625	1.39043273724384e-05
10.625	2.80214770484938e-06
10.6875	2.80214770484938e-06
10.6875	7.9379290600704e-06
10.75	7.9379290600704e-06
10.75	1.59528705712855e-05
10.8125	1.59528705712855e-05
10.8125	1.91406037475945e-05
10.875	1.91406037475945e-05
10.875	1.63987522745277e-05
10.9375	1.63987522745277e-05
10.9375	8.20476805921154e-06
11	8.20476805921154e-06
11	3.35751620341646e-06
11.0625	3.35751620341646e-06
11.0625	1.50590968484971e-05
11.125	1.50590968484971e-05
11.125	2.32490875344624e-05
11.1875	2.32490875344624e-05
11.1875	2.47157528495359e-05
11.25	2.47157528495359e-05
11.25	1.74238575591538e-05
11.3125	1.74238575591538e-05
11.3125	9.75333460649545e-07
11.375	9.75333460649545e-07
11.375	2.32510797634569e-05
11.4375	2.32510797634569e-05
11.4375	5.22633345054058e-05
11.5	5.22633345054058e-05
11.5	8.18993570701665e-05
11.5625	8.18993570701665e-05
11.5625	0.000107528907841942
11.625	0.000107528907841942
11.625	0.000124947332830728
11.6875	0.000124947332830728
11.6875	0.00013129634068757
11.75	0.00013129634068757
11.75	0.000125751207646901
11.8125	0.000125751207646901
11.8125	0.000109713565970899
11.875	0.000109713565970899
11.875	8.63945953086558e-05
11.9375	8.63945953086558e-05
11.9375	5.99244627570139e-05
12	5.99244627570139e-05
12	0.000890646898446944
12.0625	0.000890646898446944
12.0625	9.02610089893958e-06
12.125	9.02610089893958e-06
12.125	3.16757008206906e-06
12.1875	3.16757008206906e-06
12.1875	1.36012936710523e-05
12.25	1.36012936710523e-05
12.25	2.09902697861244e-05
12.3125	2.09902697861244e-05
12.3125	2.46711845854274e-05
12.375	2.46711845854274e-05
12.375	2.5813189573144e-05
12.4375	2.5813189573144e-05
12.4375	2.55224740039208e-05
12.5	2.55224740039208e-05
12.5	2.46323294427847e-05
12.5625	2.46323294427847e-05
12.5625	2.36502941354658e-05
12.625	2.36502941354658e-05
12.625	2.28035377746722e-05
12.6875	2.28035377746722e-05
12.6875	2.21308349917718e-05
12.75	2.21308349917718e-05
12.75	2.15767022525707e-05
12.8125	2.15767022525707e-05
12.8125	2.10637457126713e-05
12.875	2.10637457126713e-05
12.875	2.05353017698288e-05
12.9375	2.05353017698288e-05
12.9375	1.99696232817459e-05
13	1.99696232817459e-05
13	1.93743887440081e-05
13.0625	1.93743887440081e-05
13.0625	1.8772489067222e-05
13.125	1.8772489067222e-05
13.125	1.81872302240369e-05
13.1875	1.81872302240369e-05
13.1875	1.76320502775437e-05
13.25	1.76320502775437e-05
13.25	1.71074830708578e-05
13.3125	1.71074830708578e-05
13.3125	1.66069172435994e-05
13.375	1.66069172435994e-05
13.375	1.61290865774847e-05
13.4375	1.61290865774847e-05
13.4375	1.56911942709858e-05
13.5	1.56911942709858e-05
13.5	1.53376920710464e-05
13.5625	1.53376920710464e-05
13.5625	1.51431895233666e-05
13.625	1.51431895233666e-05
13.625	1.52088066066661e-05
13.6875	1.52088066066661e-05
13.6875	1.56516110714684e-05
13.75	1.56516110714684e-05
13.75	1.6589470122388e-05
13.8125	1.6589470122388e-05
13.8125	1.81256058579914e-05
13.875	1.81256058579914e-05
13.875	2.03352950526206e-05
13.9375	2.03352950526206e-05
13.9375	2.32508329164153e-05
14	2.32508329164153e-05
14	2.68400818850104e-05
14.0625	2.68400818850104e-05
14.0625	3.09798952625533e-05
14.125	3.09798952625533e-05
14.125	3.54389989108402e-05
14.1875	3.54389989108402e-05
14.1875	3.98737325427255e-05
14.25	3.98737325427255e-05
14.25	4.38409883200721e-05
14.3125	4.38409883200721e-05
14.3125	4.68328579074988e-05
14.375	4.68328579074988e-05
14.375	4.8338653783337e-05
14.4375	4.8338653783337e-05
14.4375	4.79257887086479e-05
14.5	4.79257887086479e-05
14.5	4.53240035173782e-05
14.5625	4.53240035173782e-05
14.5625	4.04981688540257e-05
14.625	4.04981688540257e-05
14.625	3.36960273925661e-05
14.6875	3.36960273925661e-05
14.6875	2.54579889051506e-05
14.75	2.54579889051506e-05
14.75	1.65789479251928e-05
14.8125	1.65789479251928e-05
14.8125	8.02060815423491e-06
14.875	8.02060815423491e-06
14.875	7.8286103743397e-07
14.9375	7.8286103743397e-07
14.9375	4.25034234592823e-06
15	4.25034234592823e-06
15	6.46700489181713e-06
15.0625	6.46700489181713e-06
15.0625	5.6552883461479e-06
15.125	5.6552883461479e-06
15.125	2.07392858314639e-06
15.1875	2.07392858314639e-06
15.1875	3.55818109328939e-06
15.25	3.55818109328939e-06
15.25	1.01606818132006e-05
15.3125	1.01606818132006e-05
15.3125	1.64648130675655e-05
15.375	1.64648130675655e-05
15.375	2.12264903076135e-05
15.4375	2.12264903076135e-05
15.4375	2.34324328884806e-05
15.5	2.34324328884806e-05
15.5	2.24546687763042e-05
15.5625	2.24546687763042e-05
15.5625	1.81245103251409e-05
15.625	1.81245103251409e-05
15.625	1.07209100188014e-05
15.6875	1.07209100188014e-05
15.6875	8.90787733171862e-07
15.75	8.90787733171862e-07
15.75	1.04690866972587e-05
15.8125	1.04690866972587e-05
15.8125	2.23388957324594e-05
15.875	2.23388957324594e-05
15.875	3.36899560555148e-05
15.9375	3.36899560555148e-05
15.9375	4.35779609312517e-05
16	4.35779609312517e-05
16	5.12180661314561e-05
16.0625	5.12180661314561e-05
16.0625	5.60476281608842e-05
16.125	5.60476281608842e-05
16.125	5.77774568888512e-05
16.1875	5.77774568888512e-05
16.1875	5.64243393928294e-05
16.25	5.64243393928294e-05
16.25	5.23122034782996e-05
16.3125	5.23122034782996e-05
16.3125	4.60313722166981e-05
16.375	4.60313722166981e-05
16.375	3.83557521630484e-05
16.4375	3.83557521630484e-05
16.4375	3.01293518997449e-05
16.5	3.01293518997449e-05
16.5	2.21420326496547e-05
16.5625	2.21420326496547e-05
16.5625	1.5025088656563e-05
16.625	1.5025088656563e-05
16.625	9.19026905820427e-06
16.6875	9.19026905820427e-06
16.6875	4.81064335409626e-06
16.75	4.81064335409626e-06
16.75	1.8451817857001e-06
16.8125	1.8451817857001e-06
16.8125	9.38788026004347e-08
16.875	9.38788026004347e-08
16.875	7.33133851157776e-07
16.9375	7.33133851157776e-07
16.9375	9.4889435977271e-07
17	9.4889435977271e-07
17	8.36493599535637e-07
17.0625	8.36493599535637e-07
17.0625	6.1546889852833e-07
17.125	6.1546889852833e-07
17.125	4.27973279414665e-07
17.1875	4.27973279414665e-07
17.1875	3.42248608020763e-07
17.25	3.42248608020763e-07
17.25	3.68076547638968e-07
17.3125	3.68076547638968e-07
17.3125	4.78558263607886e-07
17.375	4.78558263607886e-07
17.375	6.32129450481256e-07
17.4375	6.32129450481256e-07
17.4375	7.89426278677163e-07
17.5	7.89426278677163e-07
17.5	9.22595652481981e-07
17.5625	9.22595652481981e-07
17.5625	1.01739386490879e-06
17.625	1.01739386490879e-06
17.625	1.07042890355058e-06
17.6875	1.07042890355058e-06
17.6875	1.0851539408959e-06
17.75	1.0851539408959e-06
17.75	1.06869519182295e-06
17.8125	1.06869519182295e-06
17.8125	1.03047133006257e-06
17.875	1.03047133006257e-06
17.875	9.81363839310537e-07
17.9375	9.81363839310537e-07
17.9375	9.31922663745436e-07
18	9.31922663745436e-07
18	8.92065966142318e-07
18.0625	8.92065966142318e-07
18.0625	8.71841317931771e-07
18.125	8.71841317931771e-07
18.125	8.79846374236743e-07
18.1875	8.79846374236743e-07
18.1875	9.20222729102003e-07
18.25	9.20222729102003e-07
18.25	9.92471093556476e-07
18.3125	9.92471093556476e-07
18.3125	1.09183571357197e-06
18.375	1.09183571357197e-06
18.375	1.20852848997466e-06
18.4375	1.20852848997466e-06
18.4375	1.32864641057646e-06
18.5	1.32864641057646e-06
18.5	1.43655536825096e-06
18.5625	1.43655536825096e-06
18.5625	1.51821679802935e-06
18.625	1.51821679802935e-06
18.625	1.56420001647526e-06
18.6875	1.56420001647526e-06
18.6875	1.57041538248501e-06
18.75	1.57041538248501e-06
18.75	1.53619293039923e-06
18.8125	1.53619293039923e-06
18.8125	1.4628192740155e-06
18.875	1.4628192740155e-06
18.875	1.35277993809335e-06
18.9375	1.35277993809335e-06
18.9375	1.20864671499629e-06
19	1.20864671499629e-06
19	1.03328130683665e-06
19.0625	1.03328130683665e-06
19.0625	8.31838023094032e-07
19.125	8.31838023094032e-07
19.125	6.1245070036986e-07
19.1875	6.1245070036986e-07
19.1875	3.85705892230303e-07
19.25	3.85705892230303e-07
19.25	1.63163098679113e-07
19.3125	1.63163098679113e-07
19.3125	4.48740571610161e-08
19.375	4.48740571610161e-08
19.375	2.30797539143061e-07
19.4375	2.30797539143061e-07
19.4375	3.90530508056485e-07
19.5	3.90530508056485e-07
19.5	5.23905281698424e-07
19.5625	5.23905281698424e-07
19.5625	6.340408628407e-07
19.625	6.340408628407e-07
19.625	7.26370596763807e-07
19.6875	7.26370596763807e-07
19.6875	8.07218751438054e-07
19.75	8.07218751438054e-07
19.75	8.82248995988715e-07
19.8125	8.82248995988715e-07
19.8125	9.55337491404762e-07
19.875	9.55337491404762e-07
19.875	1.02826107694063e-06
19.9375	1.02826107694063e-06
19.9375	1.10088688399976e-06
20	1.10088688399976e-06
