ridge.320
1.1
0
321
0
0.0625
0.125
0.1875
0.25
0.3125
0.375
0.4375
0.5
0.5625
0.625
0.6875
0.75
0.8125
0.875
0.9375
1
1.0625
1.125
1.1875
1.25
1.3125
1.375
1.4375
1.5
1.5625
1.625
1.6875
1.75
1.8125
1.875
1.9375
2
2.0625
2.125
2.1875
2.25
2.3125
2.375
2.4375
2.5
2.5625
2.625
2.6875
2.75
2.8125
2.875
2.9375
3
3.0625
3.125
3.1875
3.25
3.3125
3.375
3.4375
3.5
3.5625
3.625
3.6875
3.75
3.8125
3.875
3.9375
4
4.0625
4.125
4.1875
4.25
4.3125
4.375
4.4375
4.5
4.5625
4.625
4.6875
4.75
4.8125
4.875
4.9375
5
5.0625
5.125
5.1875
5.25
5.3125
5.375
5.4375
5.5
5.5625
5.625
5.6875
5.75
5.8125
5.875
5.9375
6
6.0625
6.125
6.1875
6.25
6.3125
6.375
6.4375
6.5
6.5625
6.625
6.6875
6.75
6.8125
6.875
6.9375
7
7.0625
7.125
7.1875
7.25
7.3125
7.375
7.4375
7.5
7.5625
7.625
7.6875
7.75
7.8125
7.875
7.9375
8
8.0625
8.125
8.1875
8.25
8.3125
8.375
8.4375
8.5
8.5625
8.625
8.6875
8.75
8.8125
8.875
8.9375
9
9.0625
9.125
9.1875
9.25
9.3125
9.375
9.4375
9.5
9.5625
9.625
9.6875
9.75
9.8125
9.875
9.9375
10
10.0625
10.125
10.1875
10.25
10.3125
10.375
10.4375
10.5
10.5625
10.625
10.6875
10.75
10.8125
10.875
10.9375
11
11.0625
11.125
11.1875
11.25
11.3125
11.375
11.4375
11.5
11.5625
11.625
11.6875
11.75
11.8125
11.875
11.9375
12
12.0625
12.125
12.1875
12.25
12.3125
12.375
12.4375
12.5
12.5625
12.625
12.6875
12.75
12.8125
12.875
12.9375
13
13.0625
13.125
13.1875
13.25
13.3125
13.375
13.4375
13.5
13.5625
13.625
13.6875
13.75
13.8125
13.875
13.9375
14
14.0625
14.125
14.1875
14.25
14.3125
14.375
14.4375
14.5
14.5625
14.625
14.6875
14.75
14.8125
14.875
14.9375
15
15.0625
15.125
15.1875
15.25
15.3125
15.375
15.4375
15.5
15.5625
15.625
15.6875
15.75
15.8125
15.875
15.9375
16
16.0625
16.125
16.1875
16.25
16.3125
16.375
16.4375
16.5
16.5625
16.625
16.6875
16.75
16.8125
16.875
16.9375
17
17.0625
17.125
17.1875
17.25
17.3125
17.375
17.4375
17.5
17.5625
17.625
17.6875
17.75
17.8125
17.875
17.9375
18
18.0625
18.125
18.1875
18.25
18.3125
18.375
18.4375
18.5
18.5625
18.625
18.6875
18.75
18.8125
18.875
18.9375
19
19.0625
19.125
19.1875
19.25
19.3125
19.375
19.4375
19.5
19.5625
19.625
19.6875
19.75
19.8125
19.875
19.9375
20
320
1	2
2	3
3	4
4	5
5	6
6	7
7	8
8	9
9	10
10	11
11	12
12	13
13	14
14	15
15	16
16	17
17	18
18	19
19	20
20	21
21	22
22	23
23	24
24	25
25	26
26	27
27	28
28	29
29	30
30	31
31	32
32	33
33	34
34	35
35	36
36	37
37	38
38	39
39	40
40	41
41	42
42	43
43	44
44	45
45	46
46	47
47	48
48	49
49	50
50	51
51	52
52	53
53	54
54	55
55	56
56	57
57	58
58	59
59	60
60	61
61	62
62	63
63	64
64	65
65	66
66	67
67	68
68	69
69	70
70	71
71	72
72	73
73	74
74	75
75	76
76	77
77	78
78	79
79	80
80	81
81	82
82	83
83	84
84	85
85	86
86	87
87	88
88	89
89	90
90	91
91	92
92	93
93	94
94	95
95	96
96	97
97	98
98	99
99	100
100	101
101	102
102	103
103	104
104	105
105	106
106	107
107	108
108	109
109	110
110	111
111	112
112	113
113	114
114	115
115	116
116	117
117	118
118	119
119	120
120	121
121	122
122	123
123	124
124	125
125	126
126	127
127	128
128	129
129	130
130	131
131	132
132	133
133	134
134	135
135	136
136	137
137	138
138	139
139	140
140	141
141	142
142	143
143	144
144	145
145	146
146	147
147	148
148	149
149	150
150	151
151	152
152	153
153	154
154	155
155	156
156	157
157	158
158	159
159	160
160	161
161	162
162	163
163	164
164	165
165	166
166	167
167	168
168	169
169	170
170	171
171	172
172	173
173	174
174	175
175	176
176	177
177	178
178	179
179	180
180	181
181	182
182	183
183	184
184	185
185	186
186	187
187	188
188	189
189	190
190	191
191	192
192	193
193	194
194	195
195	196
196	197
197	198
198	199
199	200
200	201
201	202
202	203
203	204
204	205
205	206
206	207
207	208
208	209
209	210
210	211
211	212
212	213
213	214
214	215
215	216
216	217
217	218
218	219
219	220
220	221
221	222
222	223
223	224
224	225
225	226
226	227
227	228
228	229
229	230
230	231
231	232
232	233
233	234
234	235
235	236
236	237
237	238
238	239
239	240
240	241
241	242
242	243
243	244
244	245
245	246
246	247
247	248
248	249
249	250
250	251
251	252
252	253
253	254
254	255
255	256
256	257
257	258
258	259
259	260
260	261
261	262
262	263
263	264
264	265
265	266
266	267
267	268
268	269
269	270
270	271
271	272
272	273
273	274
274	275
275	276
276	277
277	278
278	279
279	280
280	281
281	282
282	283
283	284
284	285
285	286
286	287
287	288
288	289
289	290
290	291
291	292
292	293
293	294
294	295
295	296
296	297
297	298
298	299
299	300
300	301
301	302
302	303
303	304
304	305
305	306
306	307
307	308
308	309
309	310
310	311
311	312
312	313
313	314
314	315
315	316
316	317
317	318
318	319
319	320
320	321
2
1	1
321	1
