ridge.1280
1.1
0
1281
0
0.015625
0.03125
0.046875
0.0625
0.078125
0.09375
0.109375
0.125
0.140625
0.15625
0.171875
0.1875
0.203125
0.21875
0.234375
0.25
0.265625
0.28125
0.296875
0.3125
0.328125
0.34375
0.359375
0.375
0.390625
0.40625
0.421875
0.4375
0.453125
0.46875
0.484375
0.5
0.515625
0.53125
0.546875
0.5625
0.578125
0.59375
0.609375
0.625
0.640625
0.65625
0.671875
0.6875
0.703125
0.71875
0.734375
0.75
0.765625
0.78125
0.796875
0.8125
0.828125
0.84375
0.859375
0.875
0.890625
0.90625
0.921875
0.9375
0.953125
0.96875
0.984375
1
1.015625
1.03125
1.046875
1.0625
1.078125
1.09375
1.109375
1.125
1.140625
1.15625
1.171875
1.1875
1.203125
1.21875
1.234375
1.25
1.265625
1.28125
1.296875
1.3125
1.328125
1.34375
1.359375
1.375
1.390625
1.40625
1.421875
1.4375
1.453125
1.46875
1.484375
1.5
1.515625
1.53125
1.546875
1.5625
1.578125
1.59375
1.609375
1.625
1.640625
1.65625
1.671875
1.6875
1.703125
1.71875
1.734375
1.75
1.765625
1.78125
1.796875
1.8125
1.828125
1.84375
1.859375
1.875
1.890625
1.90625
1.921875
1.9375
1.953125
1.96875
1.984375
2
2.015625
2.03125
2.046875
2.0625
2.078125
2.09375
2.109375
2.125
2.140625
2.15625
2.171875
2.1875
2.203125
2.21875
2.234375
2.25
2.265625
2.28125
2.296875
2.3125
2.328125
2.34375
2.359375
2.375
2.390625
2.40625
2.421875
2.4375
2.453125
2.46875
2.484375
2.5
2.515625
2.53125
2.546875
2.5625
2.578125
2.59375
2.609375
2.625
2.640625
2.65625
2.671875
2.6875
2.703125
2.71875
2.734375
2.75
2.765625
2.78125
2.796875
2.8125
2.828125
2.84375
2.859375
2.875
2.890625
2.90625
2.921875
2.9375
2.953125
2.96875
2.984375
3
3.015625
3.03125
3.046875
3.0625
3.078125
3.09375
3.109375
3.125
3.140625
3.15625
3.171875
3.1875
3.203125
3.21875
3.234375
3.25
3.265625
3.28125
3.296875
3.3125
3.328125
3.34375
3.359375
3.375
3.390625
3.40625
3.421875
3.4375
3.453125
3.46875
3.484375
3.5
3.515625
3.53125
3.546875
3.5625
3.578125
3.59375
3.609375
3.625
3.640625
3.65625
3.671875
3.6875
3.703125
3.71875
3.734375
3.75
3.765625
3.78125
3.796875
3.8125
3.828125
3.84375
3.859375
3.875
3.890625
3.90625
3.921875
3.9375
3.953125
3.96875
3.984375
4
4.015625
4.03125
4.046875
4.0625
4.078125
4.09375
4.109375
4.125
4.140625
4.15625
4.171875
4.1875
4.203125
4.21875
4.234375
4.25
4.265625
4.28125
4.296875
4.3125
4.328125
4.34375
4.359375
4.375
4.390625
4.40625
4.421875
4.4375
4.453125
4.46875
4.484375
4.5
4.515625
4.53125
4.546875
4.5625
4.578125
4.59375
4.609375
4.625
4.640625
4.65625
4.671875
4.6875
4.703125
4.71875
4.734375
4.75
4.765625
4.78125
4.796875
4.8125
4.828125
4.84375
4.859375
4.875
4.890625
4.90625
4.921875
4.9375
4.953125
4.96875
4.984375
5
5.015625
5.03125
5.046875
5.0625
5.078125
5.09375
5.109375
5.125
5.140625
5.15625
5.171875
5.1875
5.203125
5.21875
5.234375
5.25
5.265625
5.28125
5.296875
5.3125
5.328125
5.34375
5.359375
5.375
5.390625
5.40625
5.421875
5.4375
5.453125
5.46875
5.484375
5.5
5.515625
5.53125
5.546875
5.5625
5.578125
5.59375
5.609375
5.625
5.640625
5.65625
5.671875
5.6875
5.703125
5.71875
5.734375
5.75
5.765625
5.78125
5.796875
5.8125
5.828125
5.84375
5.859375
5.875
5.890625
5.90625
5.921875
5.9375
5.953125
5.96875
5.984375
6
6.015625
6.03125
6.046875
6.0625
6.078125
6.09375
6.109375
6.125
6.140625
6.15625
6.171875
6.1875
6.203125
6.21875
6.234375
6.25
6.265625
6.28125
6.296875
6.3125
6.328125
6.34375
6.359375
6.375
6.390625
6.40625
6.421875
6.4375
6.453125
6.46875
6.484375
6.5
6.515625
6.53125
6.546875
6.5625
6.578125
6.59375
6.609375
6.625
6.640625
6.65625
6.671875
6.6875
6.703125
6.71875
6.734375
6.75
6.765625
6.78125
6.796875
6.8125
6.828125
6.84375
6.859375
6.875
6.890625
6.90625
6.921875
6.9375
6.953125
6.96875
6.984375
7
7.015625
7.03125
7.046875
7.0625
7.078125
7.09375
7.109375
7.125
7.140625
7.15625
7.171875
7.1875
7.203125
7.21875
7.234375
7.25
7.265625
7.28125
7.296875
7.3125
7.328125
7.34375
7.359375
7.375
7.390625
7.40625
7.421875
7.4375
7.453125
7.46875
7.484375
7.5
7.515625
7.53125
7.546875
7.5625
7.578125
7.59375
7.609375
7.625
7.640625
7.65625
7.671875
7.6875
7.703125
7.71875
7.734375
7.75
7.765625
7.78125
7.796875
7.8125
7.828125
7.84375
7.859375
7.875
7.890625
7.90625
7.921875
7.9375
7.953125
7.96875
7.984375
8
8.015625
8.03125
8.046875
8.0625
8.078125
8.09375
8.109375
8.125
8.140625
8.15625
8.171875
8.1875
8.203125
8.21875
8.234375
8.25
8.265625
8.28125
8.296875
8.3125
8.328125
8.34375
8.359375
8.375
8.390625
8.40625
8.421875
8.4375
8.453125
8.46875
8.484375
8.5
8.515625
8.53125
8.546875
8.5625
8.578125
8.59375
8.609375
8.625
8.640625
8.65625
8.671875
8.6875
8.703125
8.71875
8.734375
8.75
8.765625
8.78125
8.796875
8.8125
8.828125
8.84375
8.859375
8.875
8.890625
8.90625
8.921875
8.9375
8.953125
8.96875
8.984375
9
9.015625
9.03125
9.046875
9.0625
9.078125
9.09375
9.109375
9.125
9.140625
9.15625
9.171875
9.1875
9.203125
9.21875
9.234375
9.25
9.265625
9.28125
9.296875
9.3125
9.328125
9.34375
9.359375
9.375
9.390625
9.40625
9.421875
9.4375
9.453125
9.46875
9.484375
9.5
9.515625
9.53125
9.546875
9.5625
9.578125
9.59375
9.609375
9.625
9.640625
9.65625
9.671875
9.6875
9.703125
9.71875
9.734375
9.75
9.765625
9.78125
9.796875
9.8125
9.828125
9.84375
9.859375
9.875
9.890625
9.90625
9.921875
9.9375
9.953125
9.96875
9.984375
10
10.015625
10.03125
10.046875
10.0625
10.078125
10.09375
10.109375
10.125
10.140625
10.15625
10.171875
10.1875
10.203125
10.21875
10.234375
10.25
10.265625
10.28125
10.296875
10.3125
10.328125
10.34375
10.359375
10.375
10.390625
10.40625
10.421875
10.4375
10.453125
10.46875
10.484375
10.5
10.515625
10.53125
10.546875
10.5625
10.578125
10.59375
10.609375
10.625
10.640625
10.65625
10.671875
10.6875
10.703125
10.71875
10.734375
10.75
10.765625
10.78125
10.796875
10.8125
10.828125
10.84375
10.859375
10.875
10.890625
10.90625
10.921875
10.9375
10.953125
10.96875
10.984375
11
11.015625
11.03125
11.046875
11.0625
11.078125
11.09375
11.109375
11.125
11.140625
11.15625
11.171875
11.1875
11.203125
11.21875
11.234375
11.25
11.265625
11.28125
11.296875
11.3125
11.328125
11.34375
11.359375
11.375
11.390625
11.40625
11.421875
11.4375
11.453125
11.46875
11.484375
11.5
11.515625
11.53125
11.546875
11.5625
11.578125
11.59375
11.609375
11.625
11.640625
11.65625
11.671875
11.6875
11.703125
11.71875
11.734375
11.75
11.765625
11.78125
11.796875
11.8125
11.828125
11.84375
11.859375
11.875
11.890625
11.90625
11.921875
11.9375
11.953125
11.96875
11.984375
12
12.015625
12.03125
12.046875
12.0625
12.078125
12.09375
12.109375
12.125
12.140625
12.15625
12.171875
12.1875
12.203125
12.21875
12.234375
12.25
12.265625
12.28125
12.296875
12.3125
12.328125
12.34375
12.359375
12.375
12.390625
12.40625
12.421875
12.4375
12.453125
12.46875
12.484375
12.5
12.515625
12.53125
12.546875
12.5625
12.578125
12.59375
12.609375
12.625
12.640625
12.65625
12.671875
12.6875
12.703125
12.71875
12.734375
12.75
12.765625
12.78125
12.796875
12.8125
12.828125
12.84375
12.859375
12.875
12.890625
12.90625
12.921875
12.9375
12.953125
12.96875
12.984375
13
13.015625
13.03125
13.046875
13.0625
13.078125
13.09375
13.109375
13.125
13.140625
13.15625
13.171875
13.1875
13.203125
13.21875
13.234375
13.25
13.265625
13.28125
13.296875
13.3125
13.328125
13.34375
13.359375
13.375
13.390625
13.40625
13.421875
13.4375
13.453125
13.46875
13.484375
13.5
13.515625
13.53125
13.546875
13.5625
13.578125
13.59375
13.609375
13.625
13.640625
13.65625
13.671875
13.6875
13.703125
13.71875
13.734375
13.75
13.765625
13.78125
13.796875
13.8125
13.828125
13.84375
13.859375
13.875
13.890625
13.90625
13.921875
13.9375
13.953125
13.96875
13.984375
14
14.015625
14.03125
14.046875
14.0625
14.078125
14.09375
14.109375
14.125
14.140625
14.15625
14.171875
14.1875
14.203125
14.21875
14.234375
14.25
14.265625
14.28125
14.296875
14.3125
14.328125
14.34375
14.359375
14.375
14.390625
14.40625
14.421875
14.4375
14.453125
14.46875
14.484375
14.5
14.515625
14.53125
14.546875
14.5625
14.578125
14.59375
14.609375
14.625
14.640625
14.65625
14.671875
14.6875
14.703125
14.71875
14.734375
14.75
14.765625
14.78125
14.796875
14.8125
14.828125
14.84375
14.859375
14.875
14.890625
14.90625
14.921875
14.9375
14.953125
14.96875
14.984375
15
15.015625
15.03125
15.046875
15.0625
15.078125
15.09375
15.109375
15.125
15.140625
15.15625
15.171875
15.1875
15.203125
15.21875
15.234375
15.25
15.265625
15.28125
15.296875
15.3125
15.328125
15.34375
15.359375
15.375
15.390625
15.40625
15.421875
15.4375
15.453125
15.46875
15.484375
15.5
15.515625
15.53125
15.546875
15.5625
15.578125
15.59375
15.609375
15.625
15.640625
15.65625
15.671875
15.6875
15.703125
15.71875
15.734375
15.75
15.765625
15.78125
15.796875
15.8125
15.828125
15.84375
15.859375
15.875
15.890625
15.90625
15.921875
15.9375
15.953125
15.96875
15.984375
16
16.015625
16.03125
16.046875
16.0625
16.078125
16.09375
16.109375
16.125
16.140625
16.15625
16.171875
16.1875
16.203125
16.21875
16.234375
16.25
16.265625
16.28125
16.296875
16.3125
16.328125
16.34375
16.359375
16.375
16.390625
16.40625
16.421875
16.4375
16.453125
16.46875
16.484375
16.5
16.515625
16.53125
16.546875
16.5625
16.578125
16.59375
16.609375
16.625
16.640625
16.65625
16.671875
16.6875
16.703125
16.71875
16.734375
16.75
16.765625
16.78125
16.796875
16.8125
16.828125
16.84375
16.859375
16.875
16.890625
16.90625
16.921875
16.9375
16.953125
16.96875
16.984375
17
17.015625
17.03125
17.046875
17.0625
17.078125
17.09375
17.109375
17.125
17.140625
17.15625
17.171875
17.1875
17.203125
17.21875
17.234375
17.25
17.265625
17.28125
17.296875
17.3125
17.328125
17.34375
17.359375
17.375
17.390625
17.40625
17.421875
17.4375
17.453125
17.46875
17.484375
17.5
17.515625
17.53125
17.546875
17.5625
17.578125
17.59375
17.609375
17.625
17.640625
17.65625
17.671875
17.6875
17.703125
17.71875
17.734375
17.75
17.765625
17.78125
17.796875
17.8125
17.828125
17.84375
17.859375
17.875
17.890625
17.90625
17.921875
17.9375
17.953125
17.96875
17.984375
18
18.015625
18.03125
18.046875
18.0625
18.078125
18.09375
18.109375
18.125
18.140625
18.15625
18.171875
18.1875
18.203125
18.21875
18.234375
18.25
18.265625
18.28125
18.296875
18.3125
18.328125
18.34375
18.359375
18.375
18.390625
18.40625
18.421875
18.4375
18.453125
18.46875
18.484375
18.5
18.515625
18.53125
18.546875
18.5625
18.578125
18.59375
18.609375
18.625
18.640625
18.65625
18.671875
18.6875
18.703125
18.71875
18.734375
18.75
18.765625
18.78125
18.796875
18.8125
18.828125
18.84375
18.859375
18.875
18.890625
18.90625
18.921875
18.9375
18.953125
18.96875
18.984375
19
19.015625
19.03125
19.046875
19.0625
19.078125
19.09375
19.109375
19.125
19.140625
19.15625
19.171875
19.1875
19.203125
19.21875
19.234375
19.25
19.265625
19.28125
19.296875
19.3125
19.328125
19.34375
19.359375
19.375
19.390625
19.40625
19.421875
19.4375
19.453125
19.46875
19.484375
19.5
19.515625
19.53125
19.546875
19.5625
19.578125
19.59375
19.609375
19.625
19.640625
19.65625
19.671875
19.6875
19.703125
19.71875
19.734375
19.75
19.765625
19.78125
19.796875
19.8125
19.828125
19.84375
19.859375
19.875
19.890625
19.90625
19.921875
19.9375
19.953125
19.96875
19.984375
20
1280
1	2
2	3
3	4
4	5
5	6
6	7
7	8
8	9
9	10
10	11
11	12
12	13
13	14
14	15
15	16
16	17
17	18
18	19
19	20
20	21
21	22
22	23
23	24
24	25
25	26
26	27
27	28
28	29
29	30
30	31
31	32
32	33
33	34
34	35
35	36
36	37
37	38
38	39
39	40
40	41
41	42
42	43
43	44
44	45
45	46
46	47
47	48
48	49
49	50
50	51
51	52
52	53
53	54
54	55
55	56
56	57
57	58
58	59
59	60
60	61
61	62
62	63
63	64
64	65
65	66
66	67
67	68
68	69
69	70
70	71
71	72
72	73
73	74
74	75
75	76
76	77
77	78
78	79
79	80
80	81
81	82
82	83
83	84
84	85
85	86
86	87
87	88
88	89
89	90
90	91
91	92
92	93
93	94
94	95
95	96
96	97
97	98
98	99
99	100
100	101
101	102
102	103
103	104
104	105
105	106
106	107
107	108
108	109
109	110
110	111
111	112
112	113
113	114
114	115
115	116
116	117
117	118
118	119
119	120
120	121
121	122
122	123
123	124
124	125
125	126
126	127
127	128
128	129
129	130
130	131
131	132
132	133
133	134
134	135
135	136
136	137
137	138
138	139
139	140
140	141
141	142
142	143
143	144
144	145
145	146
146	147
147	148
148	149
149	150
150	151
151	152
152	153
153	154
154	155
155	156
156	157
157	158
158	159
159	160
160	161
161	162
162	163
163	164
164	165
165	166
166	167
167	168
168	169
169	170
170	171
171	172
172	173
173	174
174	175
175	176
176	177
177	178
178	179
179	180
180	181
181	182
182	183
183	184
184	185
185	186
186	187
187	188
188	189
189	190
190	191
191	192
192	193
193	194
194	195
195	196
196	197
197	198
198	199
199	200
200	201
201	202
202	203
203	204
204	205
205	206
206	207
207	208
208	209
209	210
210	211
211	212
212	213
213	214
214	215
215	216
216	217
217	218
218	219
219	220
220	221
221	222
222	223
223	224
224	225
225	226
226	227
227	228
228	229
229	230
230	231
231	232
232	233
233	234
234	235
235	236
236	237
237	238
238	239
239	240
240	241
241	242
242	243
243	244
244	245
245	246
246	247
247	248
248	249
249	250
250	251
251	252
252	253
253	254
254	255
255	256
256	257
257	258
258	259
259	260
260	261
261	262
262	263
263	264
264	265
265	266
266	267
267	268
268	269
269	270
270	271
271	272
272	273
273	274
274	275
275	276
276	277
277	278
278	279
279	280
280	281
281	282
282	283
283	284
284	285
285	286
286	287
287	288
288	289
289	290
290	291
291	292
292	293
293	294
294	295
295	296
296	297
297	298
298	299
299	300
300	301
301	302
302	303
303	304
304	305
305	306
306	307
307	308
308	309
309	310
310	311
311	312
312	313
313	314
314	315
315	316
316	317
317	318
318	319
319	320
320	321
321	322
322	323
323	324
324	325
325	326
326	327
327	328
328	329
329	330
330	331
331	332
332	333
333	334
334	335
335	336
336	337
337	338
338	339
339	340
340	341
341	342
342	343
343	344
344	345
345	346
346	347
347	348
348	349
349	350
350	351
351	352
352	353
353	354
354	355
355	356
356	357
357	358
358	359
359	360
360	361
361	362
362	363
363	364
364	365
365	366
366	367
367	368
368	369
369	370
370	371
371	372
372	373
373	374
374	375
375	376
376	377
377	378
378	379
379	380
380	381
381	382
382	383
383	384
384	385
385	386
386	387
387	388
388	389
389	390
390	391
391	392
392	393
393	394
394	395
395	396
396	397
397	398
398	399
399	400
400	401
401	402
402	403
403	404
404	405
405	406
406	407
407	408
408	409
409	410
410	411
411	412
412	413
413	414
414	415
415	416
416	417
417	418
418	419
419	420
420	421
421	422
422	423
423	424
424	425
425	426
426	427
427	428
428	429
429	430
430	431
431	432
432	433
433	434
434	435
435	436
436	437
437	438
438	439
439	440
440	441
441	442
442	443
443	444
444	445
445	446
446	447
447	448
448	449
449	450
450	451
451	452
452	453
453	454
454	455
455	456
456	457
457	458
458	459
459	460
460	461
461	462
462	463
463	464
464	465
465	466
466	467
467	468
468	469
469	470
470	471
471	472
472	473
473	474
474	475
475	476
476	477
477	478
478	479
479	480
480	481
481	482
482	483
483	484
484	485
485	486
486	487
487	488
488	489
489	490
490	491
491	492
492	493
493	494
494	495
495	496
496	497
497	498
498	499
499	500
500	501
501	502
502	503
503	504
504	505
505	506
506	507
507	508
508	509
509	510
510	511
511	512
512	513
513	514
514	515
515	516
516	517
517	518
518	519
519	520
520	521
521	522
522	523
523	524
524	525
525	526
526	527
527	528
528	529
529	530
530	531
531	532
532	533
533	534
534	535
535	536
536	537
537	538
538	539
539	540
540	541
541	542
542	543
543	544
544	545
545	546
546	547
547	548
548	549
549	550
550	551
551	552
552	553
553	554
554	555
555	556
556	557
557	558
558	559
559	560
560	561
561	562
562	563
563	564
564	565
565	566
566	567
567	568
568	569
569	570
570	571
571	572
572	573
573	574
574	575
575	576
576	577
577	578
578	579
579	580
580	581
581	582
582	583
583	584
584	585
585	586
586	587
587	588
588	589
589	590
590	591
591	592
592	593
593	594
594	595
595	596
596	597
597	598
598	599
599	600
600	601
601	602
602	603
603	604
604	605
605	606
606	607
607	608
608	609
609	610
610	611
611	612
612	613
613	614
614	615
615	616
616	617
617	618
618	619
619	620
620	621
621	622
622	623
623	624
624	625
625	626
626	627
627	628
628	629
629	630
630	631
631	632
632	633
633	634
634	635
635	636
636	637
637	638
638	639
639	640
640	641
641	642
642	643
643	644
644	645
645	646
646	647
647	648
648	649
649	650
650	651
651	652
652	653
653	654
654	655
655	656
656	657
657	658
658	659
659	660
660	661
661	662
662	663
663	664
664	665
665	666
666	667
667	668
668	669
669	670
670	671
671	672
672	673
673	674
674	675
675	676
676	677
677	678
678	679
679	680
680	681
681	682
682	683
683	684
684	685
685	686
686	687
687	688
688	689
689	690
690	691
691	692
692	693
693	694
694	695
695	696
696	697
697	698
698	699
699	700
700	701
701	702
702	703
703	704
704	705
705	706
706	707
707	708
708	709
709	710
710	711
711	712
712	713
713	714
714	715
715	716
716	717
717	718
718	719
719	720
720	721
721	722
722	723
723	724
724	725
725	726
726	727
727	728
728	729
729	730
730	731
731	732
732	733
733	734
734	735
735	736
736	737
737	738
738	739
739	740
740	741
741	742
742	743
743	744
744	745
745	746
746	747
747	748
748	749
749	750
750	751
751	752
752	753
753	754
754	755
755	756
756	757
757	758
758	759
759	760
760	761
761	762
762	763
763	764
764	765
765	766
766	767
767	768
768	769
769	770
770	771
771	772
772	773
773	774
774	775
775	776
776	777
777	778
778	779
779	780
780	781
781	782
782	783
783	784
784	785
785	786
786	787
787	788
788	789
789	790
790	791
791	792
792	793
793	794
794	795
795	796
796	797
797	798
798	799
799	800
800	801
801	802
802	803
803	804
804	805
805	806
806	807
807	808
808	809
809	810
810	811
811	812
812	813
813	814
814	815
815	816
816	817
817	818
818	819
819	820
820	821
821	822
822	823
823	824
824	825
825	826
826	827
827	828
828	829
829	830
830	831
831	832
832	833
833	834
834	835
835	836
836	837
837	838
838	839
839	840
840	841
841	842
842	843
843	844
844	845
845	846
846	847
847	848
848	849
849	850
850	851
851	852
852	853
853	854
854	855
855	856
856	857
857	858
858	859
859	860
860	861
861	862
862	863
863	864
864	865
865	866
866	867
867	868
868	869
869	870
870	871
871	872
872	873
873	874
874	875
875	876
876	877
877	878
878	879
879	880
880	881
881	882
882	883
883	884
884	885
885	886
886	887
887	888
888	889
889	890
890	891
891	892
892	893
893	894
894	895
895	896
896	897
897	898
898	899
899	900
900	901
901	902
902	903
903	904
904	905
905	906
906	907
907	908
908	909
909	910
910	911
911	912
912	913
913	914
914	915
915	916
916	917
917	918
918	919
919	920
920	921
921	922
922	923
923	924
924	925
925	926
926	927
927	928
928	929
929	930
930	931
931	932
932	933
933	934
934	935
935	936
936	937
937	938
938	939
939	940
940	941
941	942
942	943
943	944
944	945
945	946
946	947
947	948
948	949
949	950
950	951
951	952
952	953
953	954
954	955
955	956
956	957
957	958
958	959
959	960
960	961
961	962
962	963
963	964
964	965
965	966
966	967
967	968
968	969
969	970
970	971
971	972
972	973
973	974
974	975
975	976
976	977
977	978
978	979
979	980
980	981
981	982
982	983
983	984
984	985
985	986
986	987
987	988
988	989
989	990
990	991
991	992
992	993
993	994
994	995
995	996
996	997
997	998
998	999
999	1000
1000	1001
1001	1002
1002	1003
1003	1004
1004	1005
1005	1006
1006	1007
1007	1008
1008	1009
1009	1010
1010	1011
1011	1012
1012	1013
1013	1014
1014	1015
1015	1016
1016	1017
1017	1018
1018	1019
1019	1020
1020	1021
1021	1022
1022	1023
1023	1024
1024	1025
1025	1026
1026	1027
1027	1028
1028	1029
1029	1030
1030	1031
1031	1032
1032	1033
1033	1034
1034	1035
1035	1036
1036	1037
1037	1038
1038	1039
1039	1040
1040	1041
1041	1042
1042	1043
1043	1044
1044	1045
1045	1046
1046	1047
1047	1048
1048	1049
1049	1050
1050	1051
1051	1052
1052	1053
1053	1054
1054	1055
1055	1056
1056	1057
1057	1058
1058	1059
1059	1060
1060	1061
1061	1062
1062	1063
1063	1064
1064	1065
1065	1066
1066	1067
1067	1068
1068	1069
1069	1070
1070	1071
1071	1072
1072	1073
1073	1074
1074	1075
1075	1076
1076	1077
1077	1078
1078	1079
1079	1080
1080	1081
1081	1082
1082	1083
1083	1084
1084	1085
1085	1086
1086	1087
1087	1088
1088	1089
1089	1090
1090	1091
1091	1092
1092	1093
1093	1094
1094	1095
1095	1096
1096	1097
1097	1098
1098	1099
1099	1100
1100	1101
1101	1102
1102	1103
1103	1104
1104	1105
1105	1106
1106	1107
1107	1108
1108	1109
1109	1110
1110	1111
1111	1112
1112	1113
1113	1114
1114	1115
1115	1116
1116	1117
1117	1118
1118	1119
1119	1120
1120	1121
1121	1122
1122	1123
1123	1124
1124	1125
1125	1126
1126	1127
1127	1128
1128	1129
1129	1130
1130	1131
1131	1132
1132	1133
1133	1134
1134	1135
1135	1136
1136	1137
1137	1138
1138	1139
1139	1140
1140	1141
1141	1142
1142	1143
1143	1144
1144	1145
1145	1146
1146	1147
1147	1148
1148	1149
1149	1150
1150	1151
1151	1152
1152	1153
1153	1154
1154	1155
1155	1156
1156	1157
1157	1158
1158	1159
1159	1160
1160	1161
1161	1162
1162	1163
1163	1164
1164	1165
1165	1166
1166	1167
1167	1168
1168	1169
1169	1170
1170	1171
1171	1172
1172	1173
1173	1174
1174	1175
1175	1176
1176	1177
1177	1178
1178	1179
1179	1180
1180	1181
1181	1182
1182	1183
1183	1184
1184	1185
1185	1186
1186	1187
1187	1188
1188	1189
1189	1190
1190	1191
1191	1192
1192	1193
1193	1194
1194	1195
1195	1196
1196	1197
1197	1198
1198	1199
1199	1200
1200	1201
1201	1202
1202	1203
1203	1204
1204	1205
1205	1206
1206	1207
1207	1208
1208	1209
1209	1210
1210	1211
1211	1212
1212	1213
1213	1214
1214	1215
1215	1216
1216	1217
1217	1218
1218	1219
1219	1220
1220	1221
1221	1222
1222	1223
1223	1224
1224	1225
1225	1226
1226	1227
1227	1228
1228	1229
1229	1230
1230	1231
1231	1232
1232	1233
1233	1234
1234	1235
1235	1236
1236	1237
1237	1238
1238	1239
1239	1240
1240	1241
1241	1242
1242	1243
1243	1244
1244	1245
1245	1246
1246	1247
1247	1248
1248	1249
1249	1250
1250	1251
1251	1252
1252	1253
1253	1254
1254	1255
1255	1256
1256	1257
1257	1258
1258	1259
1259	1260
1260	1261
1261	1262
1262	1263
1263	1264
1264	1265
1265	1266
1266	1267
1267	1268
1268	1269
1269	1270
1270	1271
1271	1272
1272	1273
1273	1274
1274	1275
1275	1276
1276	1277
1277	1278
1278	1279
1279	1280
1280	1281
2
1	4
1281	4
