burg.2560
1.1
0
2561
0
0.000390625
0.00078125
0.001171875
0.0015625
0.001953125
0.00234375
0.002734375
0.003125
0.003515625
0.00390625
0.004296875
0.0046875
0.005078125
0.00546875
0.005859375
0.00625
0.006640625
0.00703125
0.007421875
0.0078125
0.008203125
0.00859375
0.008984375
0.009375
0.009765625
0.01015625
0.010546875
0.0109375
0.011328125
0.01171875
0.012109375
0.0125
0.012890625
0.01328125
0.013671875
0.0140625
0.014453125
0.01484375
0.015234375
0.015625
0.016015625
0.01640625
0.016796875
0.0171875
0.017578125
0.01796875
0.018359375
0.01875
0.019140625
0.01953125
0.019921875
0.0203125
0.020703125
0.02109375
0.021484375
0.021875
0.022265625
0.02265625
0.023046875
0.0234375
0.023828125
0.02421875
0.024609375
0.025
0.025390625
0.02578125
0.026171875
0.0265625
0.026953125
0.02734375
0.027734375
0.028125
0.028515625
0.02890625
0.029296875
0.0296875
0.030078125
0.03046875
0.030859375
0.03125
0.031640625
0.03203125
0.032421875
0.0328125
0.033203125
0.03359375
0.033984375
0.034375
0.034765625
0.03515625
0.035546875
0.0359375
0.036328125
0.03671875
0.037109375
0.0375
0.037890625
0.03828125
0.038671875
0.0390625
0.039453125
0.03984375
0.040234375
0.040625
0.041015625
0.04140625
0.041796875
0.0421875
0.042578125
0.04296875
0.043359375
0.04375
0.044140625
0.04453125
0.044921875
0.0453125
0.045703125
0.04609375
0.046484375
0.046875
0.047265625
0.04765625
0.048046875
0.0484375
0.048828125
0.04921875
0.049609375
0.05
0.050390625
0.05078125
0.051171875
0.0515625
0.051953125
0.05234375
0.052734375
0.053125
0.053515625
0.05390625
0.054296875
0.0546875
0.055078125
0.05546875
0.055859375
0.05625
0.056640625
0.05703125
0.057421875
0.0578125
0.058203125
0.05859375
0.058984375
0.059375
0.059765625
0.06015625
0.060546875
0.0609375
0.061328125
0.06171875
0.062109375
0.0625
0.062890625
0.06328125
0.063671875
0.0640625
0.064453125
0.06484375
0.065234375
0.065625
0.066015625
0.06640625
0.066796875
0.0671875
0.067578125
0.06796875
0.068359375
0.06875
0.069140625
0.06953125
0.069921875
0.0703125
0.070703125
0.07109375
0.071484375
0.071875
0.072265625
0.07265625
0.073046875
0.0734375
0.073828125
0.07421875
0.074609375
0.075
0.075390625
0.07578125
0.076171875
0.0765625
0.076953125
0.07734375
0.077734375
0.078125
0.078515625
0.07890625
0.079296875
0.0796875
0.080078125
0.08046875
0.080859375
0.08125
0.081640625
0.08203125
0.082421875
0.0828125
0.083203125
0.08359375
0.083984375
0.084375
0.084765625
0.08515625
0.085546875
0.0859375
0.086328125
0.08671875
0.087109375
0.0875
0.087890625
0.08828125
0.088671875
0.0890625
0.089453125
0.08984375
0.090234375
0.090625
0.091015625
0.09140625
0.091796875
0.0921875
0.092578125
0.09296875
0.093359375
0.09375
0.094140625
0.09453125
0.094921875
0.0953125
0.095703125
0.09609375
0.096484375
0.096875
0.097265625
0.09765625
0.098046875
0.0984375
0.098828125
0.09921875
0.099609375
0.1
0.100390625
0.10078125
0.101171875
0.1015625
0.101953125
0.10234375
0.102734375
0.103125
0.103515625
0.10390625
0.104296875
0.1046875
0.105078125
0.10546875
0.105859375
0.10625
0.106640625
0.10703125
0.107421875
0.1078125
0.108203125
0.10859375
0.108984375
0.109375
0.109765625
0.11015625
0.110546875
0.1109375
0.111328125
0.11171875
0.112109375
0.1125
0.112890625
0.11328125
0.113671875
0.1140625
0.114453125
0.11484375
0.115234375
0.115625
0.116015625
0.11640625
0.116796875
0.1171875
0.117578125
0.11796875
0.118359375
0.11875
0.119140625
0.11953125
0.119921875
0.1203125
0.120703125
0.12109375
0.121484375
0.121875
0.122265625
0.12265625
0.123046875
0.1234375
0.123828125
0.12421875
0.124609375
0.125
0.125390625
0.12578125
0.126171875
0.1265625
0.126953125
0.12734375
0.127734375
0.128125
0.128515625
0.12890625
0.129296875
0.1296875
0.130078125
0.13046875
0.130859375
0.13125
0.131640625
0.13203125
0.132421875
0.1328125
0.133203125
0.13359375
0.133984375
0.134375
0.134765625
0.13515625
0.135546875
0.1359375
0.136328125
0.13671875
0.137109375
0.1375
0.137890625
0.13828125
0.138671875
0.1390625
0.139453125
0.13984375
0.140234375
0.140625
0.141015625
0.14140625
0.141796875
0.1421875
0.142578125
0.14296875
0.143359375
0.14375
0.144140625
0.14453125
0.144921875
0.1453125
0.145703125
0.14609375
0.146484375
0.146875
0.147265625
0.14765625
0.148046875
0.1484375
0.148828125
0.14921875
0.149609375
0.15
0.150390625
0.15078125
0.151171875
0.1515625
0.151953125
0.15234375
0.152734375
0.153125
0.153515625
0.15390625
0.154296875
0.1546875
0.155078125
0.15546875
0.155859375
0.15625
0.156640625
0.15703125
0.157421875
0.1578125
0.158203125
0.15859375
0.158984375
0.159375
0.159765625
0.16015625
0.160546875
0.1609375
0.161328125
0.16171875
0.162109375
0.1625
0.162890625
0.16328125
0.163671875
0.1640625
0.164453125
0.16484375
0.165234375
0.165625
0.166015625
0.16640625
0.166796875
0.1671875
0.167578125
0.16796875
0.168359375
0.16875
0.169140625
0.16953125
0.169921875
0.1703125
0.170703125
0.17109375
0.171484375
0.171875
0.172265625
0.17265625
0.173046875
0.1734375
0.173828125
0.17421875
0.174609375
0.175
0.175390625
0.17578125
0.176171875
0.1765625
0.176953125
0.17734375
0.177734375
0.178125
0.178515625
0.17890625
0.179296875
0.1796875
0.180078125
0.18046875
0.180859375
0.18125
0.181640625
0.18203125
0.182421875
0.1828125
0.183203125
0.18359375
0.183984375
0.184375
0.184765625
0.18515625
0.185546875
0.1859375
0.186328125
0.18671875
0.187109375
0.1875
0.187890625
0.18828125
0.188671875
0.1890625
0.189453125
0.18984375
0.190234375
0.190625
0.191015625
0.19140625
0.191796875
0.1921875
0.192578125
0.19296875
0.193359375
0.19375
0.194140625
0.19453125
0.194921875
0.1953125
0.195703125
0.19609375
0.196484375
0.196875
0.197265625
0.19765625
0.198046875
0.1984375
0.198828125
0.19921875
0.199609375
0.2
0.200390625
0.20078125
0.201171875
0.2015625
0.201953125
0.20234375
0.202734375
0.203125
0.203515625
0.20390625
0.204296875
0.2046875
0.205078125
0.20546875
0.205859375
0.20625
0.206640625
0.20703125
0.207421875
0.2078125
0.208203125
0.20859375
0.208984375
0.209375
0.209765625
0.21015625
0.210546875
0.2109375
0.211328125
0.21171875
0.212109375
0.2125
0.212890625
0.21328125
0.213671875
0.2140625
0.214453125
0.21484375
0.215234375
0.215625
0.216015625
0.21640625
0.216796875
0.2171875
0.217578125
0.21796875
0.218359375
0.21875
0.219140625
0.21953125
0.219921875
0.2203125
0.220703125
0.22109375
0.221484375
0.221875
0.222265625
0.22265625
0.223046875
0.2234375
0.223828125
0.22421875
0.224609375
0.225
0.225390625
0.22578125
0.226171875
0.2265625
0.226953125
0.22734375
0.227734375
0.228125
0.228515625
0.22890625
0.229296875
0.2296875
0.230078125
0.23046875
0.230859375
0.23125
0.231640625
0.23203125
0.232421875
0.2328125
0.233203125
0.23359375
0.233984375
0.234375
0.234765625
0.23515625
0.235546875
0.2359375
0.236328125
0.23671875
0.237109375
0.2375
0.237890625
0.23828125
0.238671875
0.2390625
0.239453125
0.23984375
0.240234375
0.240625
0.241015625
0.24140625
0.241796875
0.2421875
0.242578125
0.24296875
0.243359375
0.24375
0.244140625
0.24453125
0.244921875
0.2453125
0.245703125
0.24609375
0.246484375
0.246875
0.247265625
0.24765625
0.248046875
0.2484375
0.248828125
0.24921875
0.249609375
0.25
0.250390625
0.25078125
0.251171875
0.2515625
0.251953125
0.25234375
0.252734375
0.253125
0.253515625
0.25390625
0.254296875
0.2546875
0.255078125
0.25546875
0.255859375
0.25625
0.256640625
0.25703125
0.257421875
0.2578125
0.258203125
0.25859375
0.258984375
0.259375
0.259765625
0.26015625
0.260546875
0.2609375
0.261328125
0.26171875
0.262109375
0.2625
0.262890625
0.26328125
0.263671875
0.2640625
0.264453125
0.26484375
0.265234375
0.265625
0.266015625
0.26640625
0.266796875
0.2671875
0.267578125
0.26796875
0.268359375
0.26875
0.269140625
0.26953125
0.269921875
0.2703125
0.270703125
0.27109375
0.271484375
0.271875
0.272265625
0.27265625
0.273046875
0.2734375
0.273828125
0.27421875
0.274609375
0.275
0.275390625
0.27578125
0.276171875
0.2765625
0.276953125
0.27734375
0.277734375
0.278125
0.278515625
0.27890625
0.279296875
0.2796875
0.280078125
0.28046875
0.280859375
0.28125
0.281640625
0.28203125
0.282421875
0.2828125
0.283203125
0.28359375
0.283984375
0.284375
0.284765625
0.28515625
0.285546875
0.2859375
0.286328125
0.28671875
0.287109375
0.2875
0.287890625
0.28828125
0.288671875
0.2890625
0.289453125
0.28984375
0.290234375
0.290625
0.291015625
0.29140625
0.291796875
0.2921875
0.292578125
0.29296875
0.293359375
0.29375
0.294140625
0.29453125
0.294921875
0.2953125
0.295703125
0.29609375
0.296484375
0.296875
0.297265625
0.29765625
0.298046875
0.2984375
0.298828125
0.29921875
0.299609375
0.3
0.300390625
0.30078125
0.301171875
0.3015625
0.301953125
0.30234375
0.302734375
0.303125
0.303515625
0.30390625
0.304296875
0.3046875
0.305078125
0.30546875
0.305859375
0.30625
0.306640625
0.30703125
0.307421875
0.3078125
0.308203125
0.30859375
0.308984375
0.309375
0.309765625
0.31015625
0.310546875
0.3109375
0.311328125
0.31171875
0.312109375
0.3125
0.312890625
0.31328125
0.313671875
0.3140625
0.314453125
0.31484375
0.315234375
0.315625
0.316015625
0.31640625
0.316796875
0.3171875
0.317578125
0.31796875
0.318359375
0.31875
0.319140625
0.31953125
0.319921875
0.3203125
0.320703125
0.32109375
0.321484375
0.321875
0.322265625
0.32265625
0.323046875
0.3234375
0.323828125
0.32421875
0.324609375
0.325
0.325390625
0.32578125
0.326171875
0.3265625
0.326953125
0.32734375
0.327734375
0.328125
0.328515625
0.32890625
0.329296875
0.3296875
0.330078125
0.33046875
0.330859375
0.33125
0.331640625
0.33203125
0.332421875
0.3328125
0.333203125
0.33359375
0.333984375
0.334375
0.334765625
0.33515625
0.335546875
0.3359375
0.336328125
0.33671875
0.337109375
0.3375
0.337890625
0.33828125
0.338671875
0.3390625
0.339453125
0.33984375
0.340234375
0.340625
0.341015625
0.34140625
0.341796875
0.3421875
0.342578125
0.34296875
0.343359375
0.34375
0.344140625
0.34453125
0.344921875
0.3453125
0.345703125
0.34609375
0.346484375
0.346875
0.347265625
0.34765625
0.348046875
0.3484375
0.348828125
0.34921875
0.349609375
0.35
0.350390625
0.35078125
0.351171875
0.3515625
0.351953125
0.35234375
0.352734375
0.353125
0.353515625
0.35390625
0.354296875
0.3546875
0.355078125
0.35546875
0.355859375
0.35625
0.356640625
0.35703125
0.357421875
0.3578125
0.358203125
0.35859375
0.358984375
0.359375
0.359765625
0.36015625
0.360546875
0.3609375
0.361328125
0.36171875
0.362109375
0.3625
0.362890625
0.36328125
0.363671875
0.3640625
0.364453125
0.36484375
0.365234375
0.365625
0.366015625
0.36640625
0.366796875
0.3671875
0.367578125
0.36796875
0.368359375
0.36875
0.369140625
0.36953125
0.369921875
0.3703125
0.370703125
0.37109375
0.371484375
0.371875
0.372265625
0.37265625
0.373046875
0.3734375
0.373828125
0.37421875
0.374609375
0.375
0.375390625
0.37578125
0.376171875
0.3765625
0.376953125
0.37734375
0.377734375
0.378125
0.378515625
0.37890625
0.379296875
0.3796875
0.380078125
0.38046875
0.380859375
0.38125
0.381640625
0.38203125
0.382421875
0.3828125
0.383203125
0.38359375
0.383984375
0.384375
0.384765625
0.38515625
0.385546875
0.3859375
0.386328125
0.38671875
0.387109375
0.3875
0.387890625
0.38828125
0.388671875
0.3890625
0.389453125
0.38984375
0.390234375
0.390625
0.391015625
0.39140625
0.391796875
0.3921875
0.392578125
0.39296875
0.393359375
0.39375
0.394140625
0.39453125
0.394921875
0.3953125
0.395703125
0.39609375
0.396484375
0.396875
0.397265625
0.39765625
0.398046875
0.3984375
0.398828125
0.39921875
0.399609375
0.4
0.400390625
0.40078125
0.401171875
0.4015625
0.401953125
0.40234375
0.402734375
0.403125
0.403515625
0.40390625
0.404296875
0.4046875
0.405078125
0.40546875
0.405859375
0.40625
0.406640625
0.40703125
0.407421875
0.4078125
0.408203125
0.40859375
0.408984375
0.409375
0.409765625
0.41015625
0.410546875
0.4109375
0.411328125
0.41171875
0.412109375
0.4125
0.412890625
0.41328125
0.413671875
0.4140625
0.414453125
0.41484375
0.415234375
0.415625
0.416015625
0.41640625
0.416796875
0.4171875
0.417578125
0.41796875
0.418359375
0.41875
0.419140625
0.41953125
0.419921875
0.4203125
0.420703125
0.42109375
0.421484375
0.421875
0.422265625
0.42265625
0.423046875
0.4234375
0.423828125
0.42421875
0.424609375
0.425
0.425390625
0.42578125
0.426171875
0.4265625
0.426953125
0.42734375
0.427734375
0.428125
0.428515625
0.42890625
0.429296875
0.4296875
0.430078125
0.43046875
0.430859375
0.43125
0.431640625
0.43203125
0.432421875
0.4328125
0.433203125
0.43359375
0.433984375
0.434375
0.434765625
0.43515625
0.435546875
0.4359375
0.436328125
0.43671875
0.437109375
0.4375
0.437890625
0.43828125
0.438671875
0.4390625
0.439453125
0.43984375
0.440234375
0.440625
0.441015625
0.44140625
0.441796875
0.4421875
0.442578125
0.44296875
0.443359375
0.44375
0.444140625
0.44453125
0.444921875
0.4453125
0.445703125
0.44609375
0.446484375
0.446875
0.447265625
0.44765625
0.448046875
0.4484375
0.448828125
0.44921875
0.449609375
0.45
0.450390625
0.45078125
0.451171875
0.4515625
0.451953125
0.45234375
0.452734375
0.453125
0.453515625
0.45390625
0.454296875
0.4546875
0.455078125
0.45546875
0.455859375
0.45625
0.456640625
0.45703125
0.457421875
0.4578125
0.458203125
0.45859375
0.458984375
0.459375
0.459765625
0.46015625
0.460546875
0.4609375
0.461328125
0.46171875
0.462109375
0.4625
0.462890625
0.46328125
0.463671875
0.4640625
0.464453125
0.46484375
0.465234375
0.465625
0.466015625
0.46640625
0.466796875
0.4671875
0.467578125
0.46796875
0.468359375
0.46875
0.469140625
0.46953125
0.469921875
0.4703125
0.470703125
0.47109375
0.471484375
0.471875
0.472265625
0.47265625
0.473046875
0.4734375
0.473828125
0.47421875
0.474609375
0.475
0.475390625
0.47578125
0.476171875
0.4765625
0.476953125
0.47734375
0.477734375
0.478125
0.478515625
0.47890625
0.479296875
0.4796875
0.480078125
0.48046875
0.480859375
0.48125
0.481640625
0.48203125
0.482421875
0.4828125
0.483203125
0.48359375
0.483984375
0.484375
0.484765625
0.48515625
0.485546875
0.4859375
0.486328125
0.48671875
0.487109375
0.4875
0.487890625
0.48828125
0.488671875
0.4890625
0.489453125
0.48984375
0.490234375
0.490625
0.491015625
0.49140625
0.491796875
0.4921875
0.492578125
0.49296875
0.493359375
0.49375
0.494140625
0.49453125
0.494921875
0.4953125
0.495703125
0.49609375
0.496484375
0.496875
0.497265625
0.49765625
0.498046875
0.4984375
0.498828125
0.49921875
0.499609375
0.5
0.500390625
0.50078125
0.501171875
0.5015625
0.501953125
0.50234375
0.502734375
0.503125
0.503515625
0.50390625
0.504296875
0.5046875
0.505078125
0.50546875
0.505859375
0.50625
0.506640625
0.50703125
0.507421875
0.5078125
0.508203125
0.50859375
0.508984375
0.509375
0.509765625
0.51015625
0.510546875
0.5109375
0.511328125
0.51171875
0.512109375
0.5125
0.512890625
0.51328125
0.513671875
0.5140625
0.514453125
0.51484375
0.515234375
0.515625
0.516015625
0.51640625
0.516796875
0.5171875
0.517578125
0.51796875
0.518359375
0.51875
0.519140625
0.51953125
0.519921875
0.5203125
0.520703125
0.52109375
0.521484375
0.521875
0.522265625
0.52265625
0.523046875
0.5234375
0.523828125
0.52421875
0.524609375
0.525
0.525390625
0.52578125
0.526171875
0.5265625
0.526953125
0.52734375
0.527734375
0.528125
0.528515625
0.52890625
0.529296875
0.5296875
0.530078125
0.53046875
0.530859375
0.53125
0.531640625
0.53203125
0.532421875
0.5328125
0.533203125
0.53359375
0.533984375
0.534375
0.534765625
0.53515625
0.535546875
0.5359375
0.536328125
0.53671875
0.537109375
0.5375
0.537890625
0.53828125
0.538671875
0.5390625
0.539453125
0.53984375
0.540234375
0.540625
0.541015625
0.54140625
0.541796875
0.5421875
0.542578125
0.54296875
0.543359375
0.54375
0.544140625
0.54453125
0.544921875
0.5453125
0.545703125
0.54609375
0.546484375
0.546875
0.547265625
0.54765625
0.548046875
0.5484375
0.548828125
0.54921875
0.549609375
0.55
0.550390625
0.55078125
0.551171875
0.5515625
0.551953125
0.55234375
0.552734375
0.553125
0.553515625
0.55390625
0.554296875
0.5546875
0.555078125
0.55546875
0.555859375
0.55625
0.556640625
0.55703125
0.557421875
0.5578125
0.558203125
0.55859375
0.558984375
0.559375
0.559765625
0.56015625
0.560546875
0.5609375
0.561328125
0.56171875
0.562109375
0.5625
0.562890625
0.56328125
0.563671875
0.5640625
0.564453125
0.56484375
0.565234375
0.565625
0.566015625
0.56640625
0.566796875
0.5671875
0.567578125
0.56796875
0.568359375
0.56875
0.569140625
0.56953125
0.569921875
0.5703125
0.570703125
0.57109375
0.571484375
0.571875
0.572265625
0.57265625
0.573046875
0.5734375
0.573828125
0.57421875
0.574609375
0.575
0.575390625
0.57578125
0.576171875
0.5765625
0.576953125
0.57734375
0.577734375
0.578125
0.578515625
0.57890625
0.579296875
0.5796875
0.580078125
0.58046875
0.580859375
0.58125
0.581640625
0.58203125
0.582421875
0.5828125
0.583203125
0.58359375
0.583984375
0.584375
0.584765625
0.58515625
0.585546875
0.5859375
0.586328125
0.58671875
0.587109375
0.5875
0.587890625
0.58828125
0.588671875
0.5890625
0.589453125
0.58984375
0.590234375
0.590625
0.591015625
0.59140625
0.591796875
0.5921875
0.592578125
0.59296875
0.593359375
0.59375
0.594140625
0.59453125
0.594921875
0.5953125
0.595703125
0.59609375
0.596484375
0.596875
0.597265625
0.59765625
0.598046875
0.5984375
0.598828125
0.59921875
0.599609375
0.6
0.600390625
0.60078125
0.601171875
0.6015625
0.601953125
0.60234375
0.602734375
0.603125
0.603515625
0.60390625
0.604296875
0.6046875
0.605078125
0.60546875
0.605859375
0.60625
0.606640625
0.60703125
0.607421875
0.6078125
0.608203125
0.60859375
0.608984375
0.609375
0.609765625
0.61015625
0.610546875
0.6109375
0.611328125
0.61171875
0.612109375
0.6125
0.612890625
0.61328125
0.613671875
0.6140625
0.614453125
0.61484375
0.615234375
0.615625
0.616015625
0.61640625
0.616796875
0.6171875
0.617578125
0.61796875
0.618359375
0.61875
0.619140625
0.61953125
0.619921875
0.6203125
0.620703125
0.62109375
0.621484375
0.621875
0.622265625
0.62265625
0.623046875
0.6234375
0.623828125
0.62421875
0.624609375
0.625
0.625390625
0.62578125
0.626171875
0.6265625
0.626953125
0.62734375
0.627734375
0.628125
0.628515625
0.62890625
0.629296875
0.6296875
0.630078125
0.63046875
0.630859375
0.63125
0.631640625
0.63203125
0.632421875
0.6328125
0.633203125
0.63359375
0.633984375
0.634375
0.634765625
0.63515625
0.635546875
0.6359375
0.636328125
0.63671875
0.637109375
0.6375
0.637890625
0.63828125
0.638671875
0.6390625
0.639453125
0.63984375
0.640234375
0.640625
0.641015625
0.64140625
0.641796875
0.6421875
0.642578125
0.64296875
0.643359375
0.64375
0.644140625
0.64453125
0.644921875
0.6453125
0.645703125
0.64609375
0.646484375
0.646875
0.647265625
0.64765625
0.648046875
0.6484375
0.648828125
0.64921875
0.649609375
0.65
0.650390625
0.65078125
0.651171875
0.6515625
0.651953125
0.65234375
0.652734375
0.653125
0.653515625
0.65390625
0.654296875
0.6546875
0.655078125
0.65546875
0.655859375
0.65625
0.656640625
0.65703125
0.657421875
0.6578125
0.658203125
0.65859375
0.658984375
0.659375
0.659765625
0.66015625
0.660546875
0.6609375
0.661328125
0.66171875
0.662109375
0.6625
0.662890625
0.66328125
0.663671875
0.6640625
0.664453125
0.66484375
0.665234375
0.665625
0.666015625
0.66640625
0.666796875
0.6671875
0.667578125
0.66796875
0.668359375
0.66875
0.669140625
0.66953125
0.669921875
0.6703125
0.670703125
0.67109375
0.671484375
0.671875
0.672265625
0.67265625
0.673046875
0.6734375
0.673828125
0.67421875
0.674609375
0.675
0.675390625
0.67578125
0.676171875
0.6765625
0.676953125
0.67734375
0.677734375
0.678125
0.678515625
0.67890625
0.679296875
0.6796875
0.680078125
0.68046875
0.680859375
0.68125
0.681640625
0.68203125
0.682421875
0.6828125
0.683203125
0.68359375
0.683984375
0.684375
0.684765625
0.68515625
0.685546875
0.6859375
0.686328125
0.68671875
0.687109375
0.6875
0.687890625
0.68828125
0.688671875
0.6890625
0.689453125
0.68984375
0.690234375
0.690625
0.691015625
0.69140625
0.691796875
0.6921875
0.692578125
0.69296875
0.693359375
0.69375
0.694140625
0.69453125
0.694921875
0.6953125
0.695703125
0.69609375
0.696484375
0.696875
0.697265625
0.69765625
0.698046875
0.6984375
0.698828125
0.69921875
0.699609375
0.7
0.700390625
0.70078125
0.701171875
0.7015625
0.701953125
0.70234375
0.702734375
0.703125
0.703515625
0.70390625
0.704296875
0.7046875
0.705078125
0.70546875
0.705859375
0.70625
0.706640625
0.70703125
0.707421875
0.7078125
0.708203125
0.70859375
0.708984375
0.709375
0.709765625
0.71015625
0.710546875
0.7109375
0.711328125
0.71171875
0.712109375
0.7125
0.712890625
0.71328125
0.713671875
0.7140625
0.714453125
0.71484375
0.715234375
0.715625
0.716015625
0.71640625
0.716796875
0.7171875
0.717578125
0.71796875
0.718359375
0.71875
0.719140625
0.71953125
0.719921875
0.7203125
0.720703125
0.72109375
0.721484375
0.721875
0.722265625
0.72265625
0.723046875
0.7234375
0.723828125
0.72421875
0.724609375
0.725
0.725390625
0.72578125
0.726171875
0.7265625
0.726953125
0.72734375
0.727734375
0.728125
0.728515625
0.72890625
0.729296875
0.7296875
0.730078125
0.73046875
0.730859375
0.73125
0.731640625
0.73203125
0.732421875
0.7328125
0.733203125
0.73359375
0.733984375
0.734375
0.734765625
0.73515625
0.735546875
0.7359375
0.736328125
0.73671875
0.737109375
0.7375
0.737890625
0.73828125
0.738671875
0.7390625
0.739453125
0.73984375
0.740234375
0.740625
0.741015625
0.74140625
0.741796875
0.7421875
0.742578125
0.74296875
0.743359375
0.74375
0.744140625
0.74453125
0.744921875
0.7453125
0.745703125
0.74609375
0.746484375
0.746875
0.747265625
0.74765625
0.748046875
0.7484375
0.748828125
0.74921875
0.749609375
0.75
0.750390625
0.75078125
0.751171875
0.7515625
0.751953125
0.75234375
0.752734375
0.753125
0.753515625
0.75390625
0.754296875
0.7546875
0.755078125
0.75546875
0.755859375
0.75625
0.756640625
0.75703125
0.757421875
0.7578125
0.758203125
0.75859375
0.758984375
0.759375
0.759765625
0.76015625
0.760546875
0.7609375
0.761328125
0.76171875
0.762109375
0.7625
0.762890625
0.76328125
0.763671875
0.7640625
0.764453125
0.76484375
0.765234375
0.765625
0.766015625
0.76640625
0.766796875
0.7671875
0.767578125
0.76796875
0.768359375
0.76875
0.769140625
0.76953125
0.769921875
0.7703125
0.770703125
0.77109375
0.771484375
0.771875
0.772265625
0.77265625
0.773046875
0.7734375
0.773828125
0.77421875
0.774609375
0.775
0.775390625
0.77578125
0.776171875
0.7765625
0.776953125
0.77734375
0.777734375
0.778125
0.778515625
0.77890625
0.779296875
0.7796875
0.780078125
0.78046875
0.780859375
0.78125
0.781640625
0.78203125
0.782421875
0.7828125
0.783203125
0.78359375
0.783984375
0.784375
0.784765625
0.78515625
0.785546875
0.7859375
0.786328125
0.78671875
0.787109375
0.7875
0.787890625
0.78828125
0.788671875
0.7890625
0.789453125
0.78984375
0.790234375
0.790625
0.791015625
0.79140625
0.791796875
0.7921875
0.792578125
0.79296875
0.793359375
0.79375
0.794140625
0.79453125
0.794921875
0.7953125
0.795703125
0.79609375
0.796484375
0.796875
0.797265625
0.79765625
0.798046875
0.7984375
0.798828125
0.79921875
0.799609375
0.8
0.800390625
0.80078125
0.801171875
0.8015625
0.801953125
0.80234375
0.802734375
0.803125
0.803515625
0.80390625
0.804296875
0.8046875
0.805078125
0.80546875
0.805859375
0.80625
0.806640625
0.80703125
0.807421875
0.8078125
0.808203125
0.80859375
0.808984375
0.809375
0.809765625
0.81015625
0.810546875
0.8109375
0.811328125
0.81171875
0.812109375
0.8125
0.812890625
0.81328125
0.813671875
0.8140625
0.814453125
0.81484375
0.815234375
0.815625
0.816015625
0.81640625
0.816796875
0.8171875
0.817578125
0.81796875
0.818359375
0.81875
0.819140625
0.81953125
0.819921875
0.8203125
0.820703125
0.82109375
0.821484375
0.821875
0.822265625
0.82265625
0.823046875
0.8234375
0.823828125
0.82421875
0.824609375
0.825
0.825390625
0.82578125
0.826171875
0.8265625
0.826953125
0.82734375
0.827734375
0.828125
0.828515625
0.82890625
0.829296875
0.8296875
0.830078125
0.83046875
0.830859375
0.83125
0.831640625
0.83203125
0.832421875
0.8328125
0.833203125
0.83359375
0.833984375
0.834375
0.834765625
0.83515625
0.835546875
0.8359375
0.836328125
0.83671875
0.837109375
0.8375
0.837890625
0.83828125
0.838671875
0.8390625
0.839453125
0.83984375
0.840234375
0.840625
0.841015625
0.84140625
0.841796875
0.8421875
0.842578125
0.84296875
0.843359375
0.84375
0.844140625
0.84453125
0.844921875
0.8453125
0.845703125
0.84609375
0.846484375
0.846875
0.847265625
0.84765625
0.848046875
0.8484375
0.848828125
0.84921875
0.849609375
0.85
0.850390625
0.85078125
0.851171875
0.8515625
0.851953125
0.85234375
0.852734375
0.853125
0.853515625
0.85390625
0.854296875
0.8546875
0.855078125
0.85546875
0.855859375
0.85625
0.856640625
0.85703125
0.857421875
0.8578125
0.858203125
0.85859375
0.858984375
0.859375
0.859765625
0.86015625
0.860546875
0.8609375
0.861328125
0.86171875
0.862109375
0.8625
0.862890625
0.86328125
0.863671875
0.8640625
0.864453125
0.86484375
0.865234375
0.865625
0.866015625
0.86640625
0.866796875
0.8671875
0.867578125
0.86796875
0.868359375
0.86875
0.869140625
0.86953125
0.869921875
0.8703125
0.870703125
0.87109375
0.871484375
0.871875
0.872265625
0.87265625
0.873046875
0.8734375
0.873828125
0.87421875
0.874609375
0.875
0.875390625
0.87578125
0.876171875
0.8765625
0.876953125
0.87734375
0.877734375
0.878125
0.878515625
0.87890625
0.879296875
0.8796875
0.880078125
0.88046875
0.880859375
0.88125
0.881640625
0.88203125
0.882421875
0.8828125
0.883203125
0.88359375
0.883984375
0.884375
0.884765625
0.88515625
0.885546875
0.8859375
0.886328125
0.88671875
0.887109375
0.8875
0.887890625
0.88828125
0.888671875
0.8890625
0.889453125
0.88984375
0.890234375
0.890625
0.891015625
0.89140625
0.891796875
0.8921875
0.892578125
0.89296875
0.893359375
0.89375
0.894140625
0.89453125
0.894921875
0.8953125
0.895703125
0.89609375
0.896484375
0.896875
0.897265625
0.89765625
0.898046875
0.8984375
0.898828125
0.89921875
0.899609375
0.9
0.900390625
0.90078125
0.901171875
0.9015625
0.901953125
0.90234375
0.902734375
0.903125
0.903515625
0.90390625
0.904296875
0.9046875
0.905078125
0.90546875
0.905859375
0.90625
0.906640625
0.90703125
0.907421875
0.9078125
0.908203125
0.90859375
0.908984375
0.909375
0.909765625
0.91015625
0.910546875
0.9109375
0.911328125
0.91171875
0.912109375
0.9125
0.912890625
0.91328125
0.913671875
0.9140625
0.914453125
0.91484375
0.915234375
0.915625
0.916015625
0.91640625
0.916796875
0.9171875
0.917578125
0.91796875
0.918359375
0.91875
0.919140625
0.91953125
0.919921875
0.9203125
0.920703125
0.92109375
0.921484375
0.921875
0.922265625
0.92265625
0.923046875
0.9234375
0.923828125
0.92421875
0.924609375
0.925
0.925390625
0.92578125
0.926171875
0.9265625
0.926953125
0.92734375
0.927734375
0.928125
0.928515625
0.92890625
0.929296875
0.9296875
0.930078125
0.93046875
0.930859375
0.93125
0.931640625
0.93203125
0.932421875
0.9328125
0.933203125
0.93359375
0.933984375
0.934375
0.934765625
0.93515625
0.935546875
0.9359375
0.936328125
0.93671875
0.937109375
0.9375
0.937890625
0.93828125
0.938671875
0.9390625
0.939453125
0.93984375
0.940234375
0.940625
0.941015625
0.94140625
0.941796875
0.9421875
0.942578125
0.94296875
0.943359375
0.94375
0.944140625
0.94453125
0.944921875
0.9453125
0.945703125
0.94609375
0.946484375
0.946875
0.947265625
0.94765625
0.948046875
0.9484375
0.948828125
0.94921875
0.949609375
0.95
0.950390625
0.95078125
0.951171875
0.9515625
0.951953125
0.95234375
0.952734375
0.953125
0.953515625
0.95390625
0.954296875
0.9546875
0.955078125
0.95546875
0.955859375
0.95625
0.956640625
0.95703125
0.957421875
0.9578125
0.958203125
0.95859375
0.958984375
0.959375
0.959765625
0.96015625
0.960546875
0.9609375
0.961328125
0.96171875
0.962109375
0.9625
0.962890625
0.96328125
0.963671875
0.9640625
0.964453125
0.96484375
0.965234375
0.965625
0.966015625
0.96640625
0.966796875
0.9671875
0.967578125
0.96796875
0.968359375
0.96875
0.969140625
0.96953125
0.969921875
0.9703125
0.970703125
0.97109375
0.971484375
0.971875
0.972265625
0.97265625
0.973046875
0.9734375
0.973828125
0.97421875
0.974609375
0.975
0.975390625
0.97578125
0.976171875
0.9765625
0.976953125
0.97734375
0.977734375
0.978125
0.978515625
0.97890625
0.979296875
0.9796875
0.980078125
0.98046875
0.980859375
0.98125
0.981640625
0.98203125
0.982421875
0.9828125
0.983203125
0.98359375
0.983984375
0.984375
0.984765625
0.98515625
0.985546875
0.9859375
0.986328125
0.98671875
0.987109375
0.9875
0.987890625
0.98828125
0.988671875
0.9890625
0.989453125
0.98984375
0.990234375
0.990625
0.991015625
0.99140625
0.991796875
0.9921875
0.992578125
0.99296875
0.993359375
0.99375
0.994140625
0.99453125
0.994921875
0.9953125
0.995703125
0.99609375
0.996484375
0.996875
0.997265625
0.99765625
0.998046875
0.9984375
0.998828125
0.99921875
0.999609375
1
2560
1	2
2	3
3	4
4	5
5	6
6	7
7	8
8	9
9	10
10	11
11	12
12	13
13	14
14	15
15	16
16	17
17	18
18	19
19	20
20	21
21	22
22	23
23	24
24	25
25	26
26	27
27	28
28	29
29	30
30	31
31	32
32	33
33	34
34	35
35	36
36	37
37	38
38	39
39	40
40	41
41	42
42	43
43	44
44	45
45	46
46	47
47	48
48	49
49	50
50	51
51	52
52	53
53	54
54	55
55	56
56	57
57	58
58	59
59	60
60	61
61	62
62	63
63	64
64	65
65	66
66	67
67	68
68	69
69	70
70	71
71	72
72	73
73	74
74	75
75	76
76	77
77	78
78	79
79	80
80	81
81	82
82	83
83	84
84	85
85	86
86	87
87	88
88	89
89	90
90	91
91	92
92	93
93	94
94	95
95	96
96	97
97	98
98	99
99	100
100	101
101	102
102	103
103	104
104	105
105	106
106	107
107	108
108	109
109	110
110	111
111	112
112	113
113	114
114	115
115	116
116	117
117	118
118	119
119	120
120	121
121	122
122	123
123	124
124	125
125	126
126	127
127	128
128	129
129	130
130	131
131	132
132	133
133	134
134	135
135	136
136	137
137	138
138	139
139	140
140	141
141	142
142	143
143	144
144	145
145	146
146	147
147	148
148	149
149	150
150	151
151	152
152	153
153	154
154	155
155	156
156	157
157	158
158	159
159	160
160	161
161	162
162	163
163	164
164	165
165	166
166	167
167	168
168	169
169	170
170	171
171	172
172	173
173	174
174	175
175	176
176	177
177	178
178	179
179	180
180	181
181	182
182	183
183	184
184	185
185	186
186	187
187	188
188	189
189	190
190	191
191	192
192	193
193	194
194	195
195	196
196	197
197	198
198	199
199	200
200	201
201	202
202	203
203	204
204	205
205	206
206	207
207	208
208	209
209	210
210	211
211	212
212	213
213	214
214	215
215	216
216	217
217	218
218	219
219	220
220	221
221	222
222	223
223	224
224	225
225	226
226	227
227	228
228	229
229	230
230	231
231	232
232	233
233	234
234	235
235	236
236	237
237	238
238	239
239	240
240	241
241	242
242	243
243	244
244	245
245	246
246	247
247	248
248	249
249	250
250	251
251	252
252	253
253	254
254	255
255	256
256	257
257	258
258	259
259	260
260	261
261	262
262	263
263	264
264	265
265	266
266	267
267	268
268	269
269	270
270	271
271	272
272	273
273	274
274	275
275	276
276	277
277	278
278	279
279	280
280	281
281	282
282	283
283	284
284	285
285	286
286	287
287	288
288	289
289	290
290	291
291	292
292	293
293	294
294	295
295	296
296	297
297	298
298	299
299	300
300	301
301	302
302	303
303	304
304	305
305	306
306	307
307	308
308	309
309	310
310	311
311	312
312	313
313	314
314	315
315	316
316	317
317	318
318	319
319	320
320	321
321	322
322	323
323	324
324	325
325	326
326	327
327	328
328	329
329	330
330	331
331	332
332	333
333	334
334	335
335	336
336	337
337	338
338	339
339	340
340	341
341	342
342	343
343	344
344	345
345	346
346	347
347	348
348	349
349	350
350	351
351	352
352	353
353	354
354	355
355	356
356	357
357	358
358	359
359	360
360	361
361	362
362	363
363	364
364	365
365	366
366	367
367	368
368	369
369	370
370	371
371	372
372	373
373	374
374	375
375	376
376	377
377	378
378	379
379	380
380	381
381	382
382	383
383	384
384	385
385	386
386	387
387	388
388	389
389	390
390	391
391	392
392	393
393	394
394	395
395	396
396	397
397	398
398	399
399	400
400	401
401	402
402	403
403	404
404	405
405	406
406	407
407	408
408	409
409	410
410	411
411	412
412	413
413	414
414	415
415	416
416	417
417	418
418	419
419	420
420	421
421	422
422	423
423	424
424	425
425	426
426	427
427	428
428	429
429	430
430	431
431	432
432	433
433	434
434	435
435	436
436	437
437	438
438	439
439	440
440	441
441	442
442	443
443	444
444	445
445	446
446	447
447	448
448	449
449	450
450	451
451	452
452	453
453	454
454	455
455	456
456	457
457	458
458	459
459	460
460	461
461	462
462	463
463	464
464	465
465	466
466	467
467	468
468	469
469	470
470	471
471	472
472	473
473	474
474	475
475	476
476	477
477	478
478	479
479	480
480	481
481	482
482	483
483	484
484	485
485	486
486	487
487	488
488	489
489	490
490	491
491	492
492	493
493	494
494	495
495	496
496	497
497	498
498	499
499	500
500	501
501	502
502	503
503	504
504	505
505	506
506	507
507	508
508	509
509	510
510	511
511	512
512	513
513	514
514	515
515	516
516	517
517	518
518	519
519	520
520	521
521	522
522	523
523	524
524	525
525	526
526	527
527	528
528	529
529	530
530	531
531	532
532	533
533	534
534	535
535	536
536	537
537	538
538	539
539	540
540	541
541	542
542	543
543	544
544	545
545	546
546	547
547	548
548	549
549	550
550	551
551	552
552	553
553	554
554	555
555	556
556	557
557	558
558	559
559	560
560	561
561	562
562	563
563	564
564	565
565	566
566	567
567	568
568	569
569	570
570	571
571	572
572	573
573	574
574	575
575	576
576	577
577	578
578	579
579	580
580	581
581	582
582	583
583	584
584	585
585	586
586	587
587	588
588	589
589	590
590	591
591	592
592	593
593	594
594	595
595	596
596	597
597	598
598	599
599	600
600	601
601	602
602	603
603	604
604	605
605	606
606	607
607	608
608	609
609	610
610	611
611	612
612	613
613	614
614	615
615	616
616	617
617	618
618	619
619	620
620	621
621	622
622	623
623	624
624	625
625	626
626	627
627	628
628	629
629	630
630	631
631	632
632	633
633	634
634	635
635	636
636	637
637	638
638	639
639	640
640	641
641	642
642	643
643	644
644	645
645	646
646	647
647	648
648	649
649	650
650	651
651	652
652	653
653	654
654	655
655	656
656	657
657	658
658	659
659	660
660	661
661	662
662	663
663	664
664	665
665	666
666	667
667	668
668	669
669	670
670	671
671	672
672	673
673	674
674	675
675	676
676	677
677	678
678	679
679	680
680	681
681	682
682	683
683	684
684	685
685	686
686	687
687	688
688	689
689	690
690	691
691	692
692	693
693	694
694	695
695	696
696	697
697	698
698	699
699	700
700	701
701	702
702	703
703	704
704	705
705	706
706	707
707	708
708	709
709	710
710	711
711	712
712	713
713	714
714	715
715	716
716	717
717	718
718	719
719	720
720	721
721	722
722	723
723	724
724	725
725	726
726	727
727	728
728	729
729	730
730	731
731	732
732	733
733	734
734	735
735	736
736	737
737	738
738	739
739	740
740	741
741	742
742	743
743	744
744	745
745	746
746	747
747	748
748	749
749	750
750	751
751	752
752	753
753	754
754	755
755	756
756	757
757	758
758	759
759	760
760	761
761	762
762	763
763	764
764	765
765	766
766	767
767	768
768	769
769	770
770	771
771	772
772	773
773	774
774	775
775	776
776	777
777	778
778	779
779	780
780	781
781	782
782	783
783	784
784	785
785	786
786	787
787	788
788	789
789	790
790	791
791	792
792	793
793	794
794	795
795	796
796	797
797	798
798	799
799	800
800	801
801	802
802	803
803	804
804	805
805	806
806	807
807	808
808	809
809	810
810	811
811	812
812	813
813	814
814	815
815	816
816	817
817	818
818	819
819	820
820	821
821	822
822	823
823	824
824	825
825	826
826	827
827	828
828	829
829	830
830	831
831	832
832	833
833	834
834	835
835	836
836	837
837	838
838	839
839	840
840	841
841	842
842	843
843	844
844	845
845	846
846	847
847	848
848	849
849	850
850	851
851	852
852	853
853	854
854	855
855	856
856	857
857	858
858	859
859	860
860	861
861	862
862	863
863	864
864	865
865	866
866	867
867	868
868	869
869	870
870	871
871	872
872	873
873	874
874	875
875	876
876	877
877	878
878	879
879	880
880	881
881	882
882	883
883	884
884	885
885	886
886	887
887	888
888	889
889	890
890	891
891	892
892	893
893	894
894	895
895	896
896	897
897	898
898	899
899	900
900	901
901	902
902	903
903	904
904	905
905	906
906	907
907	908
908	909
909	910
910	911
911	912
912	913
913	914
914	915
915	916
916	917
917	918
918	919
919	920
920	921
921	922
922	923
923	924
924	925
925	926
926	927
927	928
928	929
929	930
930	931
931	932
932	933
933	934
934	935
935	936
936	937
937	938
938	939
939	940
940	941
941	942
942	943
943	944
944	945
945	946
946	947
947	948
948	949
949	950
950	951
951	952
952	953
953	954
954	955
955	956
956	957
957	958
958	959
959	960
960	961
961	962
962	963
963	964
964	965
965	966
966	967
967	968
968	969
969	970
970	971
971	972
972	973
973	974
974	975
975	976
976	977
977	978
978	979
979	980
980	981
981	982
982	983
983	984
984	985
985	986
986	987
987	988
988	989
989	990
990	991
991	992
992	993
993	994
994	995
995	996
996	997
997	998
998	999
999	1000
1000	1001
1001	1002
1002	1003
1003	1004
1004	1005
1005	1006
1006	1007
1007	1008
1008	1009
1009	1010
1010	1011
1011	1012
1012	1013
1013	1014
1014	1015
1015	1016
1016	1017
1017	1018
1018	1019
1019	1020
1020	1021
1021	1022
1022	1023
1023	1024
1024	1025
1025	1026
1026	1027
1027	1028
1028	1029
1029	1030
1030	1031
1031	1032
1032	1033
1033	1034
1034	1035
1035	1036
1036	1037
1037	1038
1038	1039
1039	1040
1040	1041
1041	1042
1042	1043
1043	1044
1044	1045
1045	1046
1046	1047
1047	1048
1048	1049
1049	1050
1050	1051
1051	1052
1052	1053
1053	1054
1054	1055
1055	1056
1056	1057
1057	1058
1058	1059
1059	1060
1060	1061
1061	1062
1062	1063
1063	1064
1064	1065
1065	1066
1066	1067
1067	1068
1068	1069
1069	1070
1070	1071
1071	1072
1072	1073
1073	1074
1074	1075
1075	1076
1076	1077
1077	1078
1078	1079
1079	1080
1080	1081
1081	1082
1082	1083
1083	1084
1084	1085
1085	1086
1086	1087
1087	1088
1088	1089
1089	1090
1090	1091
1091	1092
1092	1093
1093	1094
1094	1095
1095	1096
1096	1097
1097	1098
1098	1099
1099	1100
1100	1101
1101	1102
1102	1103
1103	1104
1104	1105
1105	1106
1106	1107
1107	1108
1108	1109
1109	1110
1110	1111
1111	1112
1112	1113
1113	1114
1114	1115
1115	1116
1116	1117
1117	1118
1118	1119
1119	1120
1120	1121
1121	1122
1122	1123
1123	1124
1124	1125
1125	1126
1126	1127
1127	1128
1128	1129
1129	1130
1130	1131
1131	1132
1132	1133
1133	1134
1134	1135
1135	1136
1136	1137
1137	1138
1138	1139
1139	1140
1140	1141
1141	1142
1142	1143
1143	1144
1144	1145
1145	1146
1146	1147
1147	1148
1148	1149
1149	1150
1150	1151
1151	1152
1152	1153
1153	1154
1154	1155
1155	1156
1156	1157
1157	1158
1158	1159
1159	1160
1160	1161
1161	1162
1162	1163
1163	1164
1164	1165
1165	1166
1166	1167
1167	1168
1168	1169
1169	1170
1170	1171
1171	1172
1172	1173
1173	1174
1174	1175
1175	1176
1176	1177
1177	1178
1178	1179
1179	1180
1180	1181
1181	1182
1182	1183
1183	1184
1184	1185
1185	1186
1186	1187
1187	1188
1188	1189
1189	1190
1190	1191
1191	1192
1192	1193
1193	1194
1194	1195
1195	1196
1196	1197
1197	1198
1198	1199
1199	1200
1200	1201
1201	1202
1202	1203
1203	1204
1204	1205
1205	1206
1206	1207
1207	1208
1208	1209
1209	1210
1210	1211
1211	1212
1212	1213
1213	1214
1214	1215
1215	1216
1216	1217
1217	1218
1218	1219
1219	1220
1220	1221
1221	1222
1222	1223
1223	1224
1224	1225
1225	1226
1226	1227
1227	1228
1228	1229
1229	1230
1230	1231
1231	1232
1232	1233
1233	1234
1234	1235
1235	1236
1236	1237
1237	1238
1238	1239
1239	1240
1240	1241
1241	1242
1242	1243
1243	1244
1244	1245
1245	1246
1246	1247
1247	1248
1248	1249
1249	1250
1250	1251
1251	1252
1252	1253
1253	1254
1254	1255
1255	1256
1256	1257
1257	1258
1258	1259
1259	1260
1260	1261
1261	1262
1262	1263
1263	1264
1264	1265
1265	1266
1266	1267
1267	1268
1268	1269
1269	1270
1270	1271
1271	1272
1272	1273
1273	1274
1274	1275
1275	1276
1276	1277
1277	1278
1278	1279
1279	1280
1280	1281
1281	1282
1282	1283
1283	1284
1284	1285
1285	1286
1286	1287
1287	1288
1288	1289
1289	1290
1290	1291
1291	1292
1292	1293
1293	1294
1294	1295
1295	1296
1296	1297
1297	1298
1298	1299
1299	1300
1300	1301
1301	1302
1302	1303
1303	1304
1304	1305
1305	1306
1306	1307
1307	1308
1308	1309
1309	1310
1310	1311
1311	1312
1312	1313
1313	1314
1314	1315
1315	1316
1316	1317
1317	1318
1318	1319
1319	1320
1320	1321
1321	1322
1322	1323
1323	1324
1324	1325
1325	1326
1326	1327
1327	1328
1328	1329
1329	1330
1330	1331
1331	1332
1332	1333
1333	1334
1334	1335
1335	1336
1336	1337
1337	1338
1338	1339
1339	1340
1340	1341
1341	1342
1342	1343
1343	1344
1344	1345
1345	1346
1346	1347
1347	1348
1348	1349
1349	1350
1350	1351
1351	1352
1352	1353
1353	1354
1354	1355
1355	1356
1356	1357
1357	1358
1358	1359
1359	1360
1360	1361
1361	1362
1362	1363
1363	1364
1364	1365
1365	1366
1366	1367
1367	1368
1368	1369
1369	1370
1370	1371
1371	1372
1372	1373
1373	1374
1374	1375
1375	1376
1376	1377
1377	1378
1378	1379
1379	1380
1380	1381
1381	1382
1382	1383
1383	1384
1384	1385
1385	1386
1386	1387
1387	1388
1388	1389
1389	1390
1390	1391
1391	1392
1392	1393
1393	1394
1394	1395
1395	1396
1396	1397
1397	1398
1398	1399
1399	1400
1400	1401
1401	1402
1402	1403
1403	1404
1404	1405
1405	1406
1406	1407
1407	1408
1408	1409
1409	1410
1410	1411
1411	1412
1412	1413
1413	1414
1414	1415
1415	1416
1416	1417
1417	1418
1418	1419
1419	1420
1420	1421
1421	1422
1422	1423
1423	1424
1424	1425
1425	1426
1426	1427
1427	1428
1428	1429
1429	1430
1430	1431
1431	1432
1432	1433
1433	1434
1434	1435
1435	1436
1436	1437
1437	1438
1438	1439
1439	1440
1440	1441
1441	1442
1442	1443
1443	1444
1444	1445
1445	1446
1446	1447
1447	1448
1448	1449
1449	1450
1450	1451
1451	1452
1452	1453
1453	1454
1454	1455
1455	1456
1456	1457
1457	1458
1458	1459
1459	1460
1460	1461
1461	1462
1462	1463
1463	1464
1464	1465
1465	1466
1466	1467
1467	1468
1468	1469
1469	1470
1470	1471
1471	1472
1472	1473
1473	1474
1474	1475
1475	1476
1476	1477
1477	1478
1478	1479
1479	1480
1480	1481
1481	1482
1482	1483
1483	1484
1484	1485
1485	1486
1486	1487
1487	1488
1488	1489
1489	1490
1490	1491
1491	1492
1492	1493
1493	1494
1494	1495
1495	1496
1496	1497
1497	1498
1498	1499
1499	1500
1500	1501
1501	1502
1502	1503
1503	1504
1504	1505
1505	1506
1506	1507
1507	1508
1508	1509
1509	1510
1510	1511
1511	1512
1512	1513
1513	1514
1514	1515
1515	1516
1516	1517
1517	1518
1518	1519
1519	1520
1520	1521
1521	1522
1522	1523
1523	1524
1524	1525
1525	1526
1526	1527
1527	1528
1528	1529
1529	1530
1530	1531
1531	1532
1532	1533
1533	1534
1534	1535
1535	1536
1536	1537
1537	1538
1538	1539
1539	1540
1540	1541
1541	1542
1542	1543
1543	1544
1544	1545
1545	1546
1546	1547
1547	1548
1548	1549
1549	1550
1550	1551
1551	1552
1552	1553
1553	1554
1554	1555
1555	1556
1556	1557
1557	1558
1558	1559
1559	1560
1560	1561
1561	1562
1562	1563
1563	1564
1564	1565
1565	1566
1566	1567
1567	1568
1568	1569
1569	1570
1570	1571
1571	1572
1572	1573
1573	1574
1574	1575
1575	1576
1576	1577
1577	1578
1578	1579
1579	1580
1580	1581
1581	1582
1582	1583
1583	1584
1584	1585
1585	1586
1586	1587
1587	1588
1588	1589
1589	1590
1590	1591
1591	1592
1592	1593
1593	1594
1594	1595
1595	1596
1596	1597
1597	1598
1598	1599
1599	1600
1600	1601
1601	1602
1602	1603
1603	1604
1604	1605
1605	1606
1606	1607
1607	1608
1608	1609
1609	1610
1610	1611
1611	1612
1612	1613
1613	1614
1614	1615
1615	1616
1616	1617
1617	1618
1618	1619
1619	1620
1620	1621
1621	1622
1622	1623
1623	1624
1624	1625
1625	1626
1626	1627
1627	1628
1628	1629
1629	1630
1630	1631
1631	1632
1632	1633
1633	1634
1634	1635
1635	1636
1636	1637
1637	1638
1638	1639
1639	1640
1640	1641
1641	1642
1642	1643
1643	1644
1644	1645
1645	1646
1646	1647
1647	1648
1648	1649
1649	1650
1650	1651
1651	1652
1652	1653
1653	1654
1654	1655
1655	1656
1656	1657
1657	1658
1658	1659
1659	1660
1660	1661
1661	1662
1662	1663
1663	1664
1664	1665
1665	1666
1666	1667
1667	1668
1668	1669
1669	1670
1670	1671
1671	1672
1672	1673
1673	1674
1674	1675
1675	1676
1676	1677
1677	1678
1678	1679
1679	1680
1680	1681
1681	1682
1682	1683
1683	1684
1684	1685
1685	1686
1686	1687
1687	1688
1688	1689
1689	1690
1690	1691
1691	1692
1692	1693
1693	1694
1694	1695
1695	1696
1696	1697
1697	1698
1698	1699
1699	1700
1700	1701
1701	1702
1702	1703
1703	1704
1704	1705
1705	1706
1706	1707
1707	1708
1708	1709
1709	1710
1710	1711
1711	1712
1712	1713
1713	1714
1714	1715
1715	1716
1716	1717
1717	1718
1718	1719
1719	1720
1720	1721
1721	1722
1722	1723
1723	1724
1724	1725
1725	1726
1726	1727
1727	1728
1728	1729
1729	1730
1730	1731
1731	1732
1732	1733
1733	1734
1734	1735
1735	1736
1736	1737
1737	1738
1738	1739
1739	1740
1740	1741
1741	1742
1742	1743
1743	1744
1744	1745
1745	1746
1746	1747
1747	1748
1748	1749
1749	1750
1750	1751
1751	1752
1752	1753
1753	1754
1754	1755
1755	1756
1756	1757
1757	1758
1758	1759
1759	1760
1760	1761
1761	1762
1762	1763
1763	1764
1764	1765
1765	1766
1766	1767
1767	1768
1768	1769
1769	1770
1770	1771
1771	1772
1772	1773
1773	1774
1774	1775
1775	1776
1776	1777
1777	1778
1778	1779
1779	1780
1780	1781
1781	1782
1782	1783
1783	1784
1784	1785
1785	1786
1786	1787
1787	1788
1788	1789
1789	1790
1790	1791
1791	1792
1792	1793
1793	1794
1794	1795
1795	1796
1796	1797
1797	1798
1798	1799
1799	1800
1800	1801
1801	1802
1802	1803
1803	1804
1804	1805
1805	1806
1806	1807
1807	1808
1808	1809
1809	1810
1810	1811
1811	1812
1812	1813
1813	1814
1814	1815
1815	1816
1816	1817
1817	1818
1818	1819
1819	1820
1820	1821
1821	1822
1822	1823
1823	1824
1824	1825
1825	1826
1826	1827
1827	1828
1828	1829
1829	1830
1830	1831
1831	1832
1832	1833
1833	1834
1834	1835
1835	1836
1836	1837
1837	1838
1838	1839
1839	1840
1840	1841
1841	1842
1842	1843
1843	1844
1844	1845
1845	1846
1846	1847
1847	1848
1848	1849
1849	1850
1850	1851
1851	1852
1852	1853
1853	1854
1854	1855
1855	1856
1856	1857
1857	1858
1858	1859
1859	1860
1860	1861
1861	1862
1862	1863
1863	1864
1864	1865
1865	1866
1866	1867
1867	1868
1868	1869
1869	1870
1870	1871
1871	1872
1872	1873
1873	1874
1874	1875
1875	1876
1876	1877
1877	1878
1878	1879
1879	1880
1880	1881
1881	1882
1882	1883
1883	1884
1884	1885
1885	1886
1886	1887
1887	1888
1888	1889
1889	1890
1890	1891
1891	1892
1892	1893
1893	1894
1894	1895
1895	1896
1896	1897
1897	1898
1898	1899
1899	1900
1900	1901
1901	1902
1902	1903
1903	1904
1904	1905
1905	1906
1906	1907
1907	1908
1908	1909
1909	1910
1910	1911
1911	1912
1912	1913
1913	1914
1914	1915
1915	1916
1916	1917
1917	1918
1918	1919
1919	1920
1920	1921
1921	1922
1922	1923
1923	1924
1924	1925
1925	1926
1926	1927
1927	1928
1928	1929
1929	1930
1930	1931
1931	1932
1932	1933
1933	1934
1934	1935
1935	1936
1936	1937
1937	1938
1938	1939
1939	1940
1940	1941
1941	1942
1942	1943
1943	1944
1944	1945
1945	1946
1946	1947
1947	1948
1948	1949
1949	1950
1950	1951
1951	1952
1952	1953
1953	1954
1954	1955
1955	1956
1956	1957
1957	1958
1958	1959
1959	1960
1960	1961
1961	1962
1962	1963
1963	1964
1964	1965
1965	1966
1966	1967
1967	1968
1968	1969
1969	1970
1970	1971
1971	1972
1972	1973
1973	1974
1974	1975
1975	1976
1976	1977
1977	1978
1978	1979
1979	1980
1980	1981
1981	1982
1982	1983
1983	1984
1984	1985
1985	1986
1986	1987
1987	1988
1988	1989
1989	1990
1990	1991
1991	1992
1992	1993
1993	1994
1994	1995
1995	1996
1996	1997
1997	1998
1998	1999
1999	2000
2000	2001
2001	2002
2002	2003
2003	2004
2004	2005
2005	2006
2006	2007
2007	2008
2008	2009
2009	2010
2010	2011
2011	2012
2012	2013
2013	2014
2014	2015
2015	2016
2016	2017
2017	2018
2018	2019
2019	2020
2020	2021
2021	2022
2022	2023
2023	2024
2024	2025
2025	2026
2026	2027
2027	2028
2028	2029
2029	2030
2030	2031
2031	2032
2032	2033
2033	2034
2034	2035
2035	2036
2036	2037
2037	2038
2038	2039
2039	2040
2040	2041
2041	2042
2042	2043
2043	2044
2044	2045
2045	2046
2046	2047
2047	2048
2048	2049
2049	2050
2050	2051
2051	2052
2052	2053
2053	2054
2054	2055
2055	2056
2056	2057
2057	2058
2058	2059
2059	2060
2060	2061
2061	2062
2062	2063
2063	2064
2064	2065
2065	2066
2066	2067
2067	2068
2068	2069
2069	2070
2070	2071
2071	2072
2072	2073
2073	2074
2074	2075
2075	2076
2076	2077
2077	2078
2078	2079
2079	2080
2080	2081
2081	2082
2082	2083
2083	2084
2084	2085
2085	2086
2086	2087
2087	2088
2088	2089
2089	2090
2090	2091
2091	2092
2092	2093
2093	2094
2094	2095
2095	2096
2096	2097
2097	2098
2098	2099
2099	2100
2100	2101
2101	2102
2102	2103
2103	2104
2104	2105
2105	2106
2106	2107
2107	2108
2108	2109
2109	2110
2110	2111
2111	2112
2112	2113
2113	2114
2114	2115
2115	2116
2116	2117
2117	2118
2118	2119
2119	2120
2120	2121
2121	2122
2122	2123
2123	2124
2124	2125
2125	2126
2126	2127
2127	2128
2128	2129
2129	2130
2130	2131
2131	2132
2132	2133
2133	2134
2134	2135
2135	2136
2136	2137
2137	2138
2138	2139
2139	2140
2140	2141
2141	2142
2142	2143
2143	2144
2144	2145
2145	2146
2146	2147
2147	2148
2148	2149
2149	2150
2150	2151
2151	2152
2152	2153
2153	2154
2154	2155
2155	2156
2156	2157
2157	2158
2158	2159
2159	2160
2160	2161
2161	2162
2162	2163
2163	2164
2164	2165
2165	2166
2166	2167
2167	2168
2168	2169
2169	2170
2170	2171
2171	2172
2172	2173
2173	2174
2174	2175
2175	2176
2176	2177
2177	2178
2178	2179
2179	2180
2180	2181
2181	2182
2182	2183
2183	2184
2184	2185
2185	2186
2186	2187
2187	2188
2188	2189
2189	2190
2190	2191
2191	2192
2192	2193
2193	2194
2194	2195
2195	2196
2196	2197
2197	2198
2198	2199
2199	2200
2200	2201
2201	2202
2202	2203
2203	2204
2204	2205
2205	2206
2206	2207
2207	2208
2208	2209
2209	2210
2210	2211
2211	2212
2212	2213
2213	2214
2214	2215
2215	2216
2216	2217
2217	2218
2218	2219
2219	2220
2220	2221
2221	2222
2222	2223
2223	2224
2224	2225
2225	2226
2226	2227
2227	2228
2228	2229
2229	2230
2230	2231
2231	2232
2232	2233
2233	2234
2234	2235
2235	2236
2236	2237
2237	2238
2238	2239
2239	2240
2240	2241
2241	2242
2242	2243
2243	2244
2244	2245
2245	2246
2246	2247
2247	2248
2248	2249
2249	2250
2250	2251
2251	2252
2252	2253
2253	2254
2254	2255
2255	2256
2256	2257
2257	2258
2258	2259
2259	2260
2260	2261
2261	2262
2262	2263
2263	2264
2264	2265
2265	2266
2266	2267
2267	2268
2268	2269
2269	2270
2270	2271
2271	2272
2272	2273
2273	2274
2274	2275
2275	2276
2276	2277
2277	2278
2278	2279
2279	2280
2280	2281
2281	2282
2282	2283
2283	2284
2284	2285
2285	2286
2286	2287
2287	2288
2288	2289
2289	2290
2290	2291
2291	2292
2292	2293
2293	2294
2294	2295
2295	2296
2296	2297
2297	2298
2298	2299
2299	2300
2300	2301
2301	2302
2302	2303
2303	2304
2304	2305
2305	2306
2306	2307
2307	2308
2308	2309
2309	2310
2310	2311
2311	2312
2312	2313
2313	2314
2314	2315
2315	2316
2316	2317
2317	2318
2318	2319
2319	2320
2320	2321
2321	2322
2322	2323
2323	2324
2324	2325
2325	2326
2326	2327
2327	2328
2328	2329
2329	2330
2330	2331
2331	2332
2332	2333
2333	2334
2334	2335
2335	2336
2336	2337
2337	2338
2338	2339
2339	2340
2340	2341
2341	2342
2342	2343
2343	2344
2344	2345
2345	2346
2346	2347
2347	2348
2348	2349
2349	2350
2350	2351
2351	2352
2352	2353
2353	2354
2354	2355
2355	2356
2356	2357
2357	2358
2358	2359
2359	2360
2360	2361
2361	2362
2362	2363
2363	2364
2364	2365
2365	2366
2366	2367
2367	2368
2368	2369
2369	2370
2370	2371
2371	2372
2372	2373
2373	2374
2374	2375
2375	2376
2376	2377
2377	2378
2378	2379
2379	2380
2380	2381
2381	2382
2382	2383
2383	2384
2384	2385
2385	2386
2386	2387
2387	2388
2388	2389
2389	2390
2390	2391
2391	2392
2392	2393
2393	2394
2394	2395
2395	2396
2396	2397
2397	2398
2398	2399
2399	2400
2400	2401
2401	2402
2402	2403
2403	2404
2404	2405
2405	2406
2406	2407
2407	2408
2408	2409
2409	2410
2410	2411
2411	2412
2412	2413
2413	2414
2414	2415
2415	2416
2416	2417
2417	2418
2418	2419
2419	2420
2420	2421
2421	2422
2422	2423
2423	2424
2424	2425
2425	2426
2426	2427
2427	2428
2428	2429
2429	2430
2430	2431
2431	2432
2432	2433
2433	2434
2434	2435
2435	2436
2436	2437
2437	2438
2438	2439
2439	2440
2440	2441
2441	2442
2442	2443
2443	2444
2444	2445
2445	2446
2446	2447
2447	2448
2448	2449
2449	2450
2450	2451
2451	2452
2452	2453
2453	2454
2454	2455
2455	2456
2456	2457
2457	2458
2458	2459
2459	2460
2460	2461
2461	2462
2462	2463
2463	2464
2464	2465
2465	2466
2466	2467
2467	2468
2468	2469
2469	2470
2470	2471
2471	2472
2472	2473
2473	2474
2474	2475
2475	2476
2476	2477
2477	2478
2478	2479
2479	2480
2480	2481
2481	2482
2482	2483
2483	2484
2484	2485
2485	2486
2486	2487
2487	2488
2488	2489
2489	2490
2490	2491
2491	2492
2492	2493
2493	2494
2494	2495
2495	2496
2496	2497
2497	2498
2498	2499
2499	2500
2500	2501
2501	2502
2502	2503
2503	2504
2504	2505
2505	2506
2506	2507
2507	2508
2508	2509
2509	2510
2510	2511
2511	2512
2512	2513
2513	2514
2514	2515
2515	2516
2516	2517
2517	2518
2518	2519
2519	2520
2520	2521
2521	2522
2522	2523
2523	2524
2524	2525
2525	2526
2526	2527
2527	2528
2528	2529
2529	2530
2530	2531
2531	2532
2532	2533
2533	2534
2534	2535
2535	2536
2536	2537
2537	2538
2538	2539
2539	2540
2540	2541
2541	2542
2542	2543
2543	2544
2544	2545
2545	2546
2546	2547
2547	2548
2548	2549
2549	2550
2550	2551
2551	2552
2552	2553
2553	2554
2554	2555
2555	2556
2556	2557
2557	2558
2558	2559
2559	2560
2560	2561
2
1	1
2561	1
