1	1
160
0	1.3454818513621e-05
0.0125	0.0784859963739818
0.0125	0.0785128230575787
0.025	0.156501555299589
0.025	0.156528133634331
0.0375	0.233552230094727
0.0375	0.233578396216341
0.05	0.309162977727333
0.05	0.309188570312979
0.0625	0.382867632795127
0.0625	0.382892494058004
0.075	0.454211781590332
0.075	0.454235758252487
0.0875	0.522755563711289
0.0875	0.522778507948626
0.1	0.5880763839481
0.1	0.588098154301768
0.1125	0.64977151772263
0.1125	0.649791979971158
0.125	0.707460594019444
0.125	0.707479622006265
0.1375	0.760787940499608
0.1375	0.760805416910857
0.15	0.80942477633893
0.15	0.809440593426719
0.1625	0.853071239271071
0.1625	0.853085299517795
0.175	0.891458234338133
0.175	0.891470451057694
0.1875	0.924349092950555
0.1875	0.924359390822816
0.2	0.951541032027673
0.2	0.951549347562827
0.2125	0.972866404222838
0.2125	0.972872686152845
0.225	0.988193731525062
0.225	0.988197941119735
0.2375	0.997428515864672
0.2375	0.99743062717046
0.25	1.00051382172534
0.25	1.00051382172534
0.2625	0.99743062717046
0.2625	0.997428515864672
0.275	0.988197941119735
0.275	0.988193731525062
0.2875	0.972872686152845
0.2875	0.972866404222838
0.3	0.951549347562827
0.3	0.951541032027673
0.3125	0.924359390822816
0.3125	0.924349092950555
0.325	0.891470451057694
0.325	0.891458234338133
0.3375	0.853085299517795
0.3375	0.853071239271071
0.35	0.809440593426719
0.35	0.80942477633893
0.3625	0.760805416910857
0.3625	0.760787940499609
0.375	0.707479622006266
0.375	0.707460594019444
0.3875	0.649791979971158
0.3875	0.64977151772263
0.4	0.588098154301768
0.4	0.5880763839481
0.4125	0.522778507948627
0.4125	0.522755563711289
0.425	0.454235758252488
0.425	0.454211781590333
0.4375	0.382892494058005
0.4375	0.382867632795127
0.45	0.309188570312979
0.45	0.309162977727333
0.4625	0.233578396216341
0.4625	0.233552230094727
0.475	0.156528133634331
0.475	0.15650155529959
0.4875	0.0785128230575791
0.4875	0.0784859963739822
0.5	1.34548185139541e-05
0.5	-1.3454818513739e-05
0.5125	-0.0784859963739814
0.5125	-0.0785128230575783
0.525	-0.15650155529959
0.525	-0.156528133634331
0.5375	-0.233552230094727
0.5375	-0.233578396216341
0.55	-0.309162977727333
0.55	-0.309188570312979
0.5625	-0.382867632795127
0.5625	-0.382892494058004
0.575	-0.454211781590332
0.575	-0.454235758252487
0.5875	-0.522755563711289
0.5875	-0.522778507948626
0.6	-0.5880763839481
0.6	-0.588098154301768
0.6125	-0.64977151772263
0.6125	-0.649791979971158
0.625	-0.707460594019444
0.625	-0.707479622006265
0.6375	-0.760787940499608
0.6375	-0.760805416910856
0.65	-0.80942477633893
0.65	-0.809440593426719
0.6625	-0.853071239271071
0.6625	-0.853085299517795
0.675	-0.891458234338133
0.675	-0.891470451057695
0.6875	-0.924349092950555
0.6875	-0.924359390822817
0.7	-0.951541032027673
0.7	-0.951549347562827
0.7125	-0.972866404222838
0.7125	-0.972872686152845
0.725	-0.988193731525062
0.725	-0.988197941119735
0.7375	-0.997428515864672
0.7375	-0.99743062717046
0.75	-1.00051382172534
0.75	-1.00051382172534
0.7625	-0.99743062717046
0.7625	-0.997428515864672
0.775	-0.988197941119735
0.775	-0.988193731525062
0.7875	-0.972872686152845
0.7875	-0.972866404222838
0.8	-0.951549347562827
0.8	-0.951541032027673
0.8125	-0.924359390822817
0.8125	-0.924349092950555
0.825	-0.891470451057695
0.825	-0.891458234338133
0.8375	-0.853085299517795
0.8375	-0.853071239271071
0.85	-0.809440593426719
0.85	-0.809424776338931
0.8625	-0.760805416910857
0.8625	-0.760787940499608
0.875	-0.707479622006265
0.875	-0.707460594019445
0.8875	-0.649791979971158
0.8875	-0.649771517722631
0.9	-0.588098154301768
0.9	-0.588076383948101
0.9125	-0.522778507948627
0.9125	-0.522755563711289
0.925	-0.454235758252487
0.925	-0.454211781590332
0.9375	-0.382892494058005
0.9375	-0.382867632795127
0.95	-0.30918857031298
0.95	-0.309162977727333
0.9625	-0.233578396216342
0.9625	-0.233552230094727
0.975	-0.156528133634331
0.975	-0.15650155529959
0.9875	-0.0785128230575781
0.9875	-0.078485996373982
1	-1.34548185135031e-05
0	1
0.0125	1
0.0125	1
0.025	1
0.025	1
0.0375	1
0.0375	1
0.05	1
0.05	1
0.0625	1
0.0625	1
0.075	1
0.075	1
0.0875	1
0.0875	1
0.1	1
0.1	1
0.1125	1
0.1125	1
0.125	1
0.125	1
0.1375	1
0.1375	1
0.15	1
0.15	1
0.1625	1
0.1625	1
0.175	1
0.175	1
0.1875	1
0.1875	1
0.2	1
0.2	1
0.2125	1
0.2125	1
0.225	1
0.225	1
0.2375	1
0.2375	1
0.25	1
0.25	1
0.2625	1
0.2625	1
0.275	1
0.275	1
0.2875	1
0.2875	1
0.3	1
0.3	1
0.3125	1
0.3125	1
0.325	1
0.325	1
0.3375	1
0.3375	1
0.35	1
0.35	1
0.3625	1
0.3625	1
0.375	1
0.375	1
0.3875	1
0.3875	1
0.4	1
0.4	1
0.4125	1
0.4125	1
0.425	1
0.425	1
0.4375	1
0.4375	1
0.45	1
0.45	1
0.4625	1
0.4625	1
0.475	1
0.475	1
0.4875	1
0.4875	1
0.5	1
0.5	1
0.5125	1
0.5125	1
0.525	1
0.525	1
0.5375	1
0.5375	1
0.55	1
0.55	1
0.5625	1
0.5625	1
0.575	1
0.575	1
0.5875	1
0.5875	1
0.6	1
0.6	1
0.6125	1
0.6125	1
0.625	1
0.625	1
0.6375	1
0.6375	1
0.65	1
0.65	1
0.6625	1
0.6625	1
0.675	1
0.675	1
0.6875	1
0.6875	1
0.7	1
0.7	1
0.7125	1
0.7125	1
0.725	1
0.725	1
0.7375	1
0.7375	1
0.75	1
0.75	1
0.7625	1
0.7625	1
0.775	1
0.775	1
0.7875	1
0.7875	1
0.8	1
0.8	1
0.8125	1
0.8125	1
0.825	1
0.825	1
0.8375	1
0.8375	1
0.85	1
0.85	1
0.8625	1
0.8625	1
0.875	1
0.875	1
0.8875	1
0.8875	1
0.9	1
0.9	1
0.9125	1
0.9125	1
0.925	1
0.925	1
0.9375	1
0.9375	1
0.95	1
0.95	1
0.9625	1
0.9625	1
0.975	1
0.975	1
0.9875	1
0.9875	1
1	1
