1	1
40
0	0.000858456105753497
0.05	0.310724733665864
0.05	0.312357614212525
0.1	0.591892021559746
0.1	0.593281032716705
0.15	0.815120794429152
0.15	0.816129970106556
0.2	0.958559864659308
0.2	0.959090419710514
0.25	1.00816841665732
0.25	1.00816841665732
0.3	0.959090419710514
0.3	0.958559864659308
0.35	0.816129970106557
0.35	0.815120794429152
0.4	0.593281032716705
0.4	0.591892021559746
0.45	0.312357614212525
0.45	0.310724733665865
0.5	0.000858456105753441
0.5	-0.000858456105753302
0.55	-0.310724733665864
0.55	-0.312357614212525
0.6	-0.591892021559746
0.6	-0.593281032716705
0.65	-0.815120794429152
0.65	-0.816129970106556
0.7	-0.958559864659308
0.7	-0.959090419710514
0.75	-1.00816841665732
0.75	-1.00816841665732
0.8	-0.959090419710514
0.8	-0.958559864659308
0.85	-0.816129970106557
0.85	-0.815120794429152
0.9	-0.593281032716705
0.9	-0.591892021559747
0.95	-0.312357614212525
0.95	-0.310724733665865
1	-0.000858456105753691
0	1
0.05	1
0.05	1
0.1	1
0.1	1
0.15	1
0.15	1
0.2	1
0.2	1
0.25	1
0.25	1
0.3	1
0.3	1
0.35	1
0.35	1
0.4	1
0.4	1
0.45	1
0.45	1
0.5	1
0.5	1
0.55	1
0.55	1
0.6	1
0.6	1
0.65	1
0.65	1
0.7	1
0.7	1
0.75	1
0.75	1
0.8	1
0.8	1
0.85	1
0.85	1
0.9	1
0.9	1
0.95	1
0.95	1
1	1
