1	1
80
0	0.000107572168060455
0.025	0.156649321879075
0.025	0.156861817431407
0.05	0.309548989732255
0.05	0.309753604155067
0.075	0.45482653412403
0.075	0.455018229131156
0.1	0.588904739762947
0.1	0.589078795187112
0.125	0.708482156246122
0.125	0.708634286265127
0.15	0.810614390725048
0.15	0.810740849392935
0.175	0.892786608629401
0.175	0.892884282114073
0.2	0.95297545724042
0.2	0.953041940496524
0.225	0.989698887349964
0.225	0.989732543339091
0.25	1.00205264623066
0.25	1.00205264623066
0.275	0.989732543339092
0.275	0.989698887349964
0.3	0.953041940496524
0.3	0.95297545724042
0.325	0.892884282114073
0.325	0.892786608629401
0.35	0.810740849392934
0.35	0.810614390725048
0.375	0.708634286265127
0.375	0.708482156246122
0.4	0.589078795187112
0.4	0.588904739762947
0.425	0.455018229131156
0.425	0.45482653412403
0.45	0.309753604155067
0.45	0.309548989732256
0.475	0.156861817431407
0.475	0.156649321879075
0.5	0.000107572168060552
0.5	-0.000107572168060302
0.525	-0.156649321879075
0.525	-0.156861817431407
0.55	-0.309548989732256
0.55	-0.309753604155067
0.575	-0.454826534124029
0.575	-0.455018229131155
0.6	-0.588904739762947
0.6	-0.589078795187112
0.625	-0.708482156246122
0.625	-0.708634286265127
0.65	-0.810614390725049
0.65	-0.810740849392935
0.675	-0.892786608629402
0.675	-0.892884282114073
0.7	-0.952975457240419
0.7	-0.953041940496524
0.725	-0.989698887349964
0.725	-0.989732543339091
0.75	-1.00205264623066
0.75	-1.00205264623066
0.775	-0.989732543339091
0.775	-0.989698887349964
0.8	-0.953041940496524
0.8	-0.952975457240419
0.825	-0.892884282114073
0.825	-0.892786608629402
0.85	-0.810740849392935
0.85	-0.810614390725049
0.875	-0.708634286265127
0.875	-0.708482156246122
0.9	-0.589078795187112
0.9	-0.588904739762946
0.925	-0.455018229131156
0.925	-0.45482653412403
0.95	-0.309753604155068
0.95	-0.309548989732256
0.975	-0.156861817431408
0.975	-0.156649321879076
1	-0.000107572168061121
0	1
0.025	1
0.025	1
0.05	1
0.05	1
0.075	1
0.075	1
0.1	1
0.1	1
0.125	1
0.125	1
0.15	1
0.15	1
0.175	1
0.175	1
0.2	1
0.2	1
0.225	1
0.225	1
0.25	1
0.25	1
0.275	1
0.275	1
0.3	1
0.3	1
0.325	1
0.325	1
0.35	1
0.35	1
0.375	1
0.375	1
0.4	1
0.4	1
0.425	1
0.425	1
0.45	1
0.45	1
0.475	1
0.475	1
0.5	1
0.5	1
0.525	1
0.525	1
0.55	1
0.55	1
0.575	1
0.575	1
0.6	1
0.6	1
0.625	1
0.625	1
0.65	1
0.65	1
0.675	1
0.675	1
0.7	1
0.7	1
0.725	1
0.725	1
0.75	1
0.75	1
0.775	1
0.775	1
0.8	1
0.8	1
0.825	1
0.825	1
0.85	1
0.85	1
0.875	1
0.875	1
0.9	1
0.9	1
0.925	1
0.925	1
0.95	1
0.95	1
0.975	1
0.975	1
1	1
