1	1
320
0	1.68211170053709e-06
0.00625	0.0392631797014528
0.00625	0.0392665413311595
0.0125	0.0784675005373585
0.0125	0.0784708543899816
0.01875	0.117550830174873
0.01875	0.117554171079015
0.025	0.156452904952513
0.025	0.156456227756741
0.03125	0.195113740690648
0.03125	0.19511704027144
0.0375	0.233473725182765
0.0375	0.233476996452406
0.04375	0.271473710113163
0.04375	0.271476948027592
0.05	0.309055102259373
0.05	0.309058301825961
0.05625	0.34615995383866
0.05625	0.346163110123907
0.0625	0.382731051859302
0.0625	0.382734159996445
0.06875	0.418712006338877
0.06875	0.418715061535394
0.075	0.454047337253529
0.075	0.454050334798528
0.08125	0.488682560084143
0.08125	0.488685495355628
0.0875	0.522564269827526
0.0875	0.52256713829952
0.09375	0.55564022334305
0.09375	0.555643020592577
0.1	0.587859419907784
0.1	0.587862141621689
0.10625	0.619172179855922
0.10625	0.619174821837518
0.1125	0.649530221181217
0.1125	0.649532779356761
0.11875	0.67888673398434
0.11875	0.67888920440931
0.125	0.707196452650351
0.125	0.707198831515531
0.13125	0.734415725644996
0.13125	0.734418009282349
0.1375	0.760502582822211
0.1375	0.760504767710533
0.14375	0.785416800139041
0.14375	0.785418882909392
0.15	0.809119961678201
0.15	0.809121939119102
0.15625	0.831575518882639
0.15625	0.831577387945018
0.1625	0.852748846910755
0.1625	0.852750604712654
0.16875	0.872607298025405
0.16875	0.87260894185642
0.175	0.891120251934337
0.175	0.8911217792598
0.18125	0.908259163004472
0.18125	0.908260571469358
0.1875	0.923997604277191
0.1875	0.923998891709749
0.19375	0.938311308216796
0.19375	0.938312472631899
0.2	0.951178204129292
0.2	0.951179243731496
0.20625	0.962578452193792
0.20625	0.962579365380106
0.2125	0.972494474054087
0.2125	0.972495259416443
0.21875	0.980910979923197
0.21875	0.980911636250623
0.225	0.98781499215911
0.225	0.987815518439598
0.23125	0.993195865275374
0.23125	0.993196260697437
0.2375	0.997045302355655
0.2375	0.997045566309581
0.24375	0.999357367846988
0.24375	0.999357499925779
0.25	1.00012849671197
0.25	1.00012849671197
0.25625	0.999357499925779
0.25625	0.999357367846988
0.2625	0.99704556630958
0.2625	0.997045302355655
0.26875	0.993196260697437
0.26875	0.993195865275374
0.275	0.987815518439598
0.275	0.98781499215911
0.28125	0.980911636250623
0.28125	0.980910979923197
0.2875	0.972495259416443
0.2875	0.972494474054087
0.29375	0.962579365380106
0.29375	0.962578452193792
0.3	0.951179243731496
0.3	0.951178204129292
0.30625	0.938312472631899
0.30625	0.938311308216796
0.3125	0.923998891709749
0.3125	0.923997604277191
0.31875	0.908260571469358
0.31875	0.908259163004472
0.325	0.891121779259801
0.325	0.891120251934337
0.33125	0.872608941856419
0.33125	0.872607298025404
0.3375	0.852750604712654
0.3375	0.852748846910755
0.34375	0.831577387945018
0.34375	0.831575518882639
0.35	0.809121939119102
0.35	0.809119961678201
0.35625	0.785418882909393
0.35625	0.785416800139041
0.3625	0.760504767710533
0.3625	0.760502582822211
0.36875	0.734418009282349
0.36875	0.734415725644996
0.375	0.707198831515531
0.375	0.707196452650351
0.38125	0.67888920440931
0.38125	0.67888673398434
0.3875	0.64953277935676
0.3875	0.649530221181217
0.39375	0.619174821837518
0.39375	0.619172179855922
0.4	0.587862141621689
0.4	0.587859419907784
0.40625	0.555643020592577
0.40625	0.555640223343049
0.4125	0.522567138299521
0.4125	0.522564269827527
0.41875	0.488685495355628
0.41875	0.488682560084143
0.425	0.454050334798528
0.425	0.454047337253529
0.43125	0.418715061535394
0.43125	0.418712006338877
0.4375	0.382734159996445
0.4375	0.382731051859302
0.44375	0.346163110123907
0.44375	0.346159953838661
0.45	0.309058301825961
0.45	0.309055102259373
0.45625	0.271476948027592
0.45625	0.271473710113163
0.4625	0.233476996452406
0.4625	0.233473725182765
0.46875	0.195117040271441
0.46875	0.195113740690648
0.475	0.156456227756742
0.475	0.156452904952513
0.48125	0.117554171079016
0.48125	0.117550830174874
0.4875	0.0784708543899815
0.4875	0.0784675005373588
0.49375	0.0392665413311592
0.49375	0.0392631797014529
0.5	1.68211170047811e-06
0.5	-1.68211170006871e-06
0.50625	-0.0392631797014528
0.50625	-0.0392665413311594
0.5125	-0.0784675005373581
0.5125	-0.0784708543899809
0.51875	-0.117550830174874
0.51875	-0.117554171079016
0.525	-0.156452904952513
0.525	-0.156456227756741
0.53125	-0.195113740690648
0.53125	-0.19511704027144
0.5375	-0.233473725182765
0.5375	-0.233476996452405
0.54375	-0.271473710113162
0.54375	-0.271476948027591
0.55	-0.309055102259374
0.55	-0.309058301825961
0.55625	-0.34615995383866
0.55625	-0.346163110123907
0.5625	-0.382731051859302
0.5625	-0.382734159996445
0.56875	-0.418712006338877
0.56875	-0.418715061535394
0.575	-0.454047337253529
0.575	-0.454050334798527
0.58125	-0.488682560084144
0.58125	-0.488685495355628
0.5875	-0.522564269827527
0.5875	-0.52256713829952
0.59375	-0.555640223343049
0.59375	-0.555643020592576
0.6	-0.587859419907784
0.6	-0.587862141621688
0.60625	-0.619172179855922
0.60625	-0.619174821837518
0.6125	-0.649530221181217
0.6125	-0.649532779356761
0.61875	-0.67888673398434
0.61875	-0.67888920440931
0.625	-0.707196452650351
0.625	-0.707198831515531
0.63125	-0.734415725644996
0.63125	-0.734418009282349
0.6375	-0.760502582822211
0.6375	-0.760504767710533
0.64375	-0.785416800139041
0.64375	-0.785418882909392
0.65	-0.809119961678201
0.65	-0.809121939119102
0.65625	-0.831575518882639
0.65625	-0.831577387945017
0.6625	-0.852748846910755
0.6625	-0.852750604712654
0.66875	-0.872607298025404
0.66875	-0.872608941856419
0.675	-0.891120251934338
0.675	-0.891121779259801
0.68125	-0.908259163004472
0.68125	-0.908260571469358
0.6875	-0.923997604277191
0.6875	-0.923998891709749
0.69375	-0.938311308216796
0.69375	-0.938312472631899
0.7	-0.951178204129292
0.7	-0.951179243731496
0.70625	-0.962578452193792
0.70625	-0.962579365380106
0.7125	-0.972494474054087
0.7125	-0.972495259416443
0.71875	-0.980910979923197
0.71875	-0.980911636250623
0.725	-0.98781499215911
0.725	-0.987815518439598
0.73125	-0.993195865275374
0.73125	-0.993196260697436
0.7375	-0.997045302355655
0.7375	-0.997045566309581
0.74375	-0.999357367846988
0.74375	-0.999357499925779
0.75	-1.00012849671197
0.75	-1.00012849671197
0.75625	-0.999357499925779
0.75625	-0.999357367846988
0.7625	-0.997045566309581
0.7625	-0.997045302355655
0.76875	-0.993196260697436
0.76875	-0.993195865275374
0.775	-0.987815518439598
0.775	-0.98781499215911
0.78125	-0.980911636250623
0.78125	-0.980910979923197
0.7875	-0.972495259416443
0.7875	-0.972494474054087
0.79375	-0.962579365380106
0.79375	-0.962578452193793
0.8	-0.951179243731496
0.8	-0.951178204129292
0.80625	-0.9383124726319
0.80625	-0.938311308216796
0.8125	-0.923998891709749
0.8125	-0.923997604277191
0.81875	-0.908260571469358
0.81875	-0.908259163004472
0.825	-0.891121779259801
0.825	-0.891120251934338
0.83125	-0.872608941856419
0.83125	-0.872607298025404
0.8375	-0.852750604712654
0.8375	-0.852748846910756
0.84375	-0.831577387945017
0.84375	-0.831575518882639
0.85	-0.809121939119102
0.85	-0.809119961678201
0.85625	-0.785418882909393
0.85625	-0.785416800139041
0.8625	-0.760504767710533
0.8625	-0.760502582822211
0.86875	-0.734418009282349
0.86875	-0.734415725644996
0.875	-0.707198831515531
0.875	-0.707196452650351
0.88125	-0.67888920440931
0.88125	-0.67888673398434
0.8875	-0.649532779356761
0.8875	-0.649530221181217
0.89375	-0.619174821837518
0.89375	-0.619172179855922
0.9	-0.587862141621689
0.9	-0.587859419907784
0.90625	-0.555643020592577
0.90625	-0.555640223343051
0.9125	-0.52256713829952
0.9125	-0.522564269827527
0.91875	-0.488685495355628
0.91875	-0.488682560084144
0.925	-0.454050334798528
0.925	-0.454047337253529
0.93125	-0.418715061535394
0.93125	-0.418712006338877
0.9375	-0.382734159996445
0.9375	-0.382731051859303
0.94375	-0.346163110123908
0.94375	-0.34615995383866
0.95	-0.309058301825962
0.95	-0.309055102259374
0.95625	-0.271476948027591
0.95625	-0.271473710113163
0.9625	-0.233476996452406
0.9625	-0.233473725182766
0.96875	-0.19511704027144
0.96875	-0.195113740690649
0.975	-0.156456227756742
0.975	-0.156452904952513
0.98125	-0.117554171079016
0.98125	-0.117550830174874
0.9875	-0.0784708543899819
0.9875	-0.078467500537358
0.99375	-0.0392665413311594
0.99375	-0.039263179701453
1	-1.68211170104363e-06
0	1
0.00625	1
0.00625	1
0.0125	1
0.0125	1
0.01875	1
0.01875	1
0.025	1
0.025	1
0.03125	1
0.03125	1
0.0375	1
0.0375	1
0.04375	1
0.04375	1
0.05	1
0.05	1
0.05625	1
0.05625	1
0.0625	1
0.0625	1
0.06875	1
0.06875	1
0.075	1
0.075	1
0.08125	1
0.08125	1
0.0875	1
0.0875	1
0.09375	1
0.09375	1
0.1	1
0.1	1
0.10625	1
0.10625	1
0.1125	1
0.1125	1
0.11875	1
0.11875	1
0.125	1
0.125	1
0.13125	1
0.13125	1
0.1375	1
0.1375	1
0.14375	1
0.14375	1
0.15	1
0.15	1
0.15625	1
0.15625	1
0.1625	1
0.1625	1
0.16875	1
0.16875	1
0.175	1
0.175	1
0.18125	1
0.18125	1
0.1875	1
0.1875	1
0.19375	1
0.19375	1
0.2	1
0.2	1
0.20625	1
0.20625	1
0.2125	1
0.2125	1
0.21875	1
0.21875	1
0.225	1
0.225	1
0.23125	1
0.23125	1
0.2375	1
0.2375	1
0.24375	1
0.24375	1
0.25	1
0.25	1
0.25625	1
0.25625	1
0.2625	1
0.2625	1
0.26875	1
0.26875	1
0.275	1
0.275	1
0.28125	1
0.28125	1
0.2875	1
0.2875	1
0.29375	1
0.29375	1
0.3	1
0.3	1
0.30625	1
0.30625	1
0.3125	1
0.3125	1
0.31875	1
0.31875	1
0.325	1
0.325	1
0.33125	1
0.33125	1
0.3375	1
0.3375	1
0.34375	1
0.34375	1
0.35	1
0.35	1
0.35625	1
0.35625	1
0.3625	1
0.3625	1
0.36875	1
0.36875	1
0.375	1
0.375	1
0.38125	1
0.38125	1
0.3875	1
0.3875	1
0.39375	1
0.39375	1
0.4	1
0.4	1
0.40625	1
0.40625	1
0.4125	1
0.4125	1
0.41875	1
0.41875	1
0.425	1
0.425	1
0.43125	1
0.43125	1
0.4375	1
0.4375	1
0.44375	1
0.44375	1
0.45	1
0.45	1
0.45625	1
0.45625	1
0.4625	1
0.4625	1
0.46875	1
0.46875	1
0.475	1
0.475	1
0.48125	1
0.48125	1
0.4875	1
0.4875	1
0.49375	1
0.49375	1
0.5	1
0.5	1
0.50625	1
0.50625	1
0.5125	1
0.5125	1
0.51875	1
0.51875	1
0.525	1
0.525	1
0.53125	1
0.53125	1
0.5375	1
0.5375	1
0.54375	1
0.54375	1
0.55	1
0.55	1
0.55625	1
0.55625	1
0.5625	1
0.5625	1
0.56875	1
0.56875	1
0.575	1
0.575	1
0.58125	1
0.58125	1
0.5875	1
0.5875	1
0.59375	1
0.59375	1
0.6	1
0.6	1
0.60625	1
0.60625	1
0.6125	1
0.6125	1
0.61875	1
0.61875	1
0.625	1
0.625	1
0.63125	1
0.63125	1
0.6375	1
0.6375	1
0.64375	1
0.64375	1
0.65	1
0.65	1
0.65625	1
0.65625	1
0.6625	1
0.6625	1
0.66875	1
0.66875	1
0.675	1
0.675	1
0.68125	1
0.68125	1
0.6875	1
0.6875	1
0.69375	1
0.69375	1
0.7	1
0.7	1
0.70625	1
0.70625	1
0.7125	1
0.7125	1
0.71875	1
0.71875	1
0.725	1
0.725	1
0.73125	1
0.73125	1
0.7375	1
0.7375	1
0.74375	1
0.74375	1
0.75	1
0.75	1
0.75625	1
0.75625	1
0.7625	1
0.7625	1
0.76875	1
0.76875	1
0.775	1
0.775	1
0.78125	1
0.78125	1
0.7875	1
0.7875	1
0.79375	1
0.79375	1
0.8	1
0.8	1
0.80625	1
0.80625	1
0.8125	1
0.8125	1
0.81875	1
0.81875	1
0.825	1
0.825	1
0.83125	1
0.83125	1
0.8375	1
0.8375	1
0.84375	1
0.84375	1
0.85	1
0.85	1
0.85625	1
0.85625	1
0.8625	1
0.8625	1
0.86875	1
0.86875	1
0.875	1
0.875	1
0.88125	1
0.88125	1
0.8875	1
0.8875	1
0.89375	1
0.89375	1
0.9	1
0.9	1
0.90625	1
0.90625	1
0.9125	1
0.9125	1
0.91875	1
0.91875	1
0.925	1
0.925	1
0.93125	1
0.93125	1
0.9375	1
0.9375	1
0.94375	1
0.94375	1
0.95	1
0.95	1
0.95625	1
0.95625	1
0.9625	1
0.9625	1
0.96875	1
0.96875	1
0.975	1
0.975	1
0.98125	1
0.98125	1
0.9875	1
0.9875	1
0.99375	1
0.99375	1
1	1
