1	1
20
0	0.00680014207381896
0.1	0.601095435860067
0.1	0.612098296863834
0.2	0.97939298777784
0.2	0.983595706707788
0.3	0.983595706707788
0.3	0.97939298777784
0.4	0.612098296863834
0.4	0.601095435860067
0.5	0.00680014207381896
0.5	-0.00680014207381863
0.6	-0.601095435860067
0.6	-0.612098296863834
0.7	-0.97939298777784
0.7	-0.983595706707788
0.8	-0.983595706707788
0.8	-0.97939298777784
0.9	-0.612098296863835
0.9	-0.601095435860068
1	-0.00680014207381885
0	1
0.1	1
0.1	1
0.2	1
0.2	1
0.3	1
0.3	1
0.4	1
0.4	1
0.5	1
0.5	1
0.6	1
0.6	1
0.7	1
0.7	1
0.8	1
0.8	1
0.9	1
0.9	1
1	1
