1	0
400
0	8.61257128600967e-07
0.005	0.0314124815002998
0.005	0.0314142031646003
0.01	0.0627948239309624
0.01	0.0627965430462311
0.015	0.094115195451716
0.015	0.0941169103213939
0.02	0.125342686637224
0.02	0.125344395568942
0.025	0.156446479723827
0.025	0.156448181031075
0.03	0.187395879022955
0.03	0.187397571026749
0.035	0.218160341214066
0.035	0.218162022244602
0.04	0.248709505487216
0.04	0.24871117388552
0.045	0.279013223505512
0.045	0.279014877625077
0.05	0.309041589157884
0.05	0.309043227366292
0.055	0.338764968072799
0.055	0.338766588753338
0.06	0.368154026863817
0.06	0.36815562841707
0.065	0.397179762078095
0.065	0.397181342923523
0.07	0.425813528819296
0.07	0.425815087396794
0.075	0.454027069016642
0.075	0.454028603788083
0.08	0.481792539312221
0.08	0.481794048762971
0.085	0.509082538539017
0.085	0.509084021179431
0.09	0.535870134762555
0.09	0.535871589129444
0.095	0.562128891859468
0.095	0.562130316517549
0.1	0.587832895606759
0.1	0.587834289150066
0.105	0.612956779256011
0.105	0.612958140309285
0.11	0.637475748567307
0.11	0.637477075787353
0.115	0.661365606278146
0.115	0.661366898355158
0.12	0.684602775983227
0.12	0.684604031642081
0.125	0.707164325401507
0.125	0.707165543403018
0.13	0.729027989007599
0.13	0.729029168149748
0.135	0.750172190005156
0.135	0.750173329124272
0.14	0.770576061620564
0.14	0.770577159592475
0.145	0.790219467695928
0.145	0.790220523437067
0.15	0.809083022561029
0.15	0.809084035029507
0.155	0.827148110164639
0.155	0.827149078361272
0.16	0.844396902446319
0.16	0.844397825415612
0.165	0.860812376930557
0.165	0.860813253761653
0.17	0.876378333525902
0.17	0.876379163353475
0.175	0.891079410512496
0.175	0.891080192517605
0.18	0.904901099702235
0.18	0.904901833113136
0.185	0.917829760756602
0.185	0.917830444849506
0.19	0.929852634648032
0.19	0.929853268747822
0.195	0.940957856251533
0.195	0.94095843973243
0.2	0.951134466054133
0.2	0.951134998340311
0.205	0.960372420970593
0.205	0.96037290153675
0.21	0.968662604254722
0.21	0.968663032626598
0.215	0.975996834496506
0.215	0.975997210251349
0.22	0.982367873696167
0.22	0.982368196463153
0.225	0.987769434407201
0.225	0.987769703867797
0.23	0.992196185941324
0.23	0.992196401829606
0.235	0.99564375962922
0.235	0.995643921732132
0.24	0.99810875313189
0.24	0.998108861289456
0.245	0.999588733798349
0.245	0.99958878790383
0.25	1.00008224106636
0.25	1.00008224106636
0.255	0.99958878790383
0.255	0.999588733798349
0.26	0.998108861289456
0.26	0.99810875313189
0.265	0.995643921732132
0.265	0.99564375962922
0.27	0.992196401829606
0.27	0.992196185941324
0.275	0.987769703867797
0.275	0.987769434407201
0.28	0.982368196463153
0.28	0.982367873696167
0.285	0.975997210251349
0.285	0.975996834496506
0.29	0.968663032626599
0.29	0.968662604254722
0.295	0.960372901536751
0.295	0.960372420970593
0.3	0.951134998340311
0.3	0.951134466054133
0.305	0.94095843973243
0.305	0.940957856251533
0.31	0.929853268747822
0.31	0.929852634648032
0.315	0.917830444849506
0.315	0.917829760756602
0.32	0.904901833113136
0.32	0.904901099702235
0.325	0.891080192517605
0.325	0.891079410512496
0.33	0.876379163353474
0.33	0.876378333525903
0.335	0.860813253761653
0.335	0.860812376930557
0.34	0.844397825415612
0.34	0.844396902446319
0.345	0.827149078361271
0.345	0.82714811016464
0.35	0.809084035029507
0.35	0.809083022561029
0.355	0.790220523437067
0.355	0.790219467695929
0.36	0.770577159592475
0.36	0.770576061620564
0.365	0.750173329124273
0.365	0.750172190005156
0.37	0.729029168149748
0.37	0.729027989007599
0.375	0.707165543403019
0.375	0.707164325401506
0.38	0.684604031642081
0.38	0.684602775983227
0.385	0.661366898355158
0.385	0.661365606278146
0.39	0.637477075787353
0.39	0.637475748567307
0.395	0.612958140309286
0.395	0.612956779256011
0.4	0.587834289150066
0.4	0.587832895606759
0.405	0.562130316517549
0.405	0.562128891859468
0.41	0.535871589129445
0.41	0.535870134762555
0.415	0.509084021179431
0.415	0.509082538539017
0.42	0.481794048762971
0.42	0.481792539312221
0.425	0.454028603788083
0.425	0.454027069016642
0.43	0.425815087396794
0.43	0.425813528819296
0.435	0.397181342923523
0.435	0.397179762078096
0.44	0.36815562841707
0.44	0.368154026863817
0.445	0.338766588753338
0.445	0.3387649680728
0.45	0.309043227366293
0.45	0.309041589157884
0.455	0.279014877625077
0.455	0.279013223505513
0.46	0.24871117388552
0.46	0.248709505487216
0.465	0.218162022244602
0.465	0.218160341214066
0.47	0.187397571026749
0.47	0.187395879022955
0.475	0.156448181031076
0.475	0.156446479723827
0.48	0.125344395568942
0.48	0.125342686637224
0.485	0.0941169103213941
0.485	0.0941151954517163
0.49	0.0627965430462315
0.49	0.0627948239309624
0.495	0.0314142031646003
0.495	0.0314124815003001
0.5	8.61257128864645e-07
0.5	-8.61257128618315e-07
0.505	-0.0314124815002998
0.505	-0.0314142031646001
0.51	-0.0627948239309622
0.51	-0.0627965430462313
0.515	-0.0941151954517161
0.515	-0.0941169103213939
0.52	-0.125342686637224
0.52	-0.125344395568942
0.525	-0.156446479723827
0.525	-0.156448181031075
0.53	-0.187395879022955
0.53	-0.187397571026749
0.535	-0.218160341214066
0.535	-0.218162022244602
0.54	-0.248709505487216
0.54	-0.24871117388552
0.545	-0.279013223505512
0.545	-0.279014877625077
0.55	-0.309041589157884
0.55	-0.309043227366292
0.555	-0.338764968072799
0.555	-0.338766588753338
0.56	-0.368154026863818
0.56	-0.36815562841707
0.565	-0.397179762078095
0.565	-0.397181342923522
0.57	-0.425813528819295
0.57	-0.425815087396794
0.575	-0.454027069016642
0.575	-0.454028603788083
0.58	-0.481792539312221
0.58	-0.481794048762971
0.585	-0.509082538539017
0.585	-0.50908402117943
0.59	-0.535870134762555
0.59	-0.535871589129444
0.595	-0.562128891859468
0.595	-0.562130316517549
0.6	-0.587832895606758
0.6	-0.587834289150065
0.605	-0.612956779256011
0.605	-0.612958140309285
0.61	-0.637475748567307
0.61	-0.637477075787353
0.615	-0.661365606278146
0.615	-0.661366898355158
0.62	-0.684602775983227
0.62	-0.68460403164208
0.625	-0.707164325401506
0.625	-0.707165543403018
0.63	-0.729027989007599
0.63	-0.729029168149748
0.635	-0.750172190005156
0.635	-0.750173329124272
0.64	-0.770576061620564
0.64	-0.770577159592474
0.645	-0.790219467695929
0.645	-0.790220523437067
0.65	-0.809083022561029
0.65	-0.809084035029507
0.655	-0.827148110164639
0.655	-0.827149078361272
0.66	-0.844396902446319
0.66	-0.844397825415613
0.665	-0.860812376930557
0.665	-0.860813253761653
0.67	-0.876378333525903
0.67	-0.876379163353474
0.675	-0.891079410512497
0.675	-0.891080192517605
0.68	-0.904901099702235
0.68	-0.904901833113136
0.685	-0.917829760756602
0.685	-0.917830444849506
0.69	-0.929852634648032
0.69	-0.929853268747822
0.695	-0.940957856251533
0.695	-0.94095843973243
0.7	-0.951134466054132
0.7	-0.951134998340311
0.705	-0.960372420970593
0.705	-0.96037290153675
0.71	-0.968662604254722
0.71	-0.968663032626598
0.715	-0.975996834496506
0.715	-0.975997210251349
0.72	-0.982367873696167
0.72	-0.982368196463153
0.725	-0.987769434407201
0.725	-0.987769703867797
0.73	-0.992196185941324
0.73	-0.992196401829606
0.735	-0.99564375962922
0.735	-0.995643921732132
0.74	-0.99810875313189
0.74	-0.998108861289456
0.745	-0.999588733798349
0.745	-0.99958878790383
0.75	-1.00008224106636
0.75	-1.00008224106636
0.755	-0.99958878790383
0.755	-0.999588733798349
0.76	-0.998108861289456
0.76	-0.99810875313189
0.765	-0.995643921732132
0.765	-0.99564375962922
0.77	-0.992196401829606
0.77	-0.992196185941324
0.775	-0.987769703867797
0.775	-0.987769434407201
0.78	-0.982368196463153
0.78	-0.982367873696167
0.785	-0.975997210251349
0.785	-0.975996834496506
0.79	-0.968663032626599
0.79	-0.968662604254722
0.795	-0.96037290153675
0.795	-0.960372420970593
0.8	-0.951134998340311
0.8	-0.951134466054133
0.805	-0.94095843973243
0.805	-0.940957856251533
0.81	-0.929853268747822
0.81	-0.929852634648032
0.815	-0.917830444849506
0.815	-0.917829760756602
0.82	-0.904901833113136
0.82	-0.904901099702235
0.825	-0.891080192517605
0.825	-0.891079410512497
0.83	-0.876379163353475
0.83	-0.876378333525903
0.835	-0.860813253761653
0.835	-0.860812376930557
0.84	-0.844397825415613
0.84	-0.844396902446319
0.845	-0.827149078361272
0.845	-0.82714811016464
0.85	-0.809084035029507
0.85	-0.80908302256103
0.855	-0.790220523437067
0.855	-0.790219467695929
0.86	-0.770577159592475
0.86	-0.770576061620564
0.865	-0.750173329124273
0.865	-0.750172190005156
0.87	-0.729029168149749
0.87	-0.729027989007599
0.875	-0.707165543403018
0.875	-0.707164325401507
0.88	-0.684604031642081
0.88	-0.684602775983226
0.885	-0.661366898355159
0.885	-0.661365606278146
0.89	-0.637477075787353
0.89	-0.637475748567307
0.895	-0.612958140309285
0.895	-0.612956779256012
0.9	-0.587834289150066
0.9	-0.587832895606758
0.905	-0.562130316517549
0.905	-0.562128891859467
0.91	-0.535871589129445
0.91	-0.535870134762555
0.915	-0.509084021179431
0.915	-0.509082538539018
0.92	-0.481794048762971
0.92	-0.481792539312221
0.925	-0.454028603788083
0.925	-0.454027069016641
0.93	-0.425815087396794
0.93	-0.425813528819295
0.935	-0.397181342923523
0.935	-0.397179762078095
0.94	-0.368155628417071
0.94	-0.368154026863817
0.945	-0.338766588753339
0.945	-0.3387649680728
0.95	-0.309043227366293
0.95	-0.309041589157884
0.955	-0.279014877625077
0.955	-0.279013223505513
0.96	-0.24871117388552
0.96	-0.248709505487216
0.965	-0.218162022244603
0.965	-0.218160341214066
0.97	-0.18739757102675
0.97	-0.187395879022955
0.975	-0.156448181031076
0.975	-0.156446479723828
0.98	-0.125344395568942
0.98	-0.125342686637225
0.985	-0.094116910321394
0.985	-0.0941151954517158
0.99	-0.0627965430462318
0.99	-0.0627948239309624
0.995	-0.0314142031646011
0.995	-0.0314124815003004
1	-8.61257128378923e-07
