1	0
400
0	0.0105585104844571
0.005	0.0105585104844571
0.005	0.0217462280387144
0.01	0.0217462280387144
0.01	0.0327542829891666
0.015	0.0327542829891666
0.015	0.0436935713920054
0.02	0.0436935713920054
0.02	0.0546009788701528
0.025	0.0546009788701528
0.025	0.0654912733348471
0.03	0.0654912733348471
0.03	0.0763708345533742
0.035	0.0763708345533742
0.035	0.087242468794788
0.04	0.087242468794788
0.04	0.0981073435864069
0.045	0.0981073435864069
0.045	0.108965834375609
0.05	0.108965834375609
0.05	0.119817917743086
0.055	0.119817917743086
0.055	0.130663362245041
0.06	0.130663362245041
0.06	0.141501824210408
0.065	0.141501824210408
0.065	0.152332897096125
0.07	0.152332897096125
0.07	0.163156137418948
0.075	0.163156137418948
0.075	0.173971078562721
0.08	0.173971078562721
0.08	0.184777238171658
0.085	0.184777238171658
0.085	0.195574122086672
0.09	0.195574122086672
0.09	0.206361226387411
0.095	0.206361226387411
0.095	0.217138038380273
0.1	0.217138038380273
0.1	0.227904036990945
0.105	0.227904036990945
0.105	0.238658692814892
0.11	0.238658692814892
0.11	0.249401467967402
0.115	0.249401467967402
0.115	0.260131815812965
0.12	0.260131815812965
0.12	0.27084918061925
0.125	0.27084918061925
0.125	0.28155299716133
0.13	0.28155299716133
0.13	0.292242690290583
0.135	0.292242690290583
0.135	0.302917674476106
0.14	0.302917674476106
0.14	0.313577353322454
0.145	0.313577353322454
0.145	0.324221119064967
0.15	0.324221119064967
0.15	0.334848352042161
0.155	0.334848352042161
0.155	0.345458420143285
0.16	0.345458420143285
0.16	0.356050678227935
0.165	0.356050678227935
0.165	0.366624467513563
0.17	0.366624467513563
0.17	0.377179114925585
0.175	0.377179114925585
0.175	0.387713932403817
0.18	0.387713932403817
0.18	0.398228216157911
0.185	0.398228216157911
0.185	0.408721245863576
0.19	0.408721245863576
0.19	0.41919228379056
0.195	0.41919228379056
0.195	0.429640573852762
0.2	0.429640573852762
0.2	0.440065340570491
0.205	0.440065340570491
0.205	0.450465787934759
0.21	0.450465787934759
0.21	0.460841098163795
0.215	0.460841098163795
0.215	0.471190430342446
0.22	0.471190430342446
0.22	0.4815129189361
0.225	0.4815129189361
0.225	0.491807672171875
0.23	0.491807672171875
0.23	0.502073770281279
0.235	0.502073770281279
0.235	0.512310263600057
0.24	0.512310263600057
0.24	0.522516170522536
0.245	0.522516170522536
0.245	0.532690475309301
0.25	0.532690475309301
0.25	0.542832125748281
0.255	0.542832125748281
0.255	0.552940030670254
0.26	0.552940030670254
0.26	0.563013057320218
0.265	0.563013057320218
0.265	0.573050028585907
0.27	0.573050028585907
0.27	0.583049720083842
0.275	0.583049720083842
0.275	0.593010857101702
0.28	0.593010857101702
0.28	0.602932111393315
0.285	0.602932111393315
0.285	0.612812097819351
0.29	0.612812097819351
0.29	0.622649370822671
0.295	0.622649370822671
0.295	0.632442420722502
0.3	0.632442420722502
0.3	0.64218966980603
0.305	0.64218966980603
0.305	0.651889468189839
0.31	0.651889468189839
0.31	0.661540089416876
0.315	0.661540089416876
0.315	0.671139725747372
0.32	0.671139725747372
0.32	0.680686483094446
0.325	0.680686483094446
0.325	0.690178375546946
0.33	0.690178375546946
0.33	0.699613319413503
0.335	0.699613319413503
0.335	0.7089891267126
0.34	0.7089891267126
0.34	0.71830349802365
0.345	0.71830349802365
0.345	0.727554014603472
0.35	0.727554014603472
0.35	0.736738129660748
0.355	0.736738129660748
0.355	0.745853158667863
0.36	0.745853158667863
0.36	0.754896268574428
0.365	0.754896268574428
0.365	0.763864465769193
0.37	0.763864465769193
0.37	0.772754582616381
0.375	0.772754582616381
0.375	0.781563262367748
0.38	0.781563262367748
0.38	0.790286942221982
0.385	0.790286942221982
0.385	0.798921834266981
0.39	0.798921834266981
0.39	0.807463903996643
0.395	0.807463903996643
0.395	0.815908846039946
0.4	0.815908846039946
0.4	0.82425205667389
0.405	0.82425205667389
0.405	0.832488602610049
0.41	0.832488602610049
0.41	0.840613185442988
0.415	0.840613185442988
0.415	0.84862010102227
0.42	0.84862010102227
0.42	0.856503192851202
0.425	0.856503192851202
0.425	0.864255798415577
0.43	0.864255798415577
0.43	0.871870687091847
0.435	0.871870687091847
0.435	0.879339987959529
0.44	0.879339987959529
0.44	0.88665510542369
0.445	0.88665510542369
0.445	0.893806620007601
0.45	0.893806620007601
0.45	0.900784170957043
0.455	0.900784170957043
0.455	0.907576316340484
0.46	0.907576316340484
0.46	0.914170365037502
0.465	0.914170365037502
0.465	0.920552173239452
0.47	0.920552173239452
0.47	0.926705895626637
0.475	0.926705895626637
0.475	0.932613677903294
0.48	0.932613677903294
0.48	0.938255272338524
0.485	0.938255272338524
0.485	0.943607550516173
0.49	0.943607550516173
0.49	0.948643876177479
0.495	0.948643876177479
0.495	0.673190190847754
0.5	0.673190190847754
0.5	-0.673190190847741
0.505	-0.673190190847741
0.505	-0.948643876177477
0.51	-0.948643876177477
0.51	-0.943607550516171
0.515	-0.943607550516171
0.515	-0.938255272338521
0.52	-0.938255272338521
0.52	-0.932613677903291
0.525	-0.932613677903291
0.525	-0.926705895626635
0.53	-0.926705895626635
0.53	-0.920552173239449
0.535	-0.920552173239449
0.535	-0.9141703650375
0.54	-0.9141703650375
0.54	-0.907576316340482
0.545	-0.907576316340482
0.545	-0.900784170957042
0.55	-0.900784170957042
0.55	-0.893806620007601
0.555	-0.893806620007601
0.555	-0.886655105423692
0.56	-0.886655105423692
0.56	-0.879339987959532
0.565	-0.879339987959532
0.565	-0.871870687091853
0.57	-0.871870687091853
0.57	-0.864255798415585
0.575	-0.864255798415585
0.575	-0.856503192851212
0.58	-0.856503192851212
0.58	-0.848620101022282
0.585	-0.848620101022282
0.585	-0.840613185443003
0.59	-0.840613185443003
0.59	-0.832488602610066
0.595	-0.832488602610066
0.595	-0.824252056673909
0.6	-0.824252056673909
0.6	-0.815908846039968
0.605	-0.815908846039968
0.605	-0.807463903996667
0.61	-0.807463903996667
0.61	-0.798921834267007
0.615	-0.798921834267007
0.615	-0.790286942222009
0.62	-0.790286942222009
0.62	-0.781563262367776
0.625	-0.781563262367776
0.625	-0.77275458261641
0.63	-0.77275458261641
0.63	-0.763864465769222
0.635	-0.763864465769222
0.635	-0.754896268574456
0.64	-0.754896268574456
0.64	-0.74585315866789
0.645	-0.74585315866789
0.645	-0.736738129660774
0.65	-0.736738129660774
0.65	-0.727554014603497
0.655	-0.727554014603497
0.655	-0.718303498023672
0.66	-0.718303498023672
0.66	-0.70898912671262
0.665	-0.70898912671262
0.665	-0.69961331941352
0.67	-0.69961331941352
0.67	-0.69017837554696
0.675	-0.69017837554696
0.675	-0.680686483094457
0.68	-0.680686483094457
0.68	-0.671139725747379
0.685	-0.671139725747379
0.685	-0.661540089416879
0.69	-0.661540089416879
0.69	-0.65188946818984
0.695	-0.65188946818984
0.695	-0.642189669806028
0.7	-0.642189669806028
0.7	-0.632442420722497
0.705	-0.632442420722497
0.705	-0.622649370822663
0.71	-0.622649370822663
0.71	-0.612812097819341
0.715	-0.612812097819341
0.715	-0.602932111393303
0.72	-0.602932111393303
0.72	-0.593010857101687
0.725	-0.593010857101687
0.725	-0.583049720083826
0.73	-0.583049720083826
0.73	-0.573050028585889
0.735	-0.573050028585889
0.735	-0.5630130573202
0.74	-0.5630130573202
0.74	-0.552940030670235
0.745	-0.552940030670235
0.745	-0.542832125748262
0.75	-0.542832125748262
0.75	-0.532690475309282
0.755	-0.532690475309282
0.755	-0.522516170522516
0.76	-0.522516170522516
0.76	-0.512310263600038
0.765	-0.512310263600038
0.765	-0.502073770281261
0.77	-0.502073770281261
0.77	-0.491807672171856
0.775	-0.491807672171856
0.775	-0.481512918936082
0.78	-0.481512918936082
0.78	-0.47119043034243
0.785	-0.47119043034243
0.785	-0.460841098163779
0.79	-0.460841098163779
0.79	-0.450465787934744
0.795	-0.450465787934744
0.795	-0.440065340570477
0.8	-0.440065340570477
0.8	-0.42964057385275
0.805	-0.42964057385275
0.805	-0.419192283790548
0.81	-0.419192283790548
0.81	-0.408721245863565
0.815	-0.408721245863565
0.815	-0.398228216157901
0.82	-0.398228216157901
0.82	-0.387713932403808
0.825	-0.387713932403808
0.825	-0.377179114925577
0.83	-0.377179114925577
0.83	-0.366624467513556
0.835	-0.366624467513556
0.835	-0.356050678227928
0.84	-0.356050678227928
0.84	-0.345458420143277
0.845	-0.345458420143277
0.845	-0.334848352042154
0.85	-0.334848352042154
0.85	-0.32422111906496
0.855	-0.32422111906496
0.855	-0.313577353322448
0.86	-0.313577353322448
0.86	-0.3029176744761
0.865	-0.3029176744761
0.865	-0.292242690290577
0.87	-0.292242690290577
0.87	-0.281552997161324
0.875	-0.281552997161324
0.875	-0.270849180619245
0.88	-0.270849180619245
0.88	-0.260131815812961
0.885	-0.260131815812961
0.885	-0.249401467967399
0.89	-0.249401467967399
0.89	-0.23865869281489
0.895	-0.23865869281489
0.895	-0.227904036990943
0.9	-0.227904036990943
0.9	-0.217138038380272
0.905	-0.217138038380272
0.905	-0.20636122638741
0.91	-0.20636122638741
0.91	-0.195574122086672
0.915	-0.195574122086672
0.915	-0.184777238171658
0.92	-0.184777238171658
0.92	-0.173971078562721
0.925	-0.173971078562721
0.925	-0.163156137418948
0.93	-0.163156137418948
0.93	-0.152332897096125
0.935	-0.152332897096125
0.935	-0.141501824210408
0.94	-0.141501824210408
0.94	-0.130663362245041
0.945	-0.130663362245041
0.945	-0.119817917743086
0.95	-0.119817917743086
0.95	-0.108965834375609
0.955	-0.108965834375609
0.955	-0.0981073435864067
0.96	-0.0981073435864067
0.96	-0.0872424687947877
0.965	-0.0872424687947877
0.965	-0.0763708345533739
0.97	-0.0763708345533739
0.97	-0.065491273334847
0.975	-0.065491273334847
0.975	-0.054600978870153
0.98	-0.054600978870153
0.98	-0.0436935713920059
0.985	-0.0436935713920059
0.985	-0.0327542829891673
0.99	-0.0327542829891673
0.99	-0.021746228038715
0.995	-0.021746228038715
0.995	-0.0105585104844573
1	-0.0105585104844573
