1	1
20
0	0.00421813635391438
0.1	0.376871903424725
0.1	0.397088745795705
0.2	0.71468622504064
0.2	0.749911308878264
0.3	0.951279583868586
0.3	1.01986699396498
0.4	0.932567926441412
0.4	1.07688794196459
0.5	0.139796764716529
0.5	-0.139796764716528
0.6	-1.0768879419646
0.6	-0.932567926441412
0.7	-1.01986699396498
0.7	-0.951279583868586
0.8	-0.749911308878264
0.8	-0.71468622504064
0.9	-0.397088745795705
0.9	-0.376871903424725
1	-0.00421813635391424
0	0
0.1	0
0.1	0.74355128988904
0.2	0.74355128988904
0.2	0.865822236282887
0.3	0.865822236282887
0.3	1.44270824313383
0.4	1.44270824313383
0.4	4.56709911327695
0.5	4.56709911327695
0.5	-8.3274103180215
0.6	-8.3274103180215
0.6	-2.76308373938804
0.7	-2.76308373938804
0.7	-1.63645369574022
0.8	-1.63645369574022
0.8	-1.31845087889333
0.9	-1.31845087889333
0.9	-2.16481457464714
1	-2.16481457464714
