1	1
320
0	1.00649532293849e-06
0.00625	0.0234943164832906
0.00625	0.0235064948683917
0.0125	0.0469793877662294
0.0125	0.0470866964441367
0.01875	0.0703435604965973
0.01875	0.0710454643968482
0.025	0.0931937261923938
0.025	0.0960215160089326
0.03125	0.114799970499389
0.03125	0.122994478468291
0.0375	0.134088568995359
0.0375	0.153292538905206
0.04375	0.149633626970677
0.04375	0.188600131708379
0.05	0.159649016957619
0.05	0.230963747196005
0.05625	0.161982602174494
0.05625	0.282793711215386
0.0625	0.154114953103106
0.0625	0.34685967802105
0.06875	0.133164853870122
0.06875	0.426277609558942
0.075	0.0959038450245964
0.075	0.524486186665973
0.08125	0.0387818567132687
0.08125	0.645210907850691
0.0875	-0.0420343444112831
0.0875	0.792414567740895
0.09375	-0.150608627956201
0.09375	0.970233351066891
0.1	-0.291168189104157
0.1	1.18289840355189
0.10625	-0.468021395577195
0.10625	1.43464341725454
0.1125	-0.685461427034662
0.1125	1.72959946005789
0.11875	-0.947657049906528
0.11875	2.07167895087571
0.125	-1.25853255696821
0.125	2.4644512982934
0.13125	-1.62163952964822
0.13125	2.91101324884805
0.1375	-2.04002361991267
0.1375	3.41385740542656
0.14375	-2.51608997051953
0.14375	3.97474265751633
0.15	-3.05147117825179
0.15	4.59457040345593
0.15625	-3.64690184385912
0.15625	5.27327043997535
0.1625	-4.30210374358653
0.1625	6.00970025523931
0.16875	-5.01568550885459
0.16875	6.80156120559163
0.175	-5.7850604290264
0.175	7.64533470667067
0.18125	-6.60638562037199
0.18125	8.53624115379538
0.1875	-7.47452535889201
0.1875	9.46822383214538
0.19375	-8.38304088321003
0.19375	10.4339596094983
0.2	-9.32420846195209
0.2	11.4248977427991
0.20625	-10.2890670078229
0.20625	12.4313276854233
0.2125	-11.2674960208339
0.2125	13.4424763572948
0.21875	-12.2483241594664
0.21875	14.4466349255279
0.225	-13.2194682642949
0.225	15.431314721503
0.23125	-14.1681021788637
0.23125	16.3834314662112
0.2375	-15.0808542051231
0.2375	17.289516459169
0.24375	-15.9440314686266
0.24375	18.1359527792126
0.25	-16.7438688273004
0.25	18.9092338238378
0.25625	-17.4667992144603
0.25625	19.5962406632399
0.2625	-18.0997414516002
0.2625	20.1845337089135
0.26875	-18.6304006023681
0.26875	20.6626531125982
0.275	-19.0475748858785
0.275	21.0204211613243
0.28125	-19.3414620670321
0.28125	21.2492387810656
0.2875	-19.5039571544205
0.2875	21.3423671845571
0.29375	-19.5289322412378
0.29375	21.295184796938
0.3	-19.4124885167634
0.3	21.1054089711402
0.30625	-19.1531699566822
0.30625	20.7732717708345
0.3125	-18.7521280729136
0.3125	20.3016393510739
0.31875	-18.2132274620736
0.31875	19.6960652868134
0.325	-17.5430828126764
0.325	18.964769641229
0.33125	-16.7510195629387
0.33125	18.1185376437767
0.3375	-15.8489525559802
0.3375	17.1705345395577
0.34375	-14.851179788856
0.34375	16.136036400916
0.35	-13.7740916191109
0.35	15.0320803408523
0.35625	-12.6357994569382
0.35625	13.8770414707511
0.3625	-11.455691866338
0.3625	12.6901478999001
0.36875	-10.253929924698
0.36875	11.4909488544613
0.375	-9.05089742024642
0.375	10.2987543557635
0.38125	-7.86662476119956
0.38125	9.13206760384157
0.3875	-6.72020809484346
0.3875	8.00803304385882
0.39375	-5.62924687388152
0.39375	6.94192386578365
0.4	-4.6093237822702
0.4	5.94669227227196
0.40625	-3.6735504180031
0.40625	5.03260417938553
0.4125	-2.83220036413177
0.4125	4.20697709806968
0.41875	-2.09244827347724
0.41875	3.47403586648663
0.425	-1.4582294367976
0.425	2.83489582942127
0.43125	-0.930229165559856
0.43125	2.28767722507365
0.4375	-0.506005435195056
0.4375	1.82774823613509
0.44375	-0.180241898448629
0.44375	1.44808772923118
0.45	0.0548780706507297
0.45	1.13975250529561
0.45625	0.209191843637039
0.45625	0.892428275027041
0.4625	0.293993650787555
0.4625	0.695038897992509
0.46875	0.32141212488433
0.46875	0.536384975369348
0.475	0.303758471202214
0.475	0.405780894122007
0.48125	0.252876406880702
0.48125	0.293659032122994
0.4875	0.179525351647531
0.4875	0.192111104242621
0.49375	0.0928270300086722
0.49375	0.0953395151419202
0.5	-0.000197291277096029
0.5	0.000197291277096244
0.50625	-0.0953395151419192
0.50625	-0.0928270300086815
0.5125	-0.192111104242601
0.5125	-0.179525351647617
0.51875	-0.293659032122863
0.51875	-0.252876406880914
0.525	-0.405780894121762
0.525	-0.303758471202494
0.53125	-0.536384975369063
0.53125	-0.321412124884405
0.5375	-0.695038897992574
0.5375	-0.293993650787033
0.54375	-0.892428275027856
0.54375	-0.209191843636168
0.55	-1.13975250529606
0.55	-0.054878070652488
0.55625	-1.44808772922868
0.55625	0.180241898448579
0.5625	-1.82774823613695
0.5625	0.506005435197652
0.56875	-2.28767722507513
0.56875	0.930229165558199
0.575	-2.83489582941856
0.575	1.45822943679188
0.58125	-3.4740358664794
0.58125	2.09244827346936
0.5875	-4.20697709806142
0.5875	2.83220036412428
0.59375	-5.03260417937943
0.59375	3.67355041800377
0.6	-5.9466922722762
0.6	4.60932378227791
0.60625	-6.94192386579233
0.60625	5.62924687388664
0.6125	-8.00803304385999
0.6125	6.72020809483153
0.61875	-9.13206760382519
0.61875	7.86662476119581
0.625	-10.2987543557695
0.625	9.05089742026452
0.63125	-11.4909488544812
0.63125	10.2539299247005
0.6375	-12.6901478998915
0.6375	11.4556918663292
0.64375	-13.8770414707465
0.64375	12.6357994569149
0.65	-15.0320803408125
0.65	13.7740916190637
0.65625	-16.1360364008744
0.65625	14.8511797888404
0.6625	-17.1705345395507
0.6625	15.8489525559789
0.66875	-18.1185376437822
0.66875	16.7510195629534
0.675	-18.9647696412455
0.675	17.5430828126798
0.68125	-19.696065286808
0.68125	18.2132274620702
0.6875	-20.3016393510753
0.6875	18.7521280729151
0.69375	-20.7732717708324
0.69375	19.1531699566707
0.7	-21.1054089711267
0.7	19.4124885167553
0.70625	-21.2951847969303
0.70625	19.5289322412328
0.7125	-21.342367184557
0.7125	19.5039571544229
0.71875	-21.249238781066
0.71875	19.3414620670284
0.725	-21.0204211613191
0.725	19.0475748858776
0.73125	-20.6626531126021
0.73125	18.6304006023758
0.7375	-20.1845337089204
0.7375	18.0997414515997
0.74375	-19.5962406632365
0.74375	17.4667992144603
0.75	-18.9092338238404
0.75	16.7438688273059
0.75625	-18.1359527792193
0.75625	15.9440314686276
0.7625	-17.2895164591654
0.7625	15.0808542051213
0.76875	-16.3834314662143
0.76875	14.1681021788731
0.775	-15.4313147215125
0.775	13.2194682642979
0.78125	-14.4466349255287
0.78125	12.2483241594749
0.7875	-13.4424763573087
0.7875	11.2674960208433
0.79375	-12.4313276854255
0.79375	10.2890670078114
0.8	-11.4248977427838
0.8	9.32420846194513
0.80625	-10.433959609496
0.80625	8.38304088320474
0.8125	-9.46822383213767
0.8125	7.47452535889348
0.81875	-8.53624115380333
0.81875	6.60638562038025
0.825	-7.64533470667615
0.825	5.78506042903098
0.83125	-6.80156120559915
0.83125	5.01568550886387
0.8375	-6.00970025524593
0.8375	4.30210374358661
0.84375	-5.27327043997365
0.84375	3.64690184385804
0.85	-4.59457040345522
0.85	3.05147117824771
0.85625	-3.97474265750977
0.85625	2.51608997051642
0.8625	-3.41385740542704
0.8625	2.04002361991291
0.86875	-2.91101324884655
0.86875	1.62163952964765
0.875	-2.46445129829405
0.875	1.25853255696759
0.88125	-2.071678950874
0.88125	0.947657049905514
0.8875	-1.72959946005752
0.8875	0.685461427033498
0.89375	-1.43464341725296
0.89375	0.468021395578721
0.9	-1.18289840355548
0.9	0.29116818910789
0.90625	-0.970233351069595
0.90625	0.150608627957265
0.9125	-0.79241456774193
0.9125	0.0420343444126692
0.91875	-0.645210907851719
0.91875	-0.0387818567136633
0.925	-0.524486186665181
0.925	-0.0959038450248991
0.93125	-0.4262776095589
0.93125	-0.133164853870284
0.9375	-0.346859678020799
0.9375	-0.154114953102935
0.94375	-0.282793711215803
0.94375	-0.161982602174077
0.95	-0.230963747196325
0.95	-0.159649016957405
0.95625	-0.188600131708614
0.95625	-0.149633626970486
0.9625	-0.153292538905313
0.9625	-0.134088568995383
0.96875	-0.122994478468245
0.96875	-0.114799970499402
0.975	-0.0960215160089281
0.975	-0.0931937261924025
0.98125	-0.0710454643968399
0.98125	-0.0703435604965993
0.9875	-0.0470866964441368
0.9875	-0.046979387766229
0.99375	-0.023506494868392
0.99375	-0.0234943164832908
1	-1.00649532323686e-06
0	0
0.00625	0
0.00625	0.00282535445808451
0.0125	0.00282535445808451
0.0125	0.170232695174591
0.01875	0.170232695174591
0.01875	0.562499027763546
0.025	0.562499027763546
0.025	1.21319390728592
0.03125	1.21319390728592
0.03125	2.13713492916279
0.0375	2.13713492916279
0.0375	3.34629827616325
0.04375	3.34629827616325
0.04375	4.85278809539106
0.05	4.85278809539106
0.05	6.66947630449738
0.05625	6.66947630449738
0.05625	8.80999207774997
0.0625	8.80999207774997
0.0625	11.2884644035899
0.06875	11.2884644035899
0.06875	14.1191439331402
0.075	14.1191439331402
0.075	17.3159528281219
0.08125	17.3159528281219
0.08125	20.8919855455123
0.0875	20.8919855455123
0.0875	24.8589738120937
0.09375	24.8589738120937
0.09375	29.226725147527
0.1	29.226725147527
0.1	34.0025428047328
0.10625	34.0025428047328
0.10625	39.1906346976596
0.1125	39.1906346976596
0.1125	44.7915193170934
0.11875	44.7915193170934
0.11875	50.8014376088461
0.125	50.8014376088461
0.125	57.2117812126445
0.13125	57.2117812126445
0.13125	64.0085492706846
0.1375	64.0085492706846
0.1375	71.1718481197427
0.14375	71.1718481197427
0.14375	78.6754504639238
0.15	78.6754504639238
0.15	86.4864329188039
0.15625	86.4864329188039
0.15625	94.5649128986789
0.1625	94.5649128986789
0.1625	102.863907421685
0.16875	102.863907421685
0.16875	111.329337215306
0.175	111.329337215306
0.175	119.900199182358
0.18125	119.900199182358
0.18125	128.508928496166
0.1875	128.508928496166
0.1875	137.081968034536
0.19375	137.081968034536
0.19375	145.540557323365
0.2	145.540557323365
0.2	153.801745560375
0.20625	153.801745560375
0.20625	161.779623727996
0.2125	161.779623727996
0.2125	169.386759618372
0.21875	169.386759618372
0.21875	176.535807342452
0.225	176.535807342452
0.225	183.141250393674
0.23125	183.141250393674
0.23125	189.121225587396
0.2375	189.121225587396
0.2375	194.39936529608
0.24375	194.39936529608
0.24375	198.90658847055
0.25	198.90658847055
0.25	202.582767921859
0.25625	202.582767921859
0.25625	205.378202915895
0.2625	205.378202915895
0.2625	207.254832584099
0.26875	207.254832584099
0.26875	208.187136749862
0.275	208.187136749862
0.275	208.162685823804
0.28125	208.162685823804
0.28125	207.182319298548
0.2875	207.182319298548
0.2875	205.259951606898
0.29375	205.259951606898
0.29375	202.422023132597
0.3	202.422023132597
0.3	198.706631424648
0.30625	198.706631424648
0.30625	194.162391862909
0.3125	194.162391862909
0.3125	188.847087213351
0.31875	188.847087213351
0.31875	182.826171209886
0.325	182.826171209886
0.325	176.171192491323
0.33125	176.171192491323
0.33125	168.958202282708
0.3375	168.958202282708
0.3375	161.266202886065
0.34375	161.266202886065
0.34375	153.175685226175
0.35	153.175685226175
0.35	144.767293391559
0.35625	144.767293391559
0.35625	136.120643258409
0.3625	136.120643258409
0.3625	127.313311711998
0.36875	127.313311711998
0.36875	118.420003336923
0.375	118.420003336923
0.375	109.511893162342
0.38125	109.511893162342
0.38125	100.656137372347
0.3875	100.656137372347
0.3875	91.9155389024916
0.39375	91.9155389024916
0.39375	83.3483514610298
0.4	83.3483514610298
0.4	75.0082035934387
0.40625	75.0082035934387
0.40625	66.9441237321515
0.4125	66.9441237321515
0.4125	59.2006475139043
0.41875	59.2006475139043
0.41875	51.8179897850618
0.425	51.8179897850618
0.425	44.8322655054778
0.43125	44.8322655054778
0.43125	38.2757461398943
0.4375	38.2757461398943
0.4375	32.1771412388701
0.44375	32.1771412388701
0.44375	26.5618993500332
0.45	26.5618993500332
0.45	21.4525298172481
0.45625	21.4525298172481
0.45625	16.8689620720888
0.4625	16.8689620720888
0.4625	12.8289958065585
0.46875	12.8289958065585
0.46875	9.34900262417794
0.475	9.34900262417794
0.475	6.44541918421917
0.48125	6.44541918421917
0.48125	4.13931313441446
0.4875	4.13931313441446
0.4875	2.47848681053226
0.49375	2.47848681053226
0.49375	1.82307033492475
0.5	1.82307033492475
0.5	-0.534390658772495
0.50625	-0.534390658772495
0.50625	-0.608852706757631
0.5125	-0.608852706757631
0.5125	-1.49250566682773
0.51875	-1.49250566682773
0.51875	-2.97244898593044
0.525	-2.97244898593044
0.525	-5.04836825227829
0.53125	-5.04836825227829
0.53125	-7.71583514288575
0.5375	-7.71583514288575
0.5375	-10.9679467606782
0.54375	-10.9679467606782
0.54375	-14.7955059683426
0.55	-14.7955059683426
0.55	-19.1869188489214
0.55625	-19.1869188489214
0.55625	-24.127997000069
0.5625	-24.127997000069
0.5625	-29.6017119313526
0.56875	-29.6017119313526
0.56875	-35.587919181245
0.575	-35.587919181245
0.575	-42.0630624655526
0.58125	-42.0630624655526
0.58125	-48.9998668156484
0.5875	-48.9998668156484
0.5875	-56.3670303213145
0.59375	-56.3670303213145
0.59375	-64.1289255704629
0.6	-64.1289255704629
0.6	-72.2453237461318
0.60625	-72.2453237461318
0.60625	-80.6711563788637
0.6125	-80.6711563788637
0.6125	-89.3563317781774
0.61875	-89.3563317781774
0.61875	-98.2456249991257
0.625	-98.2456249991257
0.625	-107.278661635107
0.63125	-107.278661635107
0.63125	-116.390016508518
0.6375	-116.390016508518
0.6375	-125.509448214712
0.64375	-125.509448214712
0.64375	-134.562289157863
0.65	-134.562289157863
0.65	-143.470007955595
0.65625	-143.470007955595
0.65625	-152.150956669822
0.6625	-152.150956669822
0.6625	-160.521309093016
0.66875	-160.521309093016
0.66875	-168.496188314526
0.675	-168.496188314526
0.675	-175.990972161566
0.68125	-175.990972161566
0.68125	-182.922754235632
0.6875	-182.922754235632
0.6875	-189.211926762175
0.69375	-189.211926762175
0.69375	-194.783840104346
0.7	-194.783840104346
0.7	-199.570483565911
0.70625	-199.570483565911
0.70625	-203.512124023731
0.7125	-203.512124023731
0.7125	-206.558834033047
0.71875	-206.558834033047
0.71875	-208.671840168271
0.725	-208.671840168271
0.725	-209.824626062174
0.73125	-209.824626062174
0.73125	-210.003733048306
0.7375	-210.003733048306
0.7375	-209.209214160725
0.74375	-209.209214160725
0.74375	-207.45471371905
0.75	-207.45471371905
0.75	-204.767163593745
0.75625	-204.767163593745
0.75625	-201.186107006349
0.7625	-201.186107006349
0.7625	-196.762679739694
0.76875	-196.762679739694
0.76875	-191.558295367619
0.775	-191.558295367619
0.775	-185.643094271976
0.78125	-185.643094271976
0.78125	-179.09422491284
0.7875	-179.09422491284
0.7875	-171.994029659856
0.79375	-171.994029659856
0.79375	-164.428206561202
0.8	-164.428206561202
0.8	-156.484013273536
0.80625	-156.484013273536
0.80625	-148.248570839588
0.8125	-148.248570839588
0.8125	-139.807314150615
0.81875	-139.807314150615
0.81875	-131.242623883806
0.825	-131.242623883806
0.825	-122.632662470938
0.83125	-122.632662470938
0.83125	-114.050425152428
0.8375	-114.050425152428
0.8375	-105.563007018989
0.84375	-105.563007018989
0.84375	-97.2310785862073
0.85	-97.2310785862073
0.85	-89.1085560633561
0.85625	-89.1085560633561
0.85625	-81.2424480603237
0.8625	-81.2424480603237
0.8625	-73.6728578862391
0.86875	-73.6728578862391
0.86875	-66.4331195472445
0.875	-66.4331195472445
0.875	-59.5500457717859
0.88125	-59.5500457717859
0.88125	-53.044267518968
0.8875	-53.044267518968
0.8875	-46.9306461760048
0.89375	-46.9306461760048
0.89375	-41.218741722259
0.9	-41.218741722259
0.9	-35.9133223156422
0.90625	-35.9133223156422
0.90625	-31.0149028456649
0.9125	-31.0149028456649
0.9125	-26.5203018795494
0.91875	-26.5203018795494
0.91875	-22.4232080054107
0.925	-22.4232080054107
0.925	-18.7147478149098
0.93125	-18.7147478149098
0.93125	-15.3840486490473
0.9375	-15.3840486490473
0.9375	-12.4187897382999
0.94375	-12.4187897382999
0.94375	-9.80573550389188
0.95	-9.80573550389188
0.95	-7.5312444130941
0.95625	-7.5312444130941
0.95625	-5.58174553410338
0.9625	-5.58174553410338
0.9625	-3.94417147951552
0.96875	-3.94417147951552
0.96875	-2.60632606775794
0.975	-2.60632606775794
0.975	-1.55712803333887
0.98125	-1.55712803333887
0.98125	-0.786501653477335
0.9875	-0.786501653477335
0.9875	-0.28349065129225
0.99375	-0.28349065129225
0.99375	-0.00847280193217645
1	-0.00847280193217645
