1	1
40
0	0.00052855530882466
0.05	0.191826686110009
0.05	0.194206422205876
0.1	0.37926657236278
0.1	0.382419374670438
0.15	0.557505241667628
0.15	0.561780752822419
0.2	0.719703012984427
0.2	0.725755777088624
0.25	0.857448855438344
0.25	0.866365093786071
0.3	0.957695607570561
0.3	0.971543096576554
0.35	0.998350785194971
0.35	1.02142317002539
0.4	0.93655314182367
0.4	0.976541970372719
0.45	0.676912480862738
0.45	0.723267734274419
0.5	0.0330674188288839
0.5	-0.0330674188288826
0.55	-0.723267734274419
0.55	-0.676912480862738
0.6	-0.976541970372719
0.6	-0.93655314182367
0.65	-1.02142317002539
0.65	-0.998350785194971
0.7	-0.971543096576554
0.7	-0.957695607570562
0.75	-0.866365093786071
0.75	-0.857448855438344
0.8	-0.725755777088624
0.8	-0.719703012984427
0.85	-0.56178075282242
0.85	-0.557505241667628
0.9	-0.382419374670438
0.9	-0.37926657236278
0.95	-0.194206422205876
0.95	-0.191826686110009
1	-0.000528555308824744
0	0
0.05	0
0.05	0.340420138232028
0.1	0.340420138232028
0.1	0.285417687449841
0.15	0.285417687449841
0.15	0.282664338540833
0.2	0.282664338540833
0.2	0.323379265373737
0.25	0.323379265373737
0.25	0.411899600216331
0.3	0.411899600216331
0.3	0.58825355166637
0.35	0.58825355166637
0.35	0.968653355549204
0.4	0.968653355549204
0.4	1.90405918171002
0.45	1.90405918171002
0.45	4.3394590595659
0.5	4.3394590595659
0.5	-5.87861259367526
0.55	-5.87861259367526
0.55	-1.92608226075239
0.6	-1.92608226075239
0.6	-1.57873587520849
0.65	-1.57873587520849
0.65	-0.952988420629454
0.7	-0.952988420629454
0.7	-0.631381773527548
0.75	-0.631381773527548
0.75	-0.472695315899599
0.8	-0.472695315899599
0.8	-0.398483955812443
0.85	-0.398483955812443
0.85	-0.384726599385472
0.9	-0.384726599385472
0.9	-0.467350518394447
0.95	-0.467350518394447
0.95	-1.01439079043707
1	-1.01439079043707
