1	1
80
0	6.61033417816495e-05
0.025	0.0963257282933706
0.025	0.0966200916843046
0.05	0.192118034890835
0.05	0.192482373216236
0.075	0.286839360293038
0.075	0.28728717560754
0.1	0.379812321203723
0.1	0.380368265073332
0.125	0.470411901256829
0.125	0.471098770147325
0.15	0.557911351372456
0.15	0.55875540519838
0.175	0.641488424009296
0.175	0.642513925838204
0.2	0.720195396005383
0.2	0.721397814991254
0.225	0.79290106328
0.225	0.794288258201516
0.25	0.858113501476543
0.25	0.860099332249417
0.275	0.913672089816311
0.275	0.917600419147814
0.3	0.957255687086055
0.3	0.962737414278149
0.325	0.989230827107852
0.325	0.985030824669119
0.35	1.01144933506374
0.35	0.978964537964433
0.375	1.00845475380098
0.375	0.968072214648694
0.4	0.940403805167683
0.4	0.96887857020107
0.425	0.796329805237926
0.425	0.923532605588164
0.45	0.616280175400476
0.45	0.742382462089644
0.475	0.368606341985314
0.475	0.414701688199892
0.5	6.45257797796672e-05
0.5	-6.45257797790011e-05
0.525	-0.414701688199891
0.525	-0.368606341985313
0.55	-0.742382462089645
0.55	-0.616280175400476
0.575	-0.923532605588163
0.575	-0.796329805237928
0.6	-0.968878570201068
0.6	-0.940403805167686
0.625	-0.968072214648692
0.625	-1.00845475380099
0.65	-0.978964537964433
0.65	-1.01144933506374
0.675	-0.98503082466912
0.675	-0.989230827107852
0.7	-0.96273741427815
0.7	-0.957255687086056
0.725	-0.917600419147814
0.725	-0.913672089816311
0.75	-0.860099332249417
0.75	-0.858113501476544
0.775	-0.794288258201517
0.775	-0.792901063280001
0.8	-0.721397814991254
0.8	-0.720195396005383
0.825	-0.642513925838204
0.825	-0.641488424009296
0.85	-0.55875540519838
0.85	-0.557911351372456
0.875	-0.471098770147325
0.875	-0.470411901256829
0.9	-0.380368265073333
0.9	-0.379812321203723
0.925	-0.28728717560754
0.925	-0.286839360293038
0.95	-0.192482373216237
0.95	-0.192118034890835
0.975	-0.0966200916843051
0.975	-0.096325728293371
1	-6.6103341782045e-05
0	0
0.025	0
0.025	0.164998804683443
0.05	0.164998804683443
0.05	0.125075929913255
0.075	0.125075929913255
0.075	0.110148640842269
0.1	0.110148640842269
0.1	0.107198395562073
0.125	0.107198395562073
0.125	0.109463213788671
0.15	0.109463213788671
0.15	0.115504303610299
0.175	0.115504303610299
0.175	0.123949047067108
0.2	0.123949047067108
0.2	0.130269151521251
0.225	0.130269151521251
0.225	0.133959825073794
0.25	0.133959825073794
0.25	0.17769395694414
0.275	0.17769395694414
0.275	0.375953591412875
0.3	0.375953591412875
0.3	0.610221919051418
0.325	0.610221919051418
0.325	0.281250077765043
0.35	0.281250077765043
0.35	3.76639567121938
0.375	3.76639567121938
0.375	6.74853107388104
0.4	6.74853107388104
0.4	0.418354972793763
0.425	0.418354972793763
0.425	15.8608585027684
0.45	15.8608585027684
0.45	26.4007192398036
0.475	26.4007192398036
0.475	29.4936250765185
0.5	29.4936250765185
0.5	0
0.525	0
0.525	-10.9457187170095
0.55	-10.9457187170095
0.55	-19.0392829052969
0.575	-19.0392829052969
0.575	-13.8082909105971
0.6	-13.8082909105971
0.6	-0.383523098328161
0.625	-0.383523098328161
0.625	-6.43978740360053
0.65	-6.43978740360053
0.65	-3.74431676057494
0.675	-3.74431676057494
0.675	-0.287538220499059
0.7	-0.287538220499059
0.7	-0.63467154251136
0.725	-0.63467154251136
0.725	-0.396942201260221
0.75	-0.396942201260221
0.75	-0.190581843770353
0.775	-0.190581843770353
0.775	-0.146080695596419
0.8	-0.146080695596419
0.8	-0.144684040792486
0.825	-0.144684040792486
0.825	-0.140666364688907
0.85	-0.140666364688907
0.85	-0.134678262686656
0.875	-0.134678262686656
0.875	-0.132358407391629
0.9	-0.132358407391629
0.9	-0.136686007706926
0.925	-0.136686007706926
0.925	-0.153276610381652
0.95	-0.153276610381652
0.95	-0.207613989910857
0.975	-0.207613989910857
0.975	-0.494222856808024
1	-0.494222856808024
