1	1
160
0	8.26491295403617e-06
0.0125	0.0482197725440292
0.0125	0.0482563521876885
0.025	0.0963730947376034
0.025	0.096417417438651
0.0375	0.144393884836008
0.0375	0.144447731873459
0.05	0.192201801837436
0.05	0.192267048449545
0.0625	0.239728813845611
0.0625	0.239806224454834
0.075	0.286900384284711
0.075	0.286990548516056
0.0875	0.333640314451682
0.0875	0.333743953882558
0.1	0.379869254167184
0.1	0.379987117907211
0.1125	0.425504116320917
0.1125	0.425637077766082
0.125	0.470457424128765
0.125	0.470606485236103
0.1375	0.514636473930644
0.1375	0.514802795687726
0.15	0.55794243355913
0.15	0.558127362877818
0.1625	0.600269289120043
0.1625	0.600474391506668
0.175	0.641502630543924
0.175	0.641729729417733
0.1875	0.681518231842351
0.1875	0.681769456453905
0.2	0.720180378955816
0.2	0.720458223679265
0.2125	0.757339883769228
0.2125	0.757647281981024
0.225	0.792831705730456
0.225	0.793172122682907
0.2375	0.826472079696105
0.2375	0.826849630201598
0.25	0.858055017661624
0.25	0.858474616473848
0.2625	0.887348010097867
0.2625	0.887815565741994
0.275	0.914086694957155
0.275	0.914609361807161
0.2875	0.937968182473355
0.2875	0.9385546915918
0.3	0.958642611853161
0.3	0.959303709194413
0.3125	0.975702357428623
0.3125	0.976451389374434
0.325	0.988668075496632
0.325	0.98952177736359
0.3375	0.996970457685704
0.3375	0.997950021400621
0.35	0.999926087651067
0.35	1.00105860851291
0.3625	0.996705125373074
0.3625	0.998025545113658
0.375	0.986287599836085
0.375	0.987841240775817
0.3875	0.96740384390663
0.3875	0.969249465911895
0.4	0.938453216539258
0.4	0.940665934964868
0.4125	0.897394611965508
0.4125	0.90006619158872
0.425	0.841605626463602
0.425	0.844834560312767
0.4375	0.767725276614094
0.4375	0.771576313156951
0.45	0.671559203000225
0.45	0.67594762059903
0.4625	0.54831455039329
0.4625	0.552759922319523
0.475	0.393860605858672
0.475	0.397217825759227
0.4875	0.208162939123719
0.4875	0.209074966677037
0.5	0.000560531939009914
0.5	-0.000560531939008999
0.5125	-0.209074966677036
0.5125	-0.208162939123718
0.525	-0.397217825759226
0.525	-0.393860605858672
0.5375	-0.552759922319523
0.5375	-0.54831455039329
0.55	-0.675947620599031
0.55	-0.671559203000225
0.5625	-0.77157631315695
0.5625	-0.767725276614094
0.575	-0.844834560312767
0.575	-0.841605626463601
0.5875	-0.900066191588721
0.5875	-0.897394611965508
0.6	-0.940665934964868
0.6	-0.938453216539258
0.6125	-0.969249465911895
0.6125	-0.96740384390663
0.625	-0.987841240775817
0.625	-0.986287599836085
0.6375	-0.998025545113658
0.6375	-0.996705125373074
0.65	-1.00105860851291
0.65	-0.999926087651067
0.6625	-0.997950021400621
0.6625	-0.996970457685704
0.675	-0.98952177736359
0.675	-0.988668075496631
0.6875	-0.976451389374434
0.6875	-0.975702357428623
0.7	-0.959303709194413
0.7	-0.958642611853161
0.7125	-0.9385546915918
0.7125	-0.937968182473355
0.725	-0.914609361807161
0.725	-0.914086694957155
0.7375	-0.887815565741995
0.7375	-0.887348010097867
0.75	-0.858474616473848
0.75	-0.858055017661624
0.7625	-0.826849630201599
0.7625	-0.826472079696105
0.775	-0.793172122682907
0.775	-0.792831705730456
0.7875	-0.757647281981024
0.7875	-0.757339883769228
0.8	-0.720458223679265
0.8	-0.720180378955816
0.8125	-0.681769456453906
0.8125	-0.681518231842352
0.825	-0.641729729417734
0.825	-0.641502630543924
0.8375	-0.600474391506668
0.8375	-0.600269289120043
0.85	-0.558127362877818
0.85	-0.55794243355913
0.8625	-0.514802795687726
0.8625	-0.514636473930644
0.875	-0.470606485236103
0.875	-0.470457424128765
0.8875	-0.425637077766082
0.8875	-0.425504116320917
0.9	-0.379987117907211
0.9	-0.379869254167184
0.9125	-0.333743953882558
0.9125	-0.333640314451682
0.925	-0.286990548516057
0.925	-0.286900384284711
0.9375	-0.239806224454834
0.9375	-0.239728813845611
0.95	-0.192267048449545
0.95	-0.192201801837436
0.9625	-0.144447731873459
0.9625	-0.144393884836008
0.975	-0.0964174174386511
0.975	-0.0963730947376035
0.9875	-0.0482563521876884
0.9875	-0.0482197725440292
1	-8.2649129539529e-06
0	0
0.0125	0
0.0125	0.080930569863111
0.025	0.080930569863111
0.025	0.0588439355697467
0.0375	0.0588439355697467
0.0375	0.0511368748564383
0.05	0.0511368748564383
0.05	0.0482875131114636
0.0625	0.0482875131114636
0.0625	0.0469883433267724
0.075	0.0469883433267724
0.075	0.0464472676267556
0.0875	0.0464472676267556
0.0875	0.0464327920427292
0.1	0.0464327920427292
0.1	0.0467826457691112
0.1125	0.0467826457691112
0.1125	0.0474396077522121
0.125	0.0474396077522121
0.125	0.0483720447416178
0.1375	0.0483720447416178
0.1375	0.0495713769191779
0.15	0.0495713769191779
0.15	0.0510426144967764
0.1625	0.0510426144967764
0.1625	0.0528017766664656
0.175	0.0528017766664656
0.175	0.0548748416264203
0.1875	0.0548748416264203
0.1875	0.0572979145807262
0.2	0.0572979145807262
0.2	0.0601184012394805
0.2125	0.0601184012394805
0.2125	0.0633970606900863
0.225	0.0633970606900863
0.225	0.0672110934073623
0.2375	0.0672110934073623
0.2375	0.0716585139859179
0.25	0.0716585139859179
0.25	0.0768642562066376
0.2625	0.0768642562066376
0.2625	0.0829886937436267
0.275	0.0829886937436267
0.275	0.0902396228019502
0.2875	0.0902396228019502
0.2875	0.0988893096653595
0.3	0.0988893096653595
0.3	0.109299088550923
0.3125	0.109299088550923
0.3125	0.121955418991485
0.325	0.121955418991485
0.325	0.137523644067368
0.3375	0.137523644067368
0.3375	0.15692955492777
0.35	0.15692955492777
0.35	0.181485305998772
0.3625	0.181485305998772
0.3625	0.213086896854307
0.375	0.213086896854307
0.375	0.254527583534895
0.3875	0.254527583534895
0.3875	0.309996527954974
0.4	0.309996527954974
0.4	0.385857118853595
0.4125	0.385857118853595
0.4125	0.491775103978884
0.425	0.491775103978884
0.425	0.641981798486896
0.4375	0.641981798486896
0.4375	0.855163889019715
0.45	0.855163889019715
0.45	1.14701302147924
0.4625	1.14701302147924
0.4625	1.49789336368762
0.475	1.49789336368762
0.475	1.7597112385062
0.4875	1.7597112385062
0.4875	1.37068403018935
0.5	1.37068403018935
0.5	-1.68624583423759
0.5125	-1.68624583423759
0.5125	-0.474450294193198
0.525	-0.474450294193198
0.525	-1.12481034511005
0.5375	-1.12481034511005
0.5375	-1.15775615193084
0.55	-1.15775615193084
0.55	-0.972820444479818
0.5625	-0.972820444479818
0.5625	-0.7652159547446
0.575	-0.7652159547446
0.575	-0.594353044715908
0.5875	-0.594353044715908
0.5875	-0.465974385813536
0.6	-0.465974385813536
0.6	-0.371769715508435
0.6125	-0.371769715508435
0.6125	-0.302461292869537
0.625	-0.302461292869537
0.625	-0.250802591211421
0.6375	-0.250802591211421
0.6375	-0.211655858513038
0.65	-0.211655858513038
0.65	-0.181478424932196
0.6625	-0.181478424932196
0.6625	-0.157831771025693
0.675	-0.157831771025693
0.675	-0.13902185495647
0.6875	-0.13902185495647
0.6875	-0.123855464325647
0.7	-0.123855464325647
0.7	-0.111479085111714
0.7125	-0.111479085111714
0.7125	-0.101272614890287
0.725	-0.101272614890287
0.725	-0.0927787591273033
0.7375	-0.0927787591273033
0.7375	-0.0856555919966383
0.75	-0.0856555919966383
0.75	-0.0796442582477382
0.7625	-0.0796442582477382
0.7625	-0.0745466878914936
0.775	-0.0745466878914936
0.775	-0.0702100300994361
0.7875	-0.0702100300994361
0.7875	-0.0665156748976509
0.8	-0.0665156748976509
0.8	-0.0633714746255159
0.8125	-0.0633714746255159
0.8125	-0.0607062620719631
0.825	-0.0607062620719631
0.825	-0.05846609461079
0.8375	-0.05846609461079
0.8375	-0.0566118892980554
0.85	-0.0566118892980554
0.85	-0.0551183473228043
0.8625	-0.0551183473228043
0.8625	-0.0539742416832734
0.875	-0.0539742416832734
0.875	-0.0531846177533434
0.8875	-0.0531846177533434
0.8875	-0.0527759326805085
0.9	-0.0527759326805085
0.9	-0.0528061281943269
0.9125	-0.0528061281943269
0.9125	-0.0533894810652323
0.925	-0.0533894810652323
0.925	-0.0547300631540726
0.9375	-0.0547300631540726
0.9375	-0.0572901933887976
0.95	-0.0572901933887976
0.95	-0.0619636765453023
0.9625	-0.0619636765453023
0.9625	-0.0714884560355984
0.975	-0.0714884560355984
0.975	-0.0979765631697839
0.9875	-0.0979765631697839
0.9875	-0.242700102728257
1	-0.242700102728257
