1	0
5120
0	10
0.000390625	10
0.000390625	10
0.00078125	10
0.00078125	10
0.001171875	10
0.001171875	10
0.0015625	10
0.0015625	10
0.001953125	10
0.001953125	10
0.00234375	10
0.00234375	10
0.002734375	10
0.002734375	10
0.003125	10
0.003125	10
0.003515625	10
0.003515625	10
0.00390625	10
0.00390625	10
0.004296875	10
0.004296875	10
0.0046875	10
0.0046875	10
0.005078125	10
0.005078125	10
0.00546875	10
0.00546875	10
0.005859375	10
0.005859375	10
0.00625	10
0.00625	10
0.006640625	10
0.006640625	10
0.00703125	10
0.00703125	10
0.007421875	10
0.007421875	10
0.0078125	10
0.0078125	10
0.008203125	10
0.008203125	10
0.00859375	10
0.00859375	10
0.008984375	10
0.008984375	10
0.009375	10
0.009375	10
0.009765625	10
0.009765625	10
0.01015625	10
0.01015625	10
0.010546875	10
0.010546875	10
0.0109375	10
0.0109375	10
0.011328125	10
0.011328125	10
0.01171875	10
0.01171875	10
0.012109375	10
0.012109375	10
0.0125	10
0.0125	10
0.012890625	10
0.012890625	10
0.01328125	10
0.01328125	10
0.013671875	10
0.013671875	10
0.0140625	10
0.0140625	10
0.014453125	10
0.014453125	10
0.01484375	10
0.01484375	10
0.015234375	10
0.015234375	10
0.015625	10
0.015625	10
0.016015625	10
0.016015625	10
0.01640625	10
0.01640625	10
0.016796875	10
0.016796875	10
0.0171875	10
0.0171875	10
0.017578125	10
0.017578125	10
0.01796875	10
0.01796875	10
0.018359375	10
0.018359375	10
0.01875	10
0.01875	10
0.019140625	10
0.019140625	10
0.01953125	10
0.01953125	10
0.019921875	10
0.019921875	10
0.0203125	10
0.0203125	10
0.020703125	10
0.020703125	10
0.02109375	10
0.02109375	10
0.021484375	10
0.021484375	10
0.021875	10
0.021875	10
0.022265625	10
0.022265625	10
0.02265625	10
0.02265625	10
0.023046875	10
0.023046875	10
0.0234375	10
0.0234375	10
0.023828125	10
0.023828125	10
0.02421875	10
0.02421875	10
0.024609375	10
0.024609375	10
0.025	10
0.025	10
0.025390625	10
0.025390625	10
0.02578125	10
0.02578125	10
0.026171875	10
0.026171875	10
0.0265625	10
0.0265625	10
0.026953125	10
0.026953125	10
0.02734375	10
0.02734375	10
0.027734375	10
0.027734375	10
0.028125	10
0.028125	10
0.028515625	10
0.028515625	10
0.02890625	10
0.02890625	10
0.029296875	10
0.029296875	10
0.0296875	10
0.0296875	10
0.030078125	10
0.030078125	10
0.03046875	10
0.03046875	10
0.030859375	10
0.030859375	10
0.03125	10
0.03125	10
0.031640625	10
0.031640625	10
0.03203125	10
0.03203125	10
0.032421875	10
0.032421875	10
0.0328125	10
0.0328125	10
0.033203125	10
0.033203125	10
0.03359375	10
0.03359375	10
0.033984375	10
0.033984375	10
0.034375	10
0.034375	10
0.034765625	10
0.034765625	10
0.03515625	10
0.03515625	10
0.035546875	10
0.035546875	10
0.0359375	10
0.0359375	10
0.036328125	10
0.036328125	10
0.03671875	10
0.03671875	10
0.037109375	10
0.037109375	10
0.0375	10
0.0375	10
0.037890625	10
0.037890625	10
0.03828125	10
0.03828125	10
0.038671875	10
0.038671875	10
0.0390625	10
0.0390625	10
0.039453125	10
0.039453125	10
0.03984375	10
0.03984375	10
0.040234375	10
0.040234375	10
0.040625	10
0.040625	10
0.041015625	10
0.041015625	10
0.04140625	10
0.04140625	10
0.041796875	10
0.041796875	10
0.0421875	10
0.0421875	10
0.042578125	10
0.042578125	10
0.04296875	10
0.04296875	10
0.043359375	10
0.043359375	10
0.04375	10
0.04375	10
0.044140625	10
0.044140625	10
0.04453125	10
0.04453125	10
0.044921875	10
0.044921875	10
0.0453125	10
0.0453125	10
0.045703125	10
0.045703125	10
0.04609375	10
0.04609375	10
0.046484375	10
0.046484375	10
0.046875	10
0.046875	10
0.047265625	10
0.047265625	10
0.04765625	10
0.04765625	10
0.048046875	10
0.048046875	10
0.0484375	10
0.0484375	10
0.048828125	10
0.048828125	10
0.04921875	10
0.04921875	10
0.049609375	10
0.049609375	10
0.05	10
0.05	10
0.050390625	10
0.050390625	10
0.05078125	10
0.05078125	10
0.051171875	10
0.051171875	10
0.0515625	10
0.0515625	10
0.051953125	10
0.051953125	10
0.05234375	10
0.05234375	10
0.052734375	10
0.052734375	10
0.053125	10
0.053125	10
0.053515625	10
0.053515625	10
0.05390625	10
0.05390625	10
0.054296875	10
0.054296875	10
0.0546875	10
0.0546875	10
0.055078125	10
0.055078125	10
0.05546875	10
0.05546875	10
0.055859375	10
0.055859375	10
0.05625	10
0.05625	10
0.056640625	10
0.056640625	10
0.05703125	10
0.05703125	10
0.057421875	10
0.057421875	10
0.0578125	10
0.0578125	10
0.058203125	10
0.058203125	10
0.05859375	10
0.05859375	10
0.058984375	10
0.058984375	10
0.059375	10
0.059375	10
0.059765625	10
0.059765625	10
0.06015625	10
0.06015625	10
0.060546875	10
0.060546875	10
0.0609375	10
0.0609375	10
0.061328125	10
0.061328125	10
0.06171875	10
0.06171875	10
0.062109375	10
0.062109375	10
0.0625	10
0.0625	10
0.062890625	10
0.062890625	10
0.06328125	10
0.06328125	10
0.063671875	10
0.063671875	10
0.0640625	10
0.0640625	10
0.064453125	10
0.064453125	10
0.06484375	10
0.06484375	10
0.065234375	10
0.065234375	10
0.065625	10
0.065625	10
0.066015625	10
0.066015625	10
0.06640625	10
0.06640625	10
0.066796875	10
0.066796875	10
0.0671875	10
0.0671875	10
0.067578125	10
0.067578125	10
0.06796875	10
0.06796875	10
0.068359375	10
0.068359375	10
0.06875	10
0.06875	10
0.069140625	10
0.069140625	10
0.06953125	10
0.06953125	10
0.069921875	10
0.069921875	10
0.0703125	10
0.0703125	10
0.070703125	10
0.070703125	10
0.07109375	10
0.07109375	10
0.071484375	10
0.071484375	10
0.071875	10
0.071875	10
0.072265625	10
0.072265625	10
0.07265625	10
0.07265625	10
0.073046875	10
0.073046875	10
0.0734375	10
0.0734375	10
0.073828125	10
0.073828125	10
0.07421875	10
0.07421875	10
0.074609375	10
0.074609375	10
0.075	10
0.075	10
0.075390625	10
0.075390625	10
0.07578125	10
0.07578125	10
0.076171875	10
0.076171875	10
0.0765625	10
0.0765625	10
0.076953125	10
0.076953125	10
0.07734375	10
0.07734375	10
0.077734375	10
0.077734375	10
0.078125	10
0.078125	10
0.078515625	10
0.078515625	10
0.07890625	10
0.07890625	10
0.079296875	10
0.079296875	10
0.0796875	10
0.0796875	10
0.080078125	10
0.080078125	10
0.08046875	10
0.08046875	10
0.080859375	10
0.080859375	10
0.08125	10
0.08125	10
0.081640625	10
0.081640625	10
0.08203125	10
0.08203125	10
0.082421875	10
0.082421875	10
0.0828125	10
0.0828125	10
0.083203125	10
0.083203125	10
0.08359375	10
0.08359375	10
0.083984375	10
0.083984375	10
0.084375	10
0.084375	10
0.084765625	10
0.084765625	10
0.08515625	10
0.08515625	10
0.085546875	10
0.085546875	10
0.0859375	10
0.0859375	10
0.086328125	10
0.086328125	10
0.08671875	10
0.08671875	10
0.087109375	10
0.087109375	10
0.0875	10
0.0875	10
0.087890625	10
0.087890625	10
0.08828125	10
0.08828125	10
0.088671875	10
0.088671875	10
0.0890625	10
0.0890625	10
0.089453125	10
0.089453125	10
0.08984375	10
0.08984375	10
0.090234375	10
0.090234375	10
0.090625	10
0.090625	10
0.091015625	10
0.091015625	10
0.09140625	10
0.09140625	10
0.091796875	10
0.091796875	10
0.0921875	10
0.0921875	10
0.092578125	10
0.092578125	10
0.09296875	10
0.09296875	10
0.093359375	10
0.093359375	10
0.09375	10
0.09375	10
0.094140625	10
0.094140625	10
0.09453125	10
0.09453125	10
0.094921875	10
0.094921875	10
0.0953125	10
0.0953125	10
0.095703125	10
0.095703125	10
0.09609375	10
0.09609375	10
0.096484375	10
0.096484375	10
0.096875	10
0.096875	10
0.097265625	10
0.097265625	10
0.09765625	10
0.09765625	10
0.098046875	10
0.098046875	10
0.0984375	10
0.0984375	10
0.098828125	10
0.098828125	10
0.09921875	10
0.09921875	10
0.099609375	10
0.099609375	10
0.1	10
0.1	10
0.100390625	10
0.100390625	10
0.10078125	10
0.10078125	10
0.101171875	10
0.101171875	10
0.1015625	10
0.1015625	10
0.101953125	10
0.101953125	10
0.10234375	10
0.10234375	10
0.102734375	10
0.102734375	10
0.103125	10
0.103125	10
0.103515625	10
0.103515625	10
0.10390625	10
0.10390625	10
0.104296875	10
0.104296875	10
0.1046875	10
0.1046875	10
0.105078125	10
0.105078125	10
0.10546875	10
0.10546875	10
0.105859375	10
0.105859375	10
0.10625	10
0.10625	10
0.106640625	10
0.106640625	10
0.10703125	10
0.10703125	10
0.107421875	10
0.107421875	10
0.1078125	10
0.1078125	10
0.108203125	10
0.108203125	10
0.10859375	10
0.10859375	10
0.108984375	10
0.108984375	10
0.109375	10
0.109375	10
0.109765625	10
0.109765625	10
0.11015625	10
0.11015625	10
0.110546875	10
0.110546875	10
0.1109375	10
0.1109375	10
0.111328125	10
0.111328125	10
0.11171875	10
0.11171875	10
0.112109375	10
0.112109375	10
0.1125	10
0.1125	10
0.112890625	10
0.112890625	10
0.11328125	10
0.11328125	10
0.113671875	10
0.113671875	10
0.1140625	10
0.1140625	10
0.114453125	10
0.114453125	10
0.11484375	10
0.11484375	10
0.115234375	10
0.115234375	10
0.115625	10
0.115625	10
0.116015625	10
0.116015625	10
0.11640625	10
0.11640625	10
0.116796875	10
0.116796875	10
0.1171875	10
0.1171875	10
0.117578125	10
0.117578125	10
0.11796875	10
0.11796875	10
0.118359375	10
0.118359375	10
0.11875	10
0.11875	10
0.119140625	10
0.119140625	10
0.11953125	10
0.11953125	10
0.119921875	10
0.119921875	10
0.1203125	10
0.1203125	10
0.120703125	10
0.120703125	10
0.12109375	10
0.12109375	10
0.121484375	10
0.121484375	10
0.121875	10
0.121875	10
0.122265625	10
0.122265625	10
0.12265625	10
0.12265625	10
0.123046875	10
0.123046875	10
0.1234375	10
0.1234375	10
0.123828125	10
0.123828125	10
0.12421875	10
0.12421875	10
0.124609375	10
0.124609375	10
0.125	10
0.125	10
0.125390625	10
0.125390625	10
0.12578125	10
0.12578125	10
0.126171875	10
0.126171875	10
0.1265625	10
0.1265625	10
0.126953125	10
0.126953125	10
0.12734375	10
0.12734375	10
0.127734375	10
0.127734375	10
0.128125	10
0.128125	10
0.128515625	10
0.128515625	10
0.12890625	10
0.12890625	10
0.129296875	10
0.129296875	10
0.1296875	10
0.1296875	10
0.130078125	10
0.130078125	10
0.13046875	10
0.13046875	10
0.130859375	10
0.130859375	10
0.13125	10
0.13125	10
0.131640625	10
0.131640625	10
0.13203125	10
0.13203125	10
0.132421875	10
0.132421875	10
0.1328125	10
0.1328125	10
0.133203125	10
0.133203125	10
0.13359375	10
0.13359375	10
0.133984375	10
0.133984375	10
0.134375	10
0.134375	10
0.134765625	10
0.134765625	10
0.13515625	10
0.13515625	10
0.135546875	10
0.135546875	10
0.1359375	10
0.1359375	10
0.136328125	10
0.136328125	10
0.13671875	10
0.13671875	10
0.137109375	10
0.137109375	10
0.1375	10
0.1375	10
0.137890625	10
0.137890625	10
0.13828125	10
0.13828125	10
0.138671875	10
0.138671875	10
0.1390625	10
0.1390625	10
0.139453125	10
0.139453125	10
0.13984375	10
0.13984375	10
0.140234375	10
0.140234375	10
0.140625	10
0.140625	10
0.141015625	10
0.141015625	10
0.14140625	10
0.14140625	10
0.141796875	10
0.141796875	10
0.1421875	10
0.1421875	10
0.142578125	10
0.142578125	10
0.14296875	10
0.14296875	10
0.143359375	10
0.143359375	10
0.14375	10
0.14375	10
0.144140625	10
0.144140625	10
0.14453125	10
0.14453125	10
0.144921875	10
0.144921875	10
0.1453125	10
0.1453125	10
0.145703125	10
0.145703125	10
0.14609375	10
0.14609375	10
0.146484375	10
0.146484375	10
0.146875	10
0.146875	10
0.147265625	10
0.147265625	10
0.14765625	10
0.14765625	10
0.148046875	10
0.148046875	10
0.1484375	10
0.1484375	10
0.148828125	10
0.148828125	10
0.14921875	10
0.14921875	10
0.149609375	10
0.149609375	10
0.15	10
0.15	10
0.150390625	10
0.150390625	10
0.15078125	10
0.15078125	10
0.151171875	10
0.151171875	10
0.1515625	10
0.1515625	10
0.151953125	10
0.151953125	10
0.15234375	10
0.15234375	10
0.152734375	10
0.152734375	10
0.153125	10
0.153125	10
0.153515625	10
0.153515625	10
0.15390625	10
0.15390625	10
0.154296875	10
0.154296875	10
0.1546875	10
0.1546875	10
0.155078125	10
0.155078125	10
0.15546875	10
0.15546875	10
0.155859375	10
0.155859375	10
0.15625	10
0.15625	10
0.156640625	10
0.156640625	10
0.15703125	10
0.15703125	10
0.157421875	10
0.157421875	10
0.1578125	10
0.1578125	10
0.158203125	10
0.158203125	10
0.15859375	10
0.15859375	10
0.158984375	10
0.158984375	10
0.159375	10
0.159375	10
0.159765625	10
0.159765625	10
0.16015625	10
0.16015625	10
0.160546875	10
0.160546875	10
0.1609375	10
0.1609375	10
0.161328125	10
0.161328125	10
0.16171875	10
0.16171875	10
0.162109375	10
0.162109375	10
0.1625	10
0.1625	10
0.162890625	10
0.162890625	10
0.16328125	10
0.16328125	10
0.163671875	10
0.163671875	10
0.1640625	10
0.1640625	10
0.164453125	10
0.164453125	10
0.16484375	10
0.16484375	10
0.165234375	10
0.165234375	10
0.165625	10
0.165625	10
0.166015625	10
0.166015625	10
0.16640625	10
0.16640625	10
0.166796875	10
0.166796875	10
0.1671875	10
0.1671875	10
0.167578125	10
0.167578125	10
0.16796875	10
0.16796875	10
0.168359375	10
0.168359375	10
0.16875	10
0.16875	10
0.169140625	10
0.169140625	10
0.16953125	10
0.16953125	10
0.169921875	10
0.169921875	10
0.1703125	10
0.1703125	10
0.170703125	10
0.170703125	10
0.17109375	10
0.17109375	10
0.171484375	10
0.171484375	10
0.171875	10
0.171875	10
0.172265625	10
0.172265625	10
0.17265625	10
0.17265625	10
0.173046875	10
0.173046875	10
0.1734375	10
0.1734375	10
0.173828125	10
0.173828125	10
0.17421875	10
0.17421875	10
0.174609375	10
0.174609375	10
0.175	10
0.175	10
0.175390625	10
0.175390625	10
0.17578125	10
0.17578125	10
0.176171875	10
0.176171875	10
0.1765625	10
0.1765625	10
0.176953125	10
0.176953125	10
0.17734375	10
0.17734375	10
0.177734375	10
0.177734375	10
0.178125	10
0.178125	10
0.178515625	10
0.178515625	10
0.17890625	10
0.17890625	10
0.179296875	10
0.179296875	10
0.1796875	10
0.1796875	10
0.180078125	10
0.180078125	10
0.18046875	10
0.18046875	10
0.180859375	10
0.180859375	10
0.18125	10
0.18125	10
0.181640625	10
0.181640625	10
0.18203125	10
0.18203125	10
0.182421875	10
0.182421875	10
0.1828125	10
0.1828125	10
0.183203125	10
0.183203125	10
0.18359375	10
0.18359375	10
0.183984375	10
0.183984375	10
0.184375	10
0.184375	10
0.184765625	10
0.184765625	10
0.18515625	10
0.18515625	10
0.185546875	10
0.185546875	10
0.1859375	10
0.1859375	10
0.186328125	10
0.186328125	10
0.18671875	10
0.18671875	10
0.187109375	10
0.187109375	10
0.1875	10
0.1875	10
0.187890625	10
0.187890625	10
0.18828125	10
0.18828125	10
0.188671875	10
0.188671875	10
0.1890625	10
0.1890625	10
0.189453125	10
0.189453125	10
0.18984375	10
0.18984375	10
0.190234375	10
0.190234375	10
0.190625	10
0.190625	10
0.191015625	10
0.191015625	10
0.19140625	10
0.19140625	10
0.191796875	10
0.191796875	10
0.1921875	10
0.1921875	10
0.192578125	10
0.192578125	10
0.19296875	10
0.19296875	10
0.193359375	10
0.193359375	10
0.19375	10
0.19375	10
0.194140625	10
0.194140625	10
0.19453125	10
0.19453125	10
0.194921875	10
0.194921875	10
0.1953125	10
0.1953125	10
0.195703125	10
0.195703125	10
0.19609375	10
0.19609375	10
0.196484375	10
0.196484375	10
0.196875	10
0.196875	10
0.197265625	10
0.197265625	10
0.19765625	10
0.19765625	10
0.198046875	10
0.198046875	10
0.1984375	10
0.1984375	10
0.198828125	10
0.198828125	10
0.19921875	10
0.19921875	10
0.199609375	10
0.199609375	10
0.2	10
0.2	10
0.200390625	10
0.200390625	10
0.20078125	10
0.20078125	10
0.201171875	10
0.201171875	10
0.2015625	10
0.2015625	10
0.201953125	10
0.201953125	10
0.20234375	10
0.20234375	10
0.202734375	10
0.202734375	10
0.203125	10
0.203125	10
0.203515625	10
0.203515625	10
0.20390625	10
0.20390625	10
0.204296875	10
0.204296875	10
0.2046875	10
0.2046875	10
0.205078125	10
0.205078125	10
0.20546875	10
0.20546875	10
0.205859375	10
0.205859375	10
0.20625	10
0.20625	10
0.206640625	10
0.206640625	10
0.20703125	10
0.20703125	10
0.207421875	10
0.207421875	10
0.2078125	10
0.2078125	10
0.208203125	10
0.208203125	10
0.20859375	10
0.20859375	10
0.208984375	10
0.208984375	10
0.209375	10
0.209375	10
0.209765625	10
0.209765625	10
0.21015625	10
0.21015625	10
0.210546875	10
0.210546875	10
0.2109375	10
0.2109375	10
0.211328125	10
0.211328125	10
0.21171875	10
0.21171875	10
0.212109375	10
0.212109375	10
0.2125	10
0.2125	10
0.212890625	10
0.212890625	10
0.21328125	10
0.21328125	10
0.213671875	10
0.213671875	10
0.2140625	10
0.2140625	10
0.214453125	10
0.214453125	10
0.21484375	10
0.21484375	10
0.215234375	10
0.215234375	10
0.215625	10
0.215625	10
0.216015625	10
0.216015625	10
0.21640625	10
0.21640625	10
0.216796875	10
0.216796875	10
0.2171875	10
0.2171875	10
0.217578125	10
0.217578125	10
0.21796875	10
0.21796875	10
0.218359375	10
0.218359375	10
0.21875	10
0.21875	10
0.219140625	10
0.219140625	10
0.21953125	10
0.21953125	10
0.219921875	10
0.219921875	10
0.2203125	10
0.2203125	10
0.220703125	10
0.220703125	10
0.22109375	10
0.22109375	10
0.221484375	10
0.221484375	10
0.221875	10
0.221875	10
0.222265625	10
0.222265625	10
0.22265625	10
0.22265625	10
0.223046875	10
0.223046875	10
0.2234375	10
0.2234375	10
0.223828125	10
0.223828125	10
0.22421875	10
0.22421875	10
0.224609375	10
0.224609375	10
0.225	10
0.225	10
0.225390625	10
0.225390625	10
0.22578125	10
0.22578125	10
0.226171875	10
0.226171875	10
0.2265625	10
0.2265625	10
0.226953125	10
0.226953125	10
0.22734375	10
0.22734375	10
0.227734375	10
0.227734375	10
0.228125	10
0.228125	10
0.228515625	10
0.228515625	10
0.22890625	10
0.22890625	10
0.229296875	10
0.229296875	10
0.2296875	10
0.2296875	10
0.230078125	10
0.230078125	10
0.23046875	10
0.23046875	10
0.230859375	10
0.230859375	10
0.23125	10
0.23125	10
0.231640625	10
0.231640625	10
0.23203125	10
0.23203125	10
0.232421875	10
0.232421875	10
0.2328125	10
0.2328125	10
0.233203125	10
0.233203125	10
0.23359375	10
0.23359375	10
0.233984375	10
0.233984375	10
0.234375	10
0.234375	10
0.234765625	10
0.234765625	10
0.23515625	10
0.23515625	10
0.235546875	10
0.235546875	10
0.2359375	10
0.2359375	10
0.236328125	10
0.236328125	10
0.23671875	10
0.23671875	10
0.237109375	10
0.237109375	10
0.2375	10
0.2375	10
0.237890625	10
0.237890625	10
0.23828125	10
0.23828125	10
0.238671875	10
0.238671875	10
0.2390625	10
0.2390625	10
0.239453125	10
0.239453125	10
0.23984375	10
0.23984375	10
0.240234375	10
0.240234375	10
0.240625	10
0.240625	10
0.241015625	10
0.241015625	10
0.24140625	10
0.24140625	10
0.241796875	10
0.241796875	10
0.2421875	10
0.2421875	10
0.242578125	10
0.242578125	10
0.24296875	10
0.24296875	10
0.243359375	10
0.243359375	10
0.24375	10
0.24375	10
0.244140625	10
0.244140625	10
0.24453125	10
0.24453125	10
0.244921875	10
0.244921875	10
0.2453125	10
0.2453125	10
0.245703125	10
0.245703125	10
0.24609375	10
0.24609375	10
0.246484375	10
0.246484375	10
0.246875	10
0.246875	10
0.247265625	10
0.247265625	10
0.24765625	10
0.24765625	10
0.248046875	10
0.248046875	10
0.2484375	10
0.2484375	10
0.248828125	10
0.248828125	10
0.24921875	10
0.24921875	10
0.249609375	10
0.249609375	10
0.25	10
0.25	10
0.250390625	10
0.250390625	10
0.25078125	10
0.25078125	10
0.251171875	10
0.251171875	10
0.2515625	10
0.2515625	10
0.251953125	10
0.251953125	10
0.25234375	10
0.25234375	10
0.252734375	10
0.252734375	10
0.253125	10
0.253125	10
0.253515625	10
0.253515625	10
0.25390625	10
0.25390625	10
0.254296875	10
0.254296875	10
0.2546875	10
0.2546875	10
0.255078125	10
0.255078125	10
0.25546875	10
0.25546875	10
0.255859375	10
0.255859375	10
0.25625	10
0.25625	10
0.256640625	10
0.256640625	10
0.25703125	10
0.25703125	10
0.257421875	10
0.257421875	10
0.2578125	10
0.2578125	10
0.258203125	10
0.258203125	10
0.25859375	10
0.25859375	10
0.258984375	10
0.258984375	10
0.259375	10
0.259375	10
0.259765625	10
0.259765625	10
0.26015625	10
0.26015625	10
0.260546875	10
0.260546875	10
0.2609375	10
0.2609375	10
0.261328125	10
0.261328125	10
0.26171875	10
0.26171875	10
0.262109375	10
0.262109375	10
0.2625	10
0.2625	10
0.262890625	10
0.262890625	10
0.26328125	10
0.26328125	10
0.263671875	10
0.263671875	10
0.2640625	10
0.2640625	10
0.264453125	10
0.264453125	10
0.26484375	10
0.26484375	10
0.265234375	10
0.265234375	10
0.265625	10
0.265625	10
0.266015625	10
0.266015625	10
0.26640625	10
0.26640625	10
0.266796875	10
0.266796875	10
0.2671875	10
0.2671875	10
0.267578125	10
0.267578125	10
0.26796875	10
0.26796875	10
0.268359375	10
0.268359375	10
0.26875	10
0.26875	10
0.269140625	10
0.269140625	10
0.26953125	10
0.26953125	10
0.269921875	10
0.269921875	10
0.2703125	10
0.2703125	10
0.270703125	10
0.270703125	10
0.27109375	10
0.27109375	10
0.271484375	10
0.271484375	10
0.271875	10
0.271875	10
0.272265625	10
0.272265625	10
0.27265625	10
0.27265625	10
0.273046875	10
0.273046875	10
0.2734375	10
0.2734375	10
0.273828125	10
0.273828125	10
0.27421875	10
0.27421875	10
0.274609375	10
0.274609375	10
0.275	10
0.275	10
0.275390625	10
0.275390625	10
0.27578125	10
0.27578125	10
0.276171875	10
0.276171875	10
0.2765625	10
0.2765625	10
0.276953125	10
0.276953125	10
0.27734375	10
0.27734375	10
0.277734375	10
0.277734375	10
0.278125	10
0.278125	10
0.278515625	10
0.278515625	10
0.27890625	10
0.27890625	10
0.279296875	10
0.279296875	10
0.2796875	10
0.2796875	10
0.280078125	10
0.280078125	10
0.28046875	10
0.28046875	10
0.280859375	10
0.280859375	10
0.28125	10
0.28125	10
0.281640625	10
0.281640625	10
0.28203125	10
0.28203125	10
0.282421875	10
0.282421875	10
0.2828125	10
0.2828125	10
0.283203125	10
0.283203125	10
0.28359375	10
0.28359375	10
0.283984375	10
0.283984375	10
0.284375	10
0.284375	10
0.284765625	10
0.284765625	10
0.28515625	10
0.28515625	10
0.285546875	10
0.285546875	10
0.2859375	10
0.2859375	10
0.286328125	10
0.286328125	10
0.28671875	10
0.28671875	10
0.287109375	10
0.287109375	10
0.2875	10
0.2875	10
0.287890625	10
0.287890625	10
0.28828125	10
0.28828125	10
0.288671875	10
0.288671875	10
0.2890625	10
0.2890625	10
0.289453125	10
0.289453125	10
0.28984375	10
0.28984375	10
0.290234375	10
0.290234375	10
0.290625	10
0.290625	10
0.291015625	10
0.291015625	10
0.29140625	10
0.29140625	10
0.291796875	10
0.291796875	10
0.2921875	10
0.2921875	10
0.292578125	10
0.292578125	10
0.29296875	10
0.29296875	10
0.293359375	10
0.293359375	10
0.29375	10
0.29375	10
0.294140625	10
0.294140625	10
0.29453125	10
0.29453125	10
0.294921875	10
0.294921875	10
0.2953125	10
0.2953125	10
0.295703125	10
0.295703125	10
0.29609375	10
0.29609375	10
0.296484375	10
0.296484375	10
0.296875	10
0.296875	10
0.297265625	10
0.297265625	10
0.29765625	10
0.29765625	10
0.298046875	10
0.298046875	10
0.2984375	10
0.2984375	10
0.298828125	10
0.298828125	10
0.29921875	10
0.29921875	10
0.299609375	10
0.299609375	10
0.3	10
0.3	10
0.300390625	10
0.300390625	10
0.30078125	10
0.30078125	10
0.301171875	10
0.301171875	10
0.3015625	10
0.3015625	10
0.301953125	10
0.301953125	10
0.30234375	10
0.30234375	10
0.302734375	10
0.302734375	10
0.303125	10
0.303125	10
0.303515625	10
0.303515625	10
0.30390625	10
0.30390625	10
0.304296875	10
0.304296875	10
0.3046875	10
0.3046875	10
0.305078125	10
0.305078125	10
0.30546875	10
0.30546875	10
0.305859375	10
0.305859375	10
0.30625	10
0.30625	10
0.306640625	10
0.306640625	10
0.30703125	10
0.30703125	10
0.307421875	10
0.307421875	10
0.3078125	10
0.3078125	10
0.308203125	10
0.308203125	10
0.30859375	10
0.30859375	10
0.308984375	10
0.308984375	10
0.309375	10
0.309375	10
0.309765625	10
0.309765625	10
0.31015625	10
0.31015625	10
0.310546875	10
0.310546875	10
0.3109375	10
0.3109375	10
0.311328125	10
0.311328125	10
0.31171875	10
0.31171875	10
0.312109375	10
0.312109375	10
0.3125	10
0.3125	10
0.312890625	10
0.312890625	10
0.31328125	10
0.31328125	10
0.313671875	10
0.313671875	10
0.3140625	10
0.3140625	10
0.314453125	10
0.314453125	10
0.31484375	10
0.31484375	10
0.315234375	10
0.315234375	10
0.315625	10
0.315625	10
0.316015625	10
0.316015625	10
0.31640625	10
0.31640625	10
0.316796875	10
0.316796875	10
0.3171875	10
0.3171875	10
0.317578125	10
0.317578125	10
0.31796875	10
0.31796875	10
0.318359375	10
0.318359375	10
0.31875	10
0.31875	10
0.319140625	10
0.319140625	10
0.31953125	10
0.31953125	10
0.319921875	10
0.319921875	10
0.3203125	10
0.3203125	10
0.320703125	10
0.320703125	10
0.32109375	10
0.32109375	10
0.321484375	10
0.321484375	10
0.321875	10
0.321875	10
0.322265625	10
0.322265625	10
0.32265625	10
0.32265625	10
0.323046875	10
0.323046875	10
0.3234375	10
0.3234375	10
0.323828125	10
0.323828125	10
0.32421875	10
0.32421875	10
0.324609375	10
0.324609375	10
0.325	10
0.325	10
0.325390625	10
0.325390625	10
0.32578125	10
0.32578125	10
0.326171875	10
0.326171875	10
0.3265625	10
0.3265625	10
0.326953125	10
0.326953125	10
0.32734375	10
0.32734375	10
0.327734375	10
0.327734375	10
0.328125	10
0.328125	10
0.328515625	10
0.328515625	10
0.32890625	10
0.32890625	10
0.329296875	10
0.329296875	10
0.3296875	10
0.3296875	10
0.330078125	10
0.330078125	10
0.33046875	10
0.33046875	10
0.330859375	10
0.330859375	10
0.33125	10
0.33125	10
0.331640625	10
0.331640625	10
0.33203125	10
0.33203125	10
0.332421875	10
0.332421875	10
0.3328125	10
0.3328125	10
0.333203125	10
0.333203125	10
0.33359375	10
0.33359375	10
0.333984375	10
0.333984375	10
0.334375	10
0.334375	10
0.334765625	10
0.334765625	10
0.33515625	10
0.33515625	10
0.335546875	10
0.335546875	10
0.3359375	10
0.3359375	10
0.336328125	10
0.336328125	10
0.33671875	10
0.33671875	10
0.337109375	10
0.337109375	10
0.3375	10
0.3375	10
0.337890625	10
0.337890625	10
0.33828125	10
0.33828125	10
0.338671875	10
0.338671875	10
0.3390625	10
0.3390625	10
0.339453125	10
0.339453125	10
0.33984375	10
0.33984375	10
0.340234375	10
0.340234375	10
0.340625	10
0.340625	10
0.341015625	10
0.341015625	10
0.34140625	10
0.34140625	10
0.341796875	10
0.341796875	10
0.3421875	10
0.3421875	10
0.342578125	10
0.342578125	10
0.34296875	10
0.34296875	10
0.343359375	10
0.343359375	10
0.34375	10
0.34375	10
0.344140625	10
0.344140625	10
0.34453125	10
0.34453125	10
0.344921875	10
0.344921875	10
0.3453125	10
0.3453125	10
0.345703125	10
0.345703125	10
0.34609375	10
0.34609375	10
0.346484375	10
0.346484375	10
0.346875	10
0.346875	10
0.347265625	10
0.347265625	10
0.34765625	10
0.34765625	10
0.348046875	10
0.348046875	10
0.3484375	10
0.3484375	10
0.348828125	10
0.348828125	10
0.34921875	10
0.34921875	10
0.349609375	10
0.349609375	10
0.35	10
0.35	10
0.350390625	10
0.350390625	10
0.35078125	10
0.35078125	10
0.351171875	10
0.351171875	10
0.3515625	10
0.3515625	10
0.351953125	10
0.351953125	10
0.35234375	10
0.35234375	10
0.352734375	10
0.352734375	10
0.353125	10
0.353125	10
0.353515625	10
0.353515625	10
0.35390625	10
0.35390625	10
0.354296875	10
0.354296875	10
0.3546875	10
0.3546875	10
0.355078125	10
0.355078125	10
0.35546875	10
0.35546875	10
0.355859375	10
0.355859375	10
0.35625	10
0.35625	10
0.356640625	10
0.356640625	10
0.35703125	10
0.35703125	10
0.357421875	10
0.357421875	10
0.3578125	10
0.3578125	10
0.358203125	10
0.358203125	10
0.35859375	10
0.35859375	10
0.358984375	10
0.358984375	10
0.359375	10
0.359375	10
0.359765625	10
0.359765625	10
0.36015625	10
0.36015625	10
0.360546875	10
0.360546875	10
0.3609375	10
0.3609375	10
0.361328125	10
0.361328125	10
0.36171875	10
0.36171875	10
0.362109375	10
0.362109375	10
0.3625	10
0.3625	10
0.362890625	10
0.362890625	10
0.36328125	10
0.36328125	10
0.363671875	10
0.363671875	10
0.3640625	10
0.3640625	10
0.364453125	10
0.364453125	10
0.36484375	10
0.36484375	10
0.365234375	10
0.365234375	10
0.365625	10
0.365625	10
0.366015625	10
0.366015625	10
0.36640625	10
0.36640625	10
0.366796875	10
0.366796875	10
0.3671875	10
0.3671875	10
0.367578125	10
0.367578125	10
0.36796875	10
0.36796875	10
0.368359375	10
0.368359375	10
0.36875	10
0.36875	10
0.369140625	10
0.369140625	10
0.36953125	10
0.36953125	10
0.369921875	10
0.369921875	10
0.3703125	10
0.3703125	10
0.370703125	10
0.370703125	10
0.37109375	10
0.37109375	10
0.371484375	10
0.371484375	10
0.371875	10
0.371875	10
0.372265625	10
0.372265625	10
0.37265625	10
0.37265625	10
0.373046875	10
0.373046875	10
0.3734375	10
0.3734375	10
0.373828125	10
0.373828125	10
0.37421875	10
0.37421875	10
0.374609375	10
0.374609375	10
0.375	10
0.375	10
0.375390625	10
0.375390625	10
0.37578125	10
0.37578125	10
0.376171875	10
0.376171875	10
0.3765625	10
0.3765625	10
0.376953125	10
0.376953125	10
0.37734375	10
0.37734375	10
0.377734375	10
0.377734375	10
0.378125	10
0.378125	10
0.378515625	10
0.378515625	10
0.37890625	10
0.37890625	10
0.379296875	10
0.379296875	10
0.3796875	10
0.3796875	10
0.380078125	10
0.380078125	10
0.38046875	10
0.38046875	10
0.380859375	10
0.380859375	10
0.38125	10
0.38125	10
0.381640625	10
0.381640625	10
0.38203125	10
0.38203125	10
0.382421875	10
0.382421875	10
0.3828125	10
0.3828125	10
0.383203125	10
0.383203125	10
0.38359375	10
0.38359375	10
0.383984375	10
0.383984375	10
0.384375	10
0.384375	10
0.384765625	10
0.384765625	10
0.38515625	10
0.38515625	10
0.385546875	10
0.385546875	10
0.3859375	10
0.3859375	10
0.386328125	10
0.386328125	10
0.38671875	10
0.38671875	10
0.387109375	10
0.387109375	10
0.3875	10
0.3875	10
0.387890625	10
0.387890625	10
0.38828125	10
0.38828125	10
0.388671875	10
0.388671875	10
0.3890625	10
0.3890625	10
0.389453125	10
0.389453125	10
0.38984375	10
0.38984375	10
0.390234375	10
0.390234375	10
0.390625	10
0.390625	10
0.391015625	10
0.391015625	10
0.39140625	10
0.39140625	10
0.391796875	10
0.391796875	10
0.3921875	10
0.3921875	10
0.392578125	10
0.392578125	10
0.39296875	10
0.39296875	10
0.393359375	10
0.393359375	10
0.39375	10
0.39375	10
0.394140625	10
0.394140625	10
0.39453125	10
0.39453125	10
0.394921875	10
0.394921875	10
0.3953125	10
0.3953125	10
0.395703125	10
0.395703125	10
0.39609375	10
0.39609375	10
0.396484375	10
0.396484375	10
0.396875	10
0.396875	10
0.397265625	10
0.397265625	10
0.39765625	10
0.39765625	10
0.398046875	10
0.398046875	10
0.3984375	10
0.3984375	10
0.398828125	10
0.398828125	10
0.39921875	10
0.39921875	10
0.399609375	10
0.399609375	10
0.4	10
0.4	10
0.400390625	10
0.400390625	10
0.40078125	10
0.40078125	10
0.401171875	10
0.401171875	10
0.4015625	10
0.4015625	10
0.401953125	10
0.401953125	10
0.40234375	10
0.40234375	10
0.402734375	10
0.402734375	10
0.403125	10
0.403125	10
0.403515625	10
0.403515625	10
0.40390625	10
0.40390625	10
0.404296875	10
0.404296875	10
0.4046875	10
0.4046875	10
0.405078125	10
0.405078125	10
0.40546875	10
0.40546875	10
0.405859375	10
0.405859375	10
0.40625	10
0.40625	10
0.406640625	10
0.406640625	10
0.40703125	10
0.40703125	10
0.407421875	10
0.407421875	10
0.4078125	10
0.4078125	10
0.408203125	10
0.408203125	10
0.40859375	10
0.40859375	10
0.408984375	10
0.408984375	10
0.409375	10
0.409375	10
0.409765625	10
0.409765625	10
0.41015625	10
0.41015625	10
0.410546875	10
0.410546875	10
0.4109375	10
0.4109375	10
0.411328125	10
0.411328125	10
0.41171875	10
0.41171875	10
0.412109375	10
0.412109375	10
0.4125	10
0.4125	10
0.412890625	10
0.412890625	10
0.41328125	10
0.41328125	10
0.413671875	10
0.413671875	10
0.4140625	10
0.4140625	10
0.414453125	10
0.414453125	10
0.41484375	10
0.41484375	10
0.415234375	10
0.415234375	10
0.415625	10
0.415625	10
0.416015625	10
0.416015625	10
0.41640625	10
0.41640625	10
0.416796875	10
0.416796875	10
0.4171875	10
0.4171875	10
0.417578125	10
0.417578125	10
0.41796875	10
0.41796875	10
0.418359375	10
0.418359375	10
0.41875	10
0.41875	10
0.419140625	10
0.419140625	10
0.41953125	10
0.41953125	10
0.419921875	10
0.419921875	10
0.4203125	10
0.4203125	10
0.420703125	10
0.420703125	10
0.42109375	10
0.42109375	10
0.421484375	10
0.421484375	10
0.421875	10
0.421875	10
0.422265625	10
0.422265625	10
0.42265625	10
0.42265625	10
0.423046875	10
0.423046875	10
0.4234375	10
0.4234375	10
0.423828125	10
0.423828125	10
0.42421875	10
0.42421875	10
0.424609375	10
0.424609375	10
0.425	10
0.425	10
0.425390625	10
0.425390625	10
0.42578125	10
0.42578125	10
0.426171875	10
0.426171875	10
0.4265625	10
0.4265625	10
0.426953125	10
0.426953125	10
0.42734375	10
0.42734375	10
0.427734375	10
0.427734375	10
0.428125	10
0.428125	10
0.428515625	10
0.428515625	10
0.42890625	10
0.42890625	10
0.429296875	10
0.429296875	10
0.4296875	10
0.4296875	10
0.430078125	10
0.430078125	10
0.43046875	10
0.43046875	10
0.430859375	10
0.430859375	10
0.43125	10
0.43125	10
0.431640625	10
0.431640625	10
0.43203125	10
0.43203125	10
0.432421875	10
0.432421875	10
0.4328125	10
0.4328125	10
0.433203125	10
0.433203125	10
0.43359375	10
0.43359375	10
0.433984375	10
0.433984375	10
0.434375	10
0.434375	10
0.434765625	10
0.434765625	10
0.43515625	10
0.43515625	10
0.435546875	10
0.435546875	10
0.4359375	10
0.4359375	10
0.436328125	10
0.436328125	10
0.43671875	10
0.43671875	10
0.437109375	10
0.437109375	10
0.4375	10
0.4375	10
0.437890625	10
0.437890625	10
0.43828125	10
0.43828125	10
0.438671875	10
0.438671875	10
0.4390625	10
0.4390625	10
0.439453125	10
0.439453125	10
0.43984375	10
0.43984375	10
0.440234375	10
0.440234375	10
0.440625	10
0.440625	10
0.441015625	10
0.441015625	10
0.44140625	10
0.44140625	10
0.441796875	10
0.441796875	10
0.4421875	10
0.4421875	10
0.442578125	10
0.442578125	10
0.44296875	10
0.44296875	10
0.443359375	10
0.443359375	10
0.44375	10
0.44375	10
0.444140625	10
0.444140625	10
0.44453125	10
0.44453125	10
0.444921875	10
0.444921875	10
0.4453125	10
0.4453125	10
0.445703125	10
0.445703125	10
0.44609375	10
0.44609375	10
0.446484375	10
0.446484375	10
0.446875	10
0.446875	10
0.447265625	10
0.447265625	10
0.44765625	10
0.44765625	10
0.448046875	10
0.448046875	10
0.4484375	10
0.4484375	10
0.448828125	10
0.448828125	10
0.44921875	10
0.44921875	10
0.449609375	10
0.449609375	10
0.45	10
0.45	10
0.450390625	10
0.450390625	10
0.45078125	10
0.45078125	10
0.451171875	10
0.451171875	10
0.4515625	10
0.4515625	10
0.451953125	10
0.451953125	10
0.45234375	10
0.45234375	10
0.452734375	10
0.452734375	10
0.453125	10
0.453125	10
0.453515625	10
0.453515625	10
0.45390625	10
0.45390625	10
0.454296875	10
0.454296875	10
0.4546875	10
0.4546875	10
0.455078125	10
0.455078125	10
0.45546875	10
0.45546875	10
0.455859375	10
0.455859375	10
0.45625	10
0.45625	10
0.456640625	10
0.456640625	10
0.45703125	10
0.45703125	10
0.457421875	10
0.457421875	10
0.4578125	10
0.4578125	10
0.458203125	10
0.458203125	10
0.45859375	10
0.45859375	10
0.458984375	10
0.458984375	10
0.459375	10
0.459375	10
0.459765625	10
0.459765625	10
0.46015625	10
0.46015625	10
0.460546875	10
0.460546875	10
0.4609375	10
0.4609375	10
0.461328125	10
0.461328125	10
0.46171875	10
0.46171875	10
0.462109375	10
0.462109375	10
0.4625	10
0.4625	10
0.462890625	10
0.462890625	10
0.46328125	10
0.46328125	10
0.463671875	10
0.463671875	10
0.4640625	10
0.4640625	10
0.464453125	10
0.464453125	10
0.46484375	10
0.46484375	10
0.465234375	10
0.465234375	10
0.465625	10
0.465625	10
0.466015625	10
0.466015625	10
0.46640625	10
0.46640625	10
0.466796875	10
0.466796875	10
0.4671875	10
0.4671875	10
0.467578125	10
0.467578125	10
0.46796875	10
0.46796875	10
0.468359375	10
0.468359375	10
0.46875	10
0.46875	10
0.469140625	10
0.469140625	10
0.46953125	10
0.46953125	10
0.469921875	10
0.469921875	10
0.4703125	10
0.4703125	10
0.470703125	10
0.470703125	10
0.47109375	10
0.47109375	10
0.471484375	10
0.471484375	10
0.471875	10
0.471875	10
0.472265625	10
0.472265625	10
0.47265625	10
0.47265625	10
0.473046875	10
0.473046875	10
0.4734375	10
0.4734375	10
0.473828125	10
0.473828125	10
0.47421875	10
0.47421875	10
0.474609375	10
0.474609375	10
0.475	10
0.475	10
0.475390625	10
0.475390625	10
0.47578125	10
0.47578125	10
0.476171875	10
0.476171875	10
0.4765625	10
0.4765625	10
0.476953125	10
0.476953125	10
0.47734375	10
0.47734375	10
0.477734375	10
0.477734375	10
0.478125	10
0.478125	10
0.478515625	10
0.478515625	10
0.47890625	10
0.47890625	10
0.479296875	10
0.479296875	10
0.4796875	10
0.4796875	10
0.480078125	10
0.480078125	10
0.48046875	10
0.48046875	10
0.480859375	10
0.480859375	10
0.48125	10
0.48125	10
0.481640625	10
0.481640625	10
0.48203125	10
0.48203125	10
0.482421875	10
0.482421875	10
0.4828125	10
0.4828125	10
0.483203125	10
0.483203125	10
0.48359375	10
0.48359375	10
0.483984375	10
0.483984375	10
0.484375	10
0.484375	10
0.484765625	10
0.484765625	10
0.48515625	10
0.48515625	10
0.485546875	10
0.485546875	10
0.4859375	10
0.4859375	10
0.486328125	10
0.486328125	10
0.48671875	10
0.48671875	10
0.487109375	10
0.487109375	10
0.4875	10
0.4875	10
0.487890625	10
0.487890625	10
0.48828125	10
0.48828125	10
0.488671875	10
0.488671875	10
0.4890625	10
0.4890625	10
0.489453125	10
0.489453125	10
0.48984375	10
0.48984375	10
0.490234375	10
0.490234375	10
0.490625	10
0.490625	10
0.491015625	10
0.491015625	10
0.49140625	10
0.49140625	10
0.491796875	10
0.491796875	10
0.4921875	10
0.4921875	10
0.492578125	10
0.492578125	10
0.49296875	10
0.49296875	10
0.493359375	10
0.493359375	10
0.49375	10
0.49375	10
0.494140625	10
0.494140625	10
0.49453125	10
0.49453125	10
0.494921875	10
0.494921875	10
0.4953125	10
0.4953125	10
0.495703125	10
0.495703125	10
0.49609375	10
0.49609375	10
0.496484375	10
0.496484375	10
0.496875	10
0.496875	10
0.497265625	10
0.497265625	10
0.49765625	10
0.49765625	10
0.498046875	10
0.498046875	10
0.4984375	10
0.4984375	10
0.498828125	10
0.498828125	10
0.49921875	10
0.49921875	10
0.499609375	10
0.499609375	10
0.5	10
0.5	10
0.500390625	10
0.500390625	10
0.50078125	10
0.50078125	10
0.501171875	10
0.501171875	10
0.5015625	10
0.5015625	10
0.501953125	10
0.501953125	10
0.50234375	10
0.50234375	10
0.502734375	10
0.502734375	10
0.503125	10
0.503125	10
0.503515625	10
0.503515625	10
0.50390625	10
0.50390625	10
0.504296875	10
0.504296875	10
0.5046875	10
0.5046875	10
0.505078125	10
0.505078125	10
0.50546875	10
0.50546875	10
0.505859375	10
0.505859375	10
0.50625	10
0.50625	10
0.506640625	10
0.506640625	10
0.50703125	10
0.50703125	10
0.507421875	10
0.507421875	10
0.5078125	10
0.5078125	10
0.508203125	10
0.508203125	10
0.50859375	10
0.50859375	10
0.508984375	10
0.508984375	10
0.509375	10
0.509375	10
0.509765625	10
0.509765625	10
0.51015625	10
0.51015625	10
0.510546875	10
0.510546875	10
0.5109375	10
0.5109375	10
0.511328125	10
0.511328125	10
0.51171875	10
0.51171875	10
0.512109375	10
0.512109375	10
0.5125	10
0.5125	10
0.512890625	10
0.512890625	10
0.51328125	10
0.51328125	10
0.513671875	10
0.513671875	10
0.5140625	10
0.5140625	10
0.514453125	10
0.514453125	10
0.51484375	10
0.51484375	10
0.515234375	10
0.515234375	10
0.515625	10
0.515625	10
0.516015625	10
0.516015625	10
0.51640625	10
0.51640625	10
0.516796875	10
0.516796875	10
0.5171875	10
0.5171875	10
0.517578125	10
0.517578125	10
0.51796875	10
0.51796875	10
0.518359375	10
0.518359375	10
0.51875	10
0.51875	10
0.519140625	10
0.519140625	10
0.51953125	10
0.51953125	10
0.519921875	10
0.519921875	10
0.5203125	10
0.5203125	10
0.520703125	10
0.520703125	10
0.52109375	10
0.52109375	10
0.521484375	10
0.521484375	10
0.521875	10
0.521875	10
0.522265625	10
0.522265625	10
0.52265625	10
0.52265625	10
0.523046875	10
0.523046875	10
0.5234375	10
0.5234375	10
0.523828125	10
0.523828125	10
0.52421875	10
0.52421875	10
0.524609375	10
0.524609375	10
0.525	10
0.525	10
0.525390625	10
0.525390625	10
0.52578125	10
0.52578125	10
0.526171875	10
0.526171875	10
0.5265625	10
0.5265625	10
0.526953125	10
0.526953125	10
0.52734375	10
0.52734375	10
0.527734375	10
0.527734375	10
0.528125	10
0.528125	10
0.528515625	10
0.528515625	10
0.52890625	10
0.52890625	10
0.529296875	10
0.529296875	10
0.5296875	10
0.5296875	10
0.530078125	10
0.530078125	10
0.53046875	10
0.53046875	10
0.530859375	10
0.530859375	10
0.53125	10
0.53125	10
0.531640625	10
0.531640625	10
0.53203125	10
0.53203125	10
0.532421875	10
0.532421875	10
0.5328125	10
0.5328125	10
0.533203125	10
0.533203125	10
0.53359375	10
0.53359375	10
0.533984375	10
0.533984375	10
0.534375	10
0.534375	10
0.534765625	10
0.534765625	10
0.53515625	10
0.53515625	10
0.535546875	10
0.535546875	10
0.5359375	10
0.5359375	10
0.536328125	10
0.536328125	10
0.53671875	10
0.53671875	10
0.537109375	10
0.537109375	10
0.5375	10
0.5375	10
0.537890625	10
0.537890625	10
0.53828125	10
0.53828125	10
0.538671875	10
0.538671875	10
0.5390625	10
0.5390625	10
0.539453125	10
0.539453125	10
0.53984375	10
0.53984375	10
0.540234375	10
0.540234375	10
0.540625	10
0.540625	10
0.541015625	10
0.541015625	10
0.54140625	10
0.54140625	10
0.541796875	10
0.541796875	10
0.5421875	10
0.5421875	10
0.542578125	10
0.542578125	10
0.54296875	10
0.54296875	10
0.543359375	10
0.543359375	10
0.54375	10
0.54375	10
0.544140625	10
0.544140625	10
0.54453125	10
0.54453125	10
0.544921875	10
0.544921875	10
0.5453125	10
0.5453125	10
0.545703125	10
0.545703125	10
0.54609375	10
0.54609375	10
0.546484375	10
0.546484375	10
0.546875	10
0.546875	10
0.547265625	10
0.547265625	10
0.54765625	10
0.54765625	10
0.548046875	10
0.548046875	10
0.5484375	10
0.5484375	10
0.548828125	10
0.548828125	10
0.54921875	10
0.54921875	10
0.549609375	10
0.549609375	10
0.55	10
0.55	10
0.550390625	10
0.550390625	10
0.55078125	10
0.55078125	10
0.551171875	10
0.551171875	10
0.5515625	10
0.5515625	10
0.551953125	10
0.551953125	10
0.55234375	10
0.55234375	10
0.552734375	10
0.552734375	10
0.553125	10
0.553125	10
0.553515625	10
0.553515625	10
0.55390625	10
0.55390625	10
0.554296875	10
0.554296875	10
0.5546875	10
0.5546875	10
0.555078125	10
0.555078125	10
0.55546875	10
0.55546875	10
0.555859375	10
0.555859375	10
0.55625	10
0.55625	10
0.556640625	10
0.556640625	10
0.55703125	10
0.55703125	10
0.557421875	10
0.557421875	10
0.5578125	10
0.5578125	10
0.558203125	10
0.558203125	10
0.55859375	10
0.55859375	10
0.558984375	10
0.558984375	10
0.559375	10
0.559375	10
0.559765625	10
0.559765625	10
0.56015625	10
0.56015625	10
0.560546875	10
0.560546875	10
0.5609375	10
0.5609375	10
0.561328125	10
0.561328125	10
0.56171875	10
0.56171875	10
0.562109375	10
0.562109375	10
0.5625	10
0.5625	10
0.562890625	10
0.562890625	10
0.56328125	10
0.56328125	10
0.563671875	10
0.563671875	10
0.5640625	10
0.5640625	10
0.564453125	10
0.564453125	10
0.56484375	10
0.56484375	10
0.565234375	10
0.565234375	10
0.565625	10
0.565625	10
0.566015625	10
0.566015625	10
0.56640625	10
0.56640625	10
0.566796875	10
0.566796875	10
0.5671875	10
0.5671875	10
0.567578125	10
0.567578125	10
0.56796875	10
0.56796875	10
0.568359375	10
0.568359375	10
0.56875	10
0.56875	10
0.569140625	10
0.569140625	10
0.56953125	10
0.56953125	10
0.569921875	10
0.569921875	10
0.5703125	10
0.5703125	10
0.570703125	10
0.570703125	10
0.57109375	10
0.57109375	10
0.571484375	10
0.571484375	10
0.571875	10
0.571875	10
0.572265625	10
0.572265625	10
0.57265625	10
0.57265625	10
0.573046875	10
0.573046875	10
0.5734375	10
0.5734375	10
0.573828125	10
0.573828125	10
0.57421875	10
0.57421875	10
0.574609375	10
0.574609375	10
0.575	10
0.575	10
0.575390625	10
0.575390625	10
0.57578125	10
0.57578125	10
0.576171875	10
0.576171875	10
0.5765625	10
0.5765625	10
0.576953125	10
0.576953125	10
0.57734375	10
0.57734375	10
0.577734375	10
0.577734375	10
0.578125	10
0.578125	10
0.578515625	10
0.578515625	10
0.57890625	10
0.57890625	10
0.579296875	10
0.579296875	10
0.5796875	10
0.5796875	10
0.580078125	10
0.580078125	10
0.58046875	10
0.58046875	10
0.580859375	10
0.580859375	10
0.58125	10
0.58125	10
0.581640625	10
0.581640625	10
0.58203125	10
0.58203125	10
0.582421875	10
0.582421875	10
0.5828125	10
0.5828125	10
0.583203125	10
0.583203125	10
0.58359375	10
0.58359375	10
0.583984375	10
0.583984375	10
0.584375	10
0.584375	10
0.584765625	10
0.584765625	10
0.58515625	10
0.58515625	10
0.585546875	10
0.585546875	10
0.5859375	10
0.5859375	10
0.586328125	10
0.586328125	10
0.58671875	10
0.58671875	10
0.587109375	10
0.587109375	10
0.5875	10
0.5875	10
0.587890625	10
0.587890625	10
0.58828125	10
0.58828125	10
0.588671875	10
0.588671875	10
0.5890625	10
0.5890625	10
0.589453125	10
0.589453125	10
0.58984375	10
0.58984375	10
0.590234375	10
0.590234375	10
0.590625	10
0.590625	10
0.591015625	10
0.591015625	10
0.59140625	10
0.59140625	10
0.591796875	10
0.591796875	10
0.5921875	10
0.5921875	10
0.592578125	10
0.592578125	10
0.59296875	10
0.59296875	10
0.593359375	10
0.593359375	10
0.59375	10
0.59375	10
0.594140625	10
0.594140625	10
0.59453125	10
0.59453125	10
0.594921875	10
0.594921875	10
0.5953125	10
0.5953125	10
0.595703125	10
0.595703125	10
0.59609375	10
0.59609375	10
0.596484375	10
0.596484375	10
0.596875	10
0.596875	10
0.597265625	10
0.597265625	10
0.59765625	10
0.59765625	10
0.598046875	10
0.598046875	10
0.5984375	10
0.5984375	10
0.598828125	10
0.598828125	10
0.59921875	10
0.59921875	10
0.599609375	10
0.599609375	10
0.6	10
0.6	10
0.600390625	10
0.600390625	10
0.60078125	10
0.60078125	10
0.601171875	10
0.601171875	10
0.6015625	10
0.6015625	10
0.601953125	10
0.601953125	10
0.60234375	10
0.60234375	10
0.602734375	10
0.602734375	10
0.603125	10
0.603125	10
0.603515625	10
0.603515625	10
0.60390625	10
0.60390625	10
0.604296875	10
0.604296875	10
0.6046875	10
0.6046875	10
0.605078125	10
0.605078125	10
0.60546875	10
0.60546875	10
0.605859375	10
0.605859375	10
0.60625	10
0.60625	10
0.606640625	10
0.606640625	10
0.60703125	10
0.60703125	10
0.607421875	10
0.607421875	10
0.6078125	10
0.6078125	10
0.608203125	10
0.608203125	10
0.60859375	10
0.60859375	10
0.608984375	10
0.608984375	10
0.609375	10
0.609375	10
0.609765625	10
0.609765625	10
0.61015625	10
0.61015625	10
0.610546875	10
0.610546875	10
0.6109375	10
0.6109375	10
0.611328125	10
0.611328125	10
0.61171875	10
0.61171875	10
0.612109375	10
0.612109375	10
0.6125	10
0.6125	10
0.612890625	10
0.612890625	10
0.61328125	10
0.61328125	10
0.613671875	10
0.613671875	10
0.6140625	10
0.6140625	10
0.614453125	10
0.614453125	10
0.61484375	10
0.61484375	10
0.615234375	10
0.615234375	10
0.615625	10
0.615625	10
0.616015625	10
0.616015625	10
0.61640625	10
0.61640625	10
0.616796875	10
0.616796875	10
0.6171875	10
0.6171875	10
0.617578125	10
0.617578125	10
0.61796875	10
0.61796875	10
0.618359375	10
0.618359375	10
0.61875	10
0.61875	10
0.619140625	10
0.619140625	10
0.61953125	10
0.61953125	10
0.619921875	10
0.619921875	10
0.6203125	10
0.6203125	10
0.620703125	10
0.620703125	10
0.62109375	10
0.62109375	10
0.621484375	10
0.621484375	10
0.621875	10
0.621875	10
0.622265625	10
0.622265625	10
0.62265625	10
0.62265625	10
0.623046875	10
0.623046875	10
0.6234375	10
0.6234375	10
0.623828125	10
0.623828125	10
0.62421875	10
0.62421875	10
0.624609375	10
0.624609375	10
0.625	10
0.625	10
0.625390625	10
0.625390625	10
0.62578125	10
0.62578125	10
0.626171875	10
0.626171875	10
0.6265625	10
0.6265625	10
0.626953125	10
0.626953125	10
0.62734375	10
0.62734375	10
0.627734375	10
0.627734375	10
0.628125	10
0.628125	10
0.628515625	10
0.628515625	10
0.62890625	10
0.62890625	10
0.629296875	10
0.629296875	10
0.6296875	10
0.6296875	10
0.630078125	10
0.630078125	10
0.63046875	10
0.63046875	10
0.630859375	10
0.630859375	10
0.63125	10
0.63125	10
0.631640625	10
0.631640625	10
0.63203125	10
0.63203125	10
0.632421875	10
0.632421875	10
0.6328125	10
0.6328125	10
0.633203125	10
0.633203125	10
0.63359375	10
0.63359375	10
0.633984375	10
0.633984375	10
0.634375	10
0.634375	10
0.634765625	10
0.634765625	10
0.63515625	10
0.63515625	10
0.635546875	10
0.635546875	10
0.6359375	10
0.6359375	10
0.636328125	10
0.636328125	10
0.63671875	10
0.63671875	10
0.637109375	10
0.637109375	10
0.6375	10
0.6375	10
0.637890625	10
0.637890625	10
0.63828125	10
0.63828125	10
0.638671875	10
0.638671875	10
0.6390625	10
0.6390625	10
0.639453125	10
0.639453125	10
0.63984375	10
0.63984375	10
0.640234375	10
0.640234375	10
0.640625	10
0.640625	10
0.641015625	10
0.641015625	10
0.64140625	10
0.64140625	10
0.641796875	10
0.641796875	10
0.6421875	10
0.6421875	10
0.642578125	10
0.642578125	10
0.64296875	10
0.64296875	10
0.643359375	10
0.643359375	10
0.64375	10
0.64375	10
0.644140625	10
0.644140625	10
0.64453125	10
0.64453125	10
0.644921875	10
0.644921875	10
0.6453125	10
0.6453125	10
0.645703125	10
0.645703125	10
0.64609375	10
0.64609375	10
0.646484375	10
0.646484375	10
0.646875	10
0.646875	10
0.647265625	10
0.647265625	10
0.64765625	10
0.64765625	10
0.648046875	10
0.648046875	10
0.6484375	10
0.6484375	10
0.648828125	10
0.648828125	10
0.64921875	10
0.64921875	10
0.649609375	10
0.649609375	10
0.65	10
0.65	10
0.650390625	10
0.650390625	10
0.65078125	10
0.65078125	10
0.651171875	10
0.651171875	10
0.6515625	10
0.6515625	10
0.651953125	10
0.651953125	10
0.65234375	10
0.65234375	10
0.652734375	10
0.652734375	10
0.653125	10
0.653125	10
0.653515625	10
0.653515625	10
0.65390625	10
0.65390625	10
0.654296875	10
0.654296875	10
0.6546875	10
0.6546875	10
0.655078125	10
0.655078125	10
0.65546875	10
0.65546875	10
0.655859375	10
0.655859375	10
0.65625	10
0.65625	10
0.656640625	10
0.656640625	10
0.65703125	10
0.65703125	10
0.657421875	10
0.657421875	10
0.6578125	10
0.6578125	10
0.658203125	10
0.658203125	10
0.65859375	10
0.65859375	10
0.658984375	10
0.658984375	10
0.659375	10
0.659375	10
0.659765625	10
0.659765625	10
0.66015625	10
0.66015625	10
0.660546875	10
0.660546875	10
0.6609375	10
0.6609375	10
0.661328125	10
0.661328125	10
0.66171875	10
0.66171875	10
0.662109375	10
0.662109375	10
0.6625	10
0.6625	10
0.662890625	10
0.662890625	10
0.66328125	10
0.66328125	10
0.663671875	10
0.663671875	10
0.6640625	10
0.6640625	10
0.664453125	10
0.664453125	10
0.66484375	10
0.66484375	10
0.665234375	10
0.665234375	10
0.665625	10
0.665625	10
0.666015625	10
0.666015625	10
0.66640625	10
0.66640625	10
0.666796875	10
0.666796875	10
0.6671875	10
0.6671875	10
0.667578125	10
0.667578125	10
0.66796875	10
0.66796875	10
0.668359375	10
0.668359375	10
0.66875	10
0.66875	10
0.669140625	10
0.669140625	10
0.66953125	10
0.66953125	10
0.669921875	10
0.669921875	10
0.6703125	10
0.6703125	10
0.670703125	10
0.670703125	10
0.67109375	10
0.67109375	10
0.671484375	10
0.671484375	10
0.671875	10
0.671875	10
0.672265625	10
0.672265625	10
0.67265625	10
0.67265625	10
0.673046875	10
0.673046875	10
0.6734375	10
0.6734375	10
0.673828125	10
0.673828125	10
0.67421875	10
0.67421875	10
0.674609375	10
0.674609375	10
0.675	10
0.675	10
0.675390625	10
0.675390625	10
0.67578125	10
0.67578125	10
0.676171875	10
0.676171875	10
0.6765625	10
0.6765625	10
0.676953125	10
0.676953125	10
0.67734375	10
0.67734375	10
0.677734375	10
0.677734375	10
0.678125	10
0.678125	10
0.678515625	10
0.678515625	10
0.67890625	10
0.67890625	10
0.679296875	10
0.679296875	10
0.6796875	10
0.6796875	10
0.680078125	10
0.680078125	10
0.68046875	10
0.68046875	10
0.680859375	10
0.680859375	10
0.68125	10
0.68125	10
0.681640625	10
0.681640625	10
0.68203125	10
0.68203125	10
0.682421875	10
0.682421875	10
0.6828125	10
0.6828125	10
0.683203125	10
0.683203125	10
0.68359375	10
0.68359375	10
0.683984375	10
0.683984375	10
0.684375	10
0.684375	10
0.684765625	10
0.684765625	10
0.68515625	10
0.68515625	10
0.685546875	10
0.685546875	10
0.6859375	10
0.6859375	10
0.686328125	10
0.686328125	10
0.68671875	10
0.68671875	10
0.687109375	10
0.687109375	10
0.6875	10
0.6875	10
0.687890625	10
0.687890625	10
0.68828125	10
0.68828125	10
0.688671875	10
0.688671875	10
0.6890625	10
0.6890625	10
0.689453125	10
0.689453125	10
0.68984375	10
0.68984375	10
0.690234375	10
0.690234375	10
0.690625	10
0.690625	10
0.691015625	10
0.691015625	10
0.69140625	10
0.69140625	10
0.691796875	10
0.691796875	10
0.6921875	10
0.6921875	10
0.692578125	10
0.692578125	10
0.69296875	10
0.69296875	10
0.693359375	10
0.693359375	10
0.69375	10
0.69375	10
0.694140625	10
0.694140625	10
0.69453125	10
0.69453125	10
0.694921875	10
0.694921875	10
0.6953125	10
0.6953125	10
0.695703125	10
0.695703125	10
0.69609375	10
0.69609375	10
0.696484375	10
0.696484375	10
0.696875	10
0.696875	10
0.697265625	10
0.697265625	10
0.69765625	10
0.69765625	10
0.698046875	10
0.698046875	10
0.6984375	10
0.6984375	10
0.698828125	10
0.698828125	10
0.69921875	10
0.69921875	10
0.699609375	10
0.699609375	10
0.7	10
0.7	10
0.700390625	10
0.700390625	10
0.70078125	10
0.70078125	10
0.701171875	10
0.701171875	10
0.7015625	10
0.7015625	10
0.701953125	10
0.701953125	10
0.70234375	10
0.70234375	10
0.702734375	10
0.702734375	10
0.703125	10
0.703125	10
0.703515625	10
0.703515625	10
0.70390625	10
0.70390625	10
0.704296875	10
0.704296875	10
0.7046875	10
0.7046875	10
0.705078125	10
0.705078125	10
0.70546875	10
0.70546875	10
0.705859375	10
0.705859375	10
0.70625	10
0.70625	10
0.706640625	10
0.706640625	10
0.70703125	10
0.70703125	10
0.707421875	10
0.707421875	10
0.7078125	10
0.7078125	10
0.708203125	10
0.708203125	10
0.70859375	10
0.70859375	10
0.708984375	10
0.708984375	10
0.709375	10
0.709375	10
0.709765625	10
0.709765625	10
0.71015625	10
0.71015625	10
0.710546875	10
0.710546875	10
0.7109375	10
0.7109375	10
0.711328125	10
0.711328125	10
0.71171875	10
0.71171875	10
0.712109375	10
0.712109375	10
0.7125	10
0.7125	10
0.712890625	10
0.712890625	10
0.71328125	10
0.71328125	10
0.713671875	10
0.713671875	10
0.7140625	10
0.7140625	10
0.714453125	10
0.714453125	10
0.71484375	10
0.71484375	10
0.715234375	10
0.715234375	10
0.715625	10
0.715625	10
0.716015625	10
0.716015625	10
0.71640625	10
0.71640625	10
0.716796875	10
0.716796875	10
0.7171875	10
0.7171875	10
0.717578125	10
0.717578125	10
0.71796875	10
0.71796875	10
0.718359375	10
0.718359375	10
0.71875	10
0.71875	10
0.719140625	10
0.719140625	10
0.71953125	10
0.71953125	10
0.719921875	10
0.719921875	10
0.7203125	10
0.7203125	10
0.720703125	10
0.720703125	10
0.72109375	10
0.72109375	10
0.721484375	10
0.721484375	10
0.721875	10
0.721875	10
0.722265625	10
0.722265625	10
0.72265625	10
0.72265625	10
0.723046875	10
0.723046875	10
0.7234375	10
0.7234375	10
0.723828125	10
0.723828125	10
0.72421875	10
0.72421875	10
0.724609375	10
0.724609375	10
0.725	10
0.725	10
0.725390625	10
0.725390625	10
0.72578125	10
0.72578125	10
0.726171875	10
0.726171875	10
0.7265625	10
0.7265625	10
0.726953125	10
0.726953125	10
0.72734375	10
0.72734375	10
0.727734375	10
0.727734375	10
0.728125	10
0.728125	10
0.728515625	10
0.728515625	10
0.72890625	10
0.72890625	10
0.729296875	10
0.729296875	10
0.7296875	10
0.7296875	10
0.730078125	10
0.730078125	10
0.73046875	10
0.73046875	10
0.730859375	10
0.730859375	10
0.73125	10
0.73125	10
0.731640625	10
0.731640625	10
0.73203125	10
0.73203125	10
0.732421875	10
0.732421875	10
0.7328125	10
0.7328125	10
0.733203125	10
0.733203125	10
0.73359375	10
0.73359375	10
0.733984375	10
0.733984375	10
0.734375	10
0.734375	10
0.734765625	10
0.734765625	10
0.73515625	10
0.73515625	10
0.735546875	10
0.735546875	10
0.7359375	10
0.7359375	10
0.736328125	10
0.736328125	10
0.73671875	10
0.73671875	10
0.737109375	10
0.737109375	10
0.7375	10
0.7375	10
0.737890625	10
0.737890625	10
0.73828125	10
0.73828125	10
0.738671875	10
0.738671875	10
0.7390625	10
0.7390625	10
0.739453125	10
0.739453125	10
0.73984375	10
0.73984375	10
0.740234375	10
0.740234375	10
0.740625	10
0.740625	10
0.741015625	10
0.741015625	10
0.74140625	10
0.74140625	10
0.741796875	10
0.741796875	10
0.7421875	10
0.7421875	10
0.742578125	10
0.742578125	10
0.74296875	10
0.74296875	10
0.743359375	10
0.743359375	10
0.74375	10
0.74375	10
0.744140625	10
0.744140625	10
0.74453125	10
0.74453125	10
0.744921875	10
0.744921875	10
0.7453125	10
0.7453125	10
0.745703125	10
0.745703125	10
0.74609375	10
0.74609375	10
0.746484375	10
0.746484375	10
0.746875	10
0.746875	10
0.747265625	10
0.747265625	10
0.74765625	10
0.74765625	10
0.748046875	10
0.748046875	10
0.7484375	10
0.7484375	10
0.748828125	10
0.748828125	10
0.74921875	10
0.74921875	10
0.749609375	10
0.749609375	10
0.75	10
0.75	10
0.750390625	10
0.750390625	10
0.75078125	10
0.75078125	10
0.751171875	10
0.751171875	10
0.7515625	10
0.7515625	10
0.751953125	10
0.751953125	10
0.75234375	10
0.75234375	10
0.752734375	10
0.752734375	10
0.753125	10
0.753125	10
0.753515625	10
0.753515625	10
0.75390625	10
0.75390625	10
0.754296875	10
0.754296875	10
0.7546875	10
0.7546875	10
0.755078125	10
0.755078125	10
0.75546875	10
0.75546875	10
0.755859375	10
0.755859375	10
0.75625	10
0.75625	10
0.756640625	10
0.756640625	10
0.75703125	10
0.75703125	10
0.757421875	10
0.757421875	10
0.7578125	10
0.7578125	10
0.758203125	10
0.758203125	10
0.75859375	10
0.75859375	10
0.758984375	10
0.758984375	10
0.759375	10
0.759375	10
0.759765625	10
0.759765625	10
0.76015625	10
0.76015625	10
0.760546875	10
0.760546875	10
0.7609375	10
0.7609375	10
0.761328125	10
0.761328125	10
0.76171875	10
0.76171875	10
0.762109375	10
0.762109375	10
0.7625	10
0.7625	10
0.762890625	10
0.762890625	10
0.76328125	10
0.76328125	10
0.763671875	10
0.763671875	10
0.7640625	10
0.7640625	10
0.764453125	10
0.764453125	10
0.76484375	10
0.76484375	10
0.765234375	10
0.765234375	10
0.765625	10
0.765625	10
0.766015625	10
0.766015625	10
0.76640625	10
0.76640625	10
0.766796875	10
0.766796875	10
0.7671875	10
0.7671875	10
0.767578125	10
0.767578125	10
0.76796875	10
0.76796875	10
0.768359375	10
0.768359375	10
0.76875	10
0.76875	10
0.769140625	10
0.769140625	10
0.76953125	10
0.76953125	10
0.769921875	10
0.769921875	10
0.7703125	10
0.7703125	10
0.770703125	10
0.770703125	10
0.77109375	10
0.77109375	10
0.771484375	10
0.771484375	10
0.771875	10
0.771875	10
0.772265625	10
0.772265625	10
0.77265625	10
0.77265625	10
0.773046875	10
0.773046875	10
0.7734375	10
0.7734375	10
0.773828125	10
0.773828125	10
0.77421875	10
0.77421875	10
0.774609375	10
0.774609375	10
0.775	10
0.775	10
0.775390625	10
0.775390625	10
0.77578125	10
0.77578125	10
0.776171875	10
0.776171875	10
0.7765625	10
0.7765625	10
0.776953125	10
0.776953125	10
0.77734375	10
0.77734375	10
0.777734375	10
0.777734375	10
0.778125	10
0.778125	10
0.778515625	10
0.778515625	10
0.77890625	10
0.77890625	10
0.779296875	10
0.779296875	10
0.7796875	10
0.7796875	10
0.780078125	10
0.780078125	10
0.78046875	10
0.78046875	10
0.780859375	10
0.780859375	10
0.78125	10
0.78125	10
0.781640625	10
0.781640625	10
0.78203125	10
0.78203125	10
0.782421875	10
0.782421875	10
0.7828125	10
0.7828125	10
0.783203125	10
0.783203125	10
0.78359375	10
0.78359375	10
0.783984375	10
0.783984375	10
0.784375	10
0.784375	10
0.784765625	10
0.784765625	10
0.78515625	10
0.78515625	10
0.785546875	10
0.785546875	10
0.7859375	10
0.7859375	10
0.786328125	10
0.786328125	10
0.78671875	10
0.78671875	10
0.787109375	10
0.787109375	10
0.7875	10
0.7875	10
0.787890625	10
0.787890625	10
0.78828125	10
0.78828125	10
0.788671875	10
0.788671875	10
0.7890625	10
0.7890625	10
0.789453125	10
0.789453125	10
0.78984375	10
0.78984375	10
0.790234375	10
0.790234375	10
0.790625	10
0.790625	10
0.791015625	10
0.791015625	10
0.79140625	10
0.79140625	10
0.791796875	10
0.791796875	10
0.7921875	10
0.7921875	10
0.792578125	10
0.792578125	10
0.79296875	10
0.79296875	10
0.793359375	10
0.793359375	10
0.79375	10
0.79375	10
0.794140625	10
0.794140625	10
0.79453125	10
0.79453125	10
0.794921875	10
0.794921875	10
0.7953125	10
0.7953125	10
0.795703125	10
0.795703125	10
0.79609375	10
0.79609375	10
0.796484375	10
0.796484375	10
0.796875	10
0.796875	10
0.797265625	10
0.797265625	10
0.79765625	10
0.79765625	10
0.798046875	10
0.798046875	10
0.7984375	10
0.7984375	10
0.798828125	10
0.798828125	10
0.79921875	10
0.79921875	10
0.799609375	10
0.799609375	10
0.8	10
0.8	10
0.800390625	10
0.800390625	10
0.80078125	10
0.80078125	10
0.801171875	10
0.801171875	10
0.8015625	10
0.8015625	10
0.801953125	10
0.801953125	10
0.80234375	10
0.80234375	10
0.802734375	10
0.802734375	10
0.803125	10
0.803125	10
0.803515625	10
0.803515625	10
0.80390625	10
0.80390625	10
0.804296875	10
0.804296875	10
0.8046875	10
0.8046875	10
0.805078125	10
0.805078125	10
0.80546875	10
0.80546875	10
0.805859375	10
0.805859375	10
0.80625	10
0.80625	10
0.806640625	10
0.806640625	10
0.80703125	10
0.80703125	10
0.807421875	10
0.807421875	10
0.8078125	10
0.8078125	10
0.808203125	10
0.808203125	10
0.80859375	10
0.80859375	10
0.808984375	10
0.808984375	10
0.809375	10
0.809375	10
0.809765625	10
0.809765625	10
0.81015625	10
0.81015625	10
0.810546875	10
0.810546875	10
0.8109375	10
0.8109375	10
0.811328125	10
0.811328125	10
0.81171875	10
0.81171875	10
0.812109375	10
0.812109375	10
0.8125	10
0.8125	10
0.812890625	10
0.812890625	10
0.81328125	10
0.81328125	10
0.813671875	10
0.813671875	10
0.8140625	10
0.8140625	10
0.814453125	10
0.814453125	10
0.81484375	10
0.81484375	10
0.815234375	10
0.815234375	10
0.815625	10
0.815625	10
0.816015625	10
0.816015625	10
0.81640625	10
0.81640625	10
0.816796875	10
0.816796875	10
0.8171875	10
0.8171875	10
0.817578125	10
0.817578125	10
0.81796875	10
0.81796875	10
0.818359375	10
0.818359375	10
0.81875	10
0.81875	10
0.819140625	10
0.819140625	10
0.81953125	10
0.81953125	10
0.819921875	10
0.819921875	10
0.8203125	10
0.8203125	10
0.820703125	10
0.820703125	10
0.82109375	10
0.82109375	10
0.821484375	10
0.821484375	10
0.821875	10
0.821875	10
0.822265625	10
0.822265625	10
0.82265625	10
0.82265625	10
0.823046875	10
0.823046875	10
0.8234375	10
0.8234375	10
0.823828125	10
0.823828125	10
0.82421875	10
0.82421875	10
0.824609375	10
0.824609375	10
0.825	10
0.825	10
0.825390625	10
0.825390625	10
0.82578125	10
0.82578125	10
0.826171875	10
0.826171875	10
0.8265625	10
0.8265625	10
0.826953125	10
0.826953125	10
0.82734375	10
0.82734375	10
0.827734375	10
0.827734375	10
0.828125	10
0.828125	10
0.828515625	10
0.828515625	10
0.82890625	10
0.82890625	10
0.829296875	10
0.829296875	10
0.8296875	10
0.8296875	10
0.830078125	10
0.830078125	10
0.83046875	10
0.83046875	10
0.830859375	10
0.830859375	10
0.83125	10
0.83125	10
0.831640625	10
0.831640625	10
0.83203125	10
0.83203125	10
0.832421875	10
0.832421875	10
0.8328125	10
0.8328125	10
0.833203125	10
0.833203125	10
0.83359375	10
0.83359375	10
0.833984375	10
0.833984375	10
0.834375	10
0.834375	10
0.834765625	10
0.834765625	10
0.83515625	10
0.83515625	10
0.835546875	10
0.835546875	10
0.8359375	10
0.8359375	10
0.836328125	10
0.836328125	10
0.83671875	10
0.83671875	10
0.837109375	10
0.837109375	10
0.8375	10
0.8375	10
0.837890625	10
0.837890625	10
0.83828125	10
0.83828125	10
0.838671875	10
0.838671875	10
0.8390625	10
0.8390625	10
0.839453125	10
0.839453125	10
0.83984375	10
0.83984375	10
0.840234375	10
0.840234375	10
0.840625	10
0.840625	10
0.841015625	10
0.841015625	10
0.84140625	10
0.84140625	10
0.841796875	10
0.841796875	10
0.8421875	10
0.8421875	10
0.842578125	10
0.842578125	10
0.84296875	10
0.84296875	10
0.843359375	10
0.843359375	10
0.84375	10
0.84375	10
0.844140625	10
0.844140625	10
0.84453125	10
0.84453125	10
0.844921875	10
0.844921875	10
0.8453125	10
0.8453125	10
0.845703125	10
0.845703125	10
0.84609375	10
0.84609375	10
0.846484375	10
0.846484375	10
0.846875	10
0.846875	10
0.847265625	10
0.847265625	10
0.84765625	10
0.84765625	10
0.848046875	10
0.848046875	10
0.8484375	10
0.8484375	10
0.848828125	10
0.848828125	10
0.84921875	10
0.84921875	10
0.849609375	10
0.849609375	10
0.85	10
0.85	10
0.850390625	10
0.850390625	10
0.85078125	10
0.85078125	10
0.851171875	10
0.851171875	10
0.8515625	10
0.8515625	10
0.851953125	10
0.851953125	10
0.85234375	10
0.85234375	10
0.852734375	10
0.852734375	10
0.853125	10
0.853125	10
0.853515625	10
0.853515625	10
0.85390625	10
0.85390625	10
0.854296875	10
0.854296875	10
0.8546875	10
0.8546875	10
0.855078125	10
0.855078125	10
0.85546875	10
0.85546875	10
0.855859375	10
0.855859375	10
0.85625	10
0.85625	10
0.856640625	10
0.856640625	10
0.85703125	10
0.85703125	10
0.857421875	10
0.857421875	10
0.8578125	10
0.8578125	10
0.858203125	10
0.858203125	10
0.85859375	10
0.85859375	10
0.858984375	10
0.858984375	10
0.859375	10
0.859375	10
0.859765625	10
0.859765625	10
0.86015625	10
0.86015625	10
0.860546875	10
0.860546875	10
0.8609375	10
0.8609375	10
0.861328125	10
0.861328125	10
0.86171875	10
0.86171875	10
0.862109375	10
0.862109375	10
0.8625	10
0.8625	10
0.862890625	10
0.862890625	10
0.86328125	10
0.86328125	10
0.863671875	10
0.863671875	10
0.8640625	10
0.8640625	10
0.864453125	10
0.864453125	10
0.86484375	10
0.86484375	10
0.865234375	10
0.865234375	10
0.865625	10
0.865625	10
0.866015625	10
0.866015625	10
0.86640625	10
0.86640625	10
0.866796875	10
0.866796875	10
0.8671875	10
0.8671875	10
0.867578125	10
0.867578125	10
0.86796875	10
0.86796875	10
0.868359375	10
0.868359375	10
0.86875	10
0.86875	10
0.869140625	10
0.869140625	10
0.86953125	10
0.86953125	10
0.869921875	10
0.869921875	10
0.8703125	10
0.8703125	10
0.870703125	10
0.870703125	10
0.87109375	10
0.87109375	10
0.871484375	10
0.871484375	10
0.871875	10
0.871875	10
0.872265625	10
0.872265625	10
0.87265625	10
0.87265625	10
0.873046875	10
0.873046875	10
0.8734375	10
0.8734375	10
0.873828125	10
0.873828125	10
0.87421875	10
0.87421875	10
0.874609375	10
0.874609375	10
0.875	10
0.875	10
0.875390625	10
0.875390625	10
0.87578125	10
0.87578125	10
0.876171875	10
0.876171875	10
0.8765625	10
0.8765625	10
0.876953125	10
0.876953125	10
0.87734375	10
0.87734375	10
0.877734375	10
0.877734375	10
0.878125	10
0.878125	10
0.878515625	10
0.878515625	10
0.87890625	10
0.87890625	10
0.879296875	10
0.879296875	10
0.8796875	10
0.8796875	10
0.880078125	10
0.880078125	10
0.88046875	10
0.88046875	10
0.880859375	10
0.880859375	10
0.88125	10
0.88125	10
0.881640625	10
0.881640625	10
0.88203125	10
0.88203125	10
0.882421875	10
0.882421875	10
0.8828125	10
0.8828125	10
0.883203125	10
0.883203125	10
0.88359375	10
0.88359375	10
0.883984375	10
0.883984375	10
0.884375	10
0.884375	10
0.884765625	10
0.884765625	10
0.88515625	10
0.88515625	10
0.885546875	10
0.885546875	10
0.8859375	10
0.8859375	10
0.886328125	10
0.886328125	10
0.88671875	10
0.88671875	10
0.887109375	10
0.887109375	10
0.8875	10
0.8875	10
0.887890625	10
0.887890625	10
0.88828125	10
0.88828125	10
0.888671875	10
0.888671875	10
0.8890625	10
0.8890625	10
0.889453125	10
0.889453125	10
0.88984375	10
0.88984375	10
0.890234375	10
0.890234375	10
0.890625	10
0.890625	10
0.891015625	10
0.891015625	10
0.89140625	10
0.89140625	10
0.891796875	10
0.891796875	10
0.8921875	10
0.8921875	10
0.892578125	10
0.892578125	10
0.89296875	10
0.89296875	10
0.893359375	10
0.893359375	10
0.89375	10
0.89375	10
0.894140625	10
0.894140625	10
0.89453125	10
0.89453125	10
0.894921875	10
0.894921875	10
0.8953125	10
0.8953125	10
0.895703125	10
0.895703125	10
0.89609375	10
0.89609375	10
0.896484375	10
0.896484375	10
0.896875	10
0.896875	10
0.897265625	10
0.897265625	10
0.89765625	10
0.89765625	10
0.898046875	10
0.898046875	10
0.8984375	10
0.8984375	10
0.898828125	10
0.898828125	10
0.89921875	10
0.89921875	10
0.899609375	10
0.899609375	10
0.9	10
0.9	10
0.900390625	10
0.900390625	10
0.90078125	10
0.90078125	10
0.901171875	10
0.901171875	10
0.9015625	10
0.9015625	10
0.901953125	10
0.901953125	10
0.90234375	10
0.90234375	10
0.902734375	10
0.902734375	10
0.903125	10
0.903125	10
0.903515625	10
0.903515625	10
0.90390625	10
0.90390625	10
0.904296875	10
0.904296875	10
0.9046875	10
0.9046875	10
0.905078125	10
0.905078125	10
0.90546875	10
0.90546875	10
0.905859375	10
0.905859375	10
0.90625	10
0.90625	10
0.906640625	10
0.906640625	10
0.90703125	10
0.90703125	10
0.907421875	10
0.907421875	10
0.9078125	10
0.9078125	10
0.908203125	10
0.908203125	10
0.90859375	10
0.90859375	10
0.908984375	10
0.908984375	10
0.909375	10
0.909375	10
0.909765625	10
0.909765625	10
0.91015625	10
0.91015625	10
0.910546875	10
0.910546875	10
0.9109375	10
0.9109375	10
0.911328125	10
0.911328125	10
0.91171875	10
0.91171875	10
0.912109375	10
0.912109375	10
0.9125	10
0.9125	10
0.912890625	10
0.912890625	10
0.91328125	10
0.91328125	10
0.913671875	10
0.913671875	10
0.9140625	10
0.9140625	10
0.914453125	10
0.914453125	10
0.91484375	10
0.91484375	10
0.915234375	10
0.915234375	10
0.915625	10
0.915625	10
0.916015625	10
0.916015625	10
0.91640625	10
0.91640625	10
0.916796875	10
0.916796875	10
0.9171875	10
0.9171875	10
0.917578125	10
0.917578125	10
0.91796875	10
0.91796875	10
0.918359375	10
0.918359375	10
0.91875	10
0.91875	10
0.919140625	10
0.919140625	10
0.91953125	10
0.91953125	10
0.919921875	10
0.919921875	10
0.9203125	10
0.9203125	10
0.920703125	10
0.920703125	10
0.92109375	10
0.92109375	10
0.921484375	10
0.921484375	10
0.921875	10
0.921875	10
0.922265625	10
0.922265625	10
0.92265625	10
0.92265625	10
0.923046875	10
0.923046875	10
0.9234375	10
0.9234375	10
0.923828125	10
0.923828125	10
0.92421875	10
0.92421875	10
0.924609375	10
0.924609375	10
0.925	10
0.925	10
0.925390625	10
0.925390625	10
0.92578125	10
0.92578125	10
0.926171875	10
0.926171875	10
0.9265625	10
0.9265625	10
0.926953125	10
0.926953125	10
0.92734375	10
0.92734375	10
0.927734375	10
0.927734375	10
0.928125	10
0.928125	10
0.928515625	10
0.928515625	10
0.92890625	10
0.92890625	10
0.929296875	10
0.929296875	10
0.9296875	10
0.9296875	10
0.930078125	10
0.930078125	10
0.93046875	10
0.93046875	10
0.930859375	10
0.930859375	10
0.93125	10
0.93125	10
0.931640625	10
0.931640625	10
0.93203125	10
0.93203125	10
0.932421875	10
0.932421875	10
0.9328125	10
0.9328125	10
0.933203125	10
0.933203125	10
0.93359375	10
0.93359375	10
0.933984375	10
0.933984375	10
0.934375	10
0.934375	10
0.934765625	10
0.934765625	10
0.93515625	10
0.93515625	10
0.935546875	10
0.935546875	10
0.9359375	10
0.9359375	10
0.936328125	10
0.936328125	10
0.93671875	10
0.93671875	10
0.937109375	10
0.937109375	10
0.9375	10
0.9375	10
0.937890625	10
0.937890625	10
0.93828125	10
0.93828125	10
0.938671875	10
0.938671875	10
0.9390625	10
0.9390625	10
0.939453125	10
0.939453125	10
0.93984375	10
0.93984375	10
0.940234375	10
0.940234375	10
0.940625	10
0.940625	10
0.941015625	10
0.941015625	10
0.94140625	10
0.94140625	10
0.941796875	10
0.941796875	10
0.9421875	10
0.9421875	10
0.942578125	10
0.942578125	10
0.94296875	10
0.94296875	10
0.943359375	10
0.943359375	10
0.94375	10
0.94375	10
0.944140625	10
0.944140625	10
0.94453125	10
0.94453125	10
0.944921875	10
0.944921875	10
0.9453125	10
0.9453125	10
0.945703125	10
0.945703125	10
0.94609375	10
0.94609375	10
0.946484375	10
0.946484375	10
0.946875	10
0.946875	10
0.947265625	10
0.947265625	10
0.94765625	10
0.94765625	10
0.948046875	10
0.948046875	10
0.9484375	10
0.9484375	10
0.948828125	10
0.948828125	10
0.94921875	10
0.94921875	10
0.949609375	10
0.949609375	10
0.95	10
0.95	10
0.950390625	10
0.950390625	10
0.95078125	10
0.95078125	10
0.951171875	10
0.951171875	10
0.9515625	10
0.9515625	10
0.951953125	10
0.951953125	10
0.95234375	10
0.95234375	10
0.952734375	10
0.952734375	10
0.953125	10
0.953125	10
0.953515625	10
0.953515625	10
0.95390625	10
0.95390625	10
0.954296875	10
0.954296875	10
0.9546875	10
0.9546875	10
0.955078125	10
0.955078125	10
0.95546875	10
0.95546875	10
0.955859375	10
0.955859375	10
0.95625	10
0.95625	10
0.956640625	10
0.956640625	10
0.95703125	10
0.95703125	10
0.957421875	10
0.957421875	10
0.9578125	10
0.9578125	10
0.958203125	10
0.958203125	10
0.95859375	10
0.95859375	10
0.958984375	10
0.958984375	10
0.959375	10
0.959375	10
0.959765625	10
0.959765625	10
0.96015625	10
0.96015625	10
0.960546875	10
0.960546875	10
0.9609375	10
0.9609375	10
0.961328125	10
0.961328125	10
0.96171875	10
0.96171875	10
0.962109375	10
0.962109375	10
0.9625	10
0.9625	10
0.962890625	10
0.962890625	10
0.96328125	10
0.96328125	10
0.963671875	10
0.963671875	10
0.9640625	10
0.9640625	10
0.964453125	10
0.964453125	10
0.96484375	10
0.96484375	10
0.965234375	10
0.965234375	10
0.965625	10
0.965625	10
0.966015625	10
0.966015625	10
0.96640625	10
0.96640625	10
0.966796875	10
0.966796875	10
0.9671875	10
0.9671875	10
0.967578125	10
0.967578125	10
0.96796875	10
0.96796875	10
0.968359375	10
0.968359375	10
0.96875	10
0.96875	10
0.969140625	10
0.969140625	10
0.96953125	10
0.96953125	10
0.969921875	10
0.969921875	10
0.9703125	10
0.9703125	10
0.970703125	10
0.970703125	10
0.97109375	10
0.97109375	10
0.971484375	10
0.971484375	10
0.971875	10
0.971875	10
0.972265625	10
0.972265625	10
0.97265625	10
0.97265625	10
0.973046875	10
0.973046875	10
0.9734375	10
0.9734375	10
0.973828125	10
0.973828125	10
0.97421875	10
0.97421875	10
0.974609375	10
0.974609375	10
0.975	10
0.975	10
0.975390625	10
0.975390625	10
0.97578125	10
0.97578125	10
0.976171875	10
0.976171875	10
0.9765625	10
0.9765625	10
0.976953125	10
0.976953125	10
0.97734375	10
0.97734375	10
0.977734375	10
0.977734375	10
0.978125	10
0.978125	10
0.978515625	10
0.978515625	10
0.97890625	10
0.97890625	10
0.979296875	10
0.979296875	10
0.9796875	10
0.9796875	10
0.980078125	10
0.980078125	10
0.98046875	10
0.98046875	10
0.980859375	10
0.980859375	10
0.98125	10
0.98125	10
0.981640625	10
0.981640625	10
0.98203125	10
0.98203125	10
0.982421875	10
0.982421875	10
0.9828125	10
0.9828125	10
0.983203125	10
0.983203125	10
0.98359375	10
0.98359375	10
0.983984375	10
0.983984375	10
0.984375	10
0.984375	10
0.984765625	10
0.984765625	10
0.98515625	10
0.98515625	10
0.985546875	10
0.985546875	10
0.9859375	10
0.9859375	10
0.986328125	10
0.986328125	10
0.98671875	10
0.98671875	10
0.987109375	10
0.987109375	10
0.9875	10
0.9875	10
0.987890625	10
0.987890625	10
0.98828125	10
0.98828125	10
0.988671875	10
0.988671875	10
0.9890625	10
0.9890625	10
0.989453125	10
0.989453125	10
0.98984375	10
0.98984375	10
0.990234375	10
0.990234375	10
0.990625	10
0.990625	10
0.991015625	10
0.991015625	10
0.99140625	10
0.99140625	10
0.991796875	10
0.991796875	10
0.9921875	10
0.9921875	10
0.992578125	10
0.992578125	10
0.99296875	10
0.99296875	10
0.993359375	10
0.993359375	10
0.99375	10
0.99375	10
0.994140625	10
0.994140625	10
0.99453125	10
0.99453125	10
0.994921875	10
0.994921875	10
0.9953125	10
0.9953125	10
0.995703125	10
0.995703125	10
0.99609375	10
0.99609375	10
0.996484375	10
0.996484375	10
0.996875	10
0.996875	10
0.997265625	10
0.997265625	10
0.99765625	10
0.99765625	10
0.998046875	10
0.998046875	10
0.9984375	10
0.9984375	10
0.998828125	10
0.998828125	10
0.99921875	10
0.99921875	10
0.999609375	10
0.999609375	10
1	10
