1	0
1280
0	10.0000001233244
0.15625	10.0000001238368
0.15625	10.0000001238364
0.3125	10.0000001253768
0.3125	10.0000001253761
0.46875	10.0000001279541
0.46875	10.000000127953
0.625	10.0000001315849
0.625	10.0000001315834
0.78125	10.0000001362919
0.78125	10.00000013629
0.9375	10.0000001421045
0.9375	10.0000001421023
1.09375	10.0000001490589
1.09375	10.0000001490563
1.25	10.000000157198
1.25	10.0000001571951
1.40625	10.0000001665722
1.40625	10.0000001665688
1.5625	10.0000001772386
1.5625	10.0000001772348
1.71875	10.0000001892623
1.71875	10.000000189258
1.875	10.0000002027157
1.875	10.000000202711
2.03125	10.0000002176794
2.03125	10.0000002176743
2.1875	10.0000002342424
2.1875	10.0000002342367
2.34375	10.000000252502
2.34375	10.0000002524959
2.5	10.0000002725648
2.5	10.0000002725581
2.65625	10.0000002945464
2.65625	10.0000002945391
2.8125	10.0000003185723
2.8125	10.0000003185645
2.96875	10.0000003447782
2.96875	10.0000003447698
3.125	10.0000003733104
3.125	10.0000003733014
3.28125	10.0000004043262
3.28125	10.0000004043165
3.4375	10.0000004379945
3.4375	10.0000004379841
3.59375	10.0000004744964
3.59375	10.0000004744853
3.75	10.0000005140257
3.75	10.0000005140138
3.90625	10.0000005567895
3.90625	10.0000005567768
4.0625	10.0000006030086
4.0625	10.0000006029951
4.21875	10.0000006529187
4.21875	10.0000006529043
4.375	10.0000007067702
4.375	10.0000007067549
4.53125	10.0000007648297
4.53125	10.0000007648135
4.6875	10.0000008273805
4.6875	10.0000008273633
4.84375	10.0000008947228
4.84375	10.0000008947046
5	10.0000009671752
5	10.0000009671559
5.15625	10.0000010450751
5.15625	10.0000010450547
5.3125	10.0000011287794
5.3125	10.0000011287578
5.46875	10.0000012186656
5.46875	10.0000012186429
5.625	10.0000013151326
5.625	10.0000013151086
5.78125	10.0000014186012
5.78125	10.0000014185759
5.9375	10.0000015295155
5.9375	10.0000015294888
6.09375	10.0000016483432
6.09375	10.0000016483151
6.25	10.0000017755771
6.25	10.0000017755476
6.40625	10.0000019117355
6.40625	10.0000019117045
6.5625	10.0000020573634
6.5625	10.0000020573308
6.71875	10.0000022130333
6.71875	10.0000022129991
6.875	10.0000023793463
6.875	10.0000023793104
7.03125	10.0000025569325
7.03125	10.000002556895
7.1875	10.0000027464527
7.1875	10.0000027464134
7.34375	10.0000029485986
7.34375	10.0000029485575
7.5	10.000003164094
7.5	10.0000031640511
7.65625	10.000003393696
7.65625	10.0000033936511
7.8125	10.000003638195
7.8125	10.0000036381481
7.96875	10.0000038984164
7.96875	10.0000038983676
8.125	10.0000041752212
8.125	10.0000041751704
8.28125	10.0000044695065
8.28125	10.0000044694536
8.4375	10.0000047822064
8.4375	10.0000047821514
8.59375	10.000005114293
8.59375	10.0000051142358
8.75	10.0000054667766
8.75	10.0000054667172
8.90625	10.0000058407067
8.90625	10.000005840645
9.0625	10.0000062371722
9.0625	10.0000062371084
9.21875	10.0000066573026
9.21875	10.0000066572364
9.375	10.0000071022674
9.375	10.000007102199
9.53125	10.0000075732775
9.53125	10.0000075732068
9.6875	10.0000080715847
9.6875	10.0000080715117
9.84375	10.0000085984825
9.84375	10.0000085984072
10	10.0000091553058
10	10.0000091552282
10.15625	10.0000097434311
10.15625	10.0000097433511
10.3125	10.0000103642763
10.3125	10.0000103641941
10.46875	10.0000110193008
10.46875	10.0000110192163
10.625	10.0000117100049
10.625	10.0000117099181
10.78125	10.0000124379292
10.78125	10.0000124378403
10.9375	10.0000132046547
10.9375	10.0000132045637
11.09375	10.0000140118015
11.09375	10.0000140117083
11.25	10.000014861028
11.25	10.0000148609328
11.40625	10.0000157540303
11.40625	10.0000157539331
11.5625	10.0000166925407
11.5625	10.0000166924415
11.71875	10.0000176783265
11.71875	10.0000176782255
11.875	10.0000187131886
11.875	10.0000187130859
12.03125	10.0000197989598
12.03125	10.0000197988555
12.1875	10.0000209375031
12.1875	10.0000209373973
12.34375	10.0000221307094
12.34375	10.0000221306023
12.5	10.0000233804957
12.5	10.0000233803873
12.65625	10.0000246888024
12.65625	10.0000246886929
12.8125	10.000026057591
12.8125	10.0000260574806
12.96875	10.0000274888411
12.96875	10.0000274887299
13.125	10.0000289845476
13.125	10.0000289844359
13.28125	10.0000305467177
13.28125	10.0000305466055
13.4375	10.0000321773669
13.4375	10.0000321772546
13.59375	10.0000338785163
13.59375	10.000033878404
13.75	10.000035652188
13.75	10.000035652076
13.90625	10.0000375004018
13.90625	10.0000375002902
14.0625	10.0000394251705
14.0625	10.0000394250597
14.21875	10.0000414284959
14.21875	10.0000414283861
14.375	10.000043512364
14.375	10.0000435122554
14.53125	10.0000456787401
14.53125	10.0000456786331
14.6875	10.0000479295643
14.6875	10.0000479294592
14.84375	10.000050266746
14.84375	10.000050266643
15	10.0000526921584
15	10.0000526920579
15.15625	10.0000552076335
15.15625	10.0000552075357
15.3125	10.000057814956
15.3125	10.0000578148613
15.46875	10.0000605158578
15.46875	10.0000605157666
15.625	10.0000633120117
15.625	10.0000633119243
15.78125	10.0000662050258
15.78125	10.0000662049425
15.9375	10.0000691964366
15.9375	10.0000691963578
16.09375	10.0000722877034
16.09375	10.0000722876295
16.25	10.0000754802014
16.25	10.0000754801327
16.40625	10.0000787752153
16.40625	10.0000787751521
16.5625	10.0000821739329
16.5625	10.0000821738756
16.71875	10.0000856774383
16.71875	10.0000856773873
16.875	10.0000892867054
16.875	10.0000892866611
17.03125	10.0000930025912
17.03125	10.000093002554
17.1875	10.0000968258294
17.1875	10.0000968257996
17.34375	10.0001007570231
17.34375	10.0001007570011
17.5	10.0001047966393
17.5	10.0001047966254
17.65625	10.0001089450014
17.65625	10.000108944996
17.8125	10.0001132022835
17.8125	10.000113202287
17.96875	10.000117568504
17.96875	10.0001175685166
18.125	10.0001220435191
18.125	10.0001220435412
18.28125	10.0001266270174
18.28125	10.0001266270493
18.4375	10.0001313185136
18.4375	10.0001313185556
18.59375	10.0001361173435
18.59375	10.0001361173959
18.75	10.0001410226583
18.75	10.0001410227213
18.90625	10.0001460334194
18.90625	10.0001460334933
19.0625	10.0001511483941
19.0625	10.0001511484792
19.21875	10.0001563661509
19.21875	10.0001563662474
19.375	10.0001616850553
19.375	10.0001616851634
19.53125	10.0001671032663
19.53125	10.0001671033861
19.6875	10.0001726187326
19.6875	10.0001726188644
19.84375	10.0001782291902
19.84375	10.000178229334
20	10.0001839321594
20	10.0001839323153
20.15625	10.0001897249428
20.15625	10.000189725111
20.3125	10.000195604624
20.3125	10.0001956048044
20.46875	10.0002015680661
20.46875	10.0002015682587
20.625	10.0002076119111
20.625	10.0002076121161
20.78125	10.0002137325804
20.78125	10.0002137327976
20.9375	10.0002199262743
20.9375	10.0002199265037
21.09375	10.0002261889739
21.09375	10.0002261892153
21.25	10.0002325164423
21.25	10.0002325166957
21.40625	10.0002389042268
21.40625	10.0002389044918
21.5625	10.0002453476616
21.5625	10.0002453479382
21.71875	10.0002518418714
21.71875	10.0002518421593
21.875	10.0002583817754
21.875	10.0002583820743
22.03125	10.0002649620917
22.03125	10.0002649624014
22.1875	10.0002715773426
22.1875	10.0002715776627
22.34375	10.0002782218606
22.34375	10.0002782221906
22.5	10.0002848897946
22.5	10.0002848901342
22.65625	10.0002915751172
22.65625	10.0002915754659
22.8125	10.0002982716323
22.8125	10.0002982719897
22.96875	10.0003049729833
22.96875	10.0003049733489
23.125	10.0003116726623
23.125	10.0003116730355
23.28125	10.0003183640191
23.28125	10.0003183643993
23.4375	10.0003250402713
23.4375	10.0003250406579
23.59375	10.0003316945151
23.59375	10.0003316949076
23.75	10.0003383197363
23.75	10.000338320134
23.90625	10.0003449088218
23.90625	10.0003449092239
24.0625	10.0003514545714
24.0625	10.0003514549773
24.21875	10.0003579497108
24.21875	10.0003579501197
24.375	10.0003643869042
24.375	10.0003643873154
24.53125	10.0003707587677
24.53125	10.0003707591805
24.6875	10.000377057883
24.6875	10.0003770582966
24.84375	10.0003832768115
24.84375	10.000383277225
25	10.0003894081083
25	10.0003894085209
25.15625	10.000395444337
25.15625	10.0003954447479
25.3125	10.0004013780846
25.3125	10.000401378493
25.46875	10.0004072019761
25.46875	10.0004072023811
25.625	10.0004129086898
25.625	10.0004129090906
25.78125	10.0004184909724
25.78125	10.0004184913681
25.9375	10.0004239416542
25.9375	10.000423942044
26.09375	10.0004292536646
26.09375	10.0004292540476
26.25	10.0004344200467
26.25	10.0004344204221
26.40625	10.000439433973
26.40625	10.00043943434
26.5625	10.0004442887601
26.5625	10.0004442891179
26.71875	10.0004489778834
26.71875	10.0004489782311
26.875	10.0004534949917
26.875	10.0004534953286
27.03125	10.0004578339219
27.03125	10.0004578342472
27.1875	10.0004619887122
27.1875	10.0004619890252
27.34375	10.0004659536166
27.34375	10.0004659539165
27.5	10.0004697231174
27.5	10.0004697234035
27.65625	10.0004732919383
27.65625	10.00047329221
27.8125	10.0004766550569
27.8125	10.0004766553136
27.96875	10.000479807716
27.96875	10.000479807957
28.125	10.0004827454352
28.125	10.00048274566
28.28125	10.0004854640214
28.28125	10.0004854642294
28.4375	10.0004879595785
28.4375	10.0004879597692
28.59375	10.0004902285172
28.59375	10.0004902286902
28.75	10.0004922675632
28.75	10.0004922677181
28.90625	10.0004940737653
28.90625	10.0004940739016
29.0625	10.0004956445023
29.0625	10.0004956446198
29.21875	10.0004969774896
29.21875	10.000496977588
29.375	10.0004980707846
29.375	10.0004980708635
29.53125	10.0004989227913
29.53125	10.0004989228507
29.6875	10.0004995322644
29.6875	10.0004995323041
29.84375	10.0004998983123
29.84375	10.0004998983322
30	10.0005000203992
30	10.0005000203992
30.15625	10.0004998983463
30.15625	10.0004998983264
30.3125	10.0004995323325
30.3125	10.0004995322928
30.46875	10.0004989228937
30.46875	10.0004989228343
30.625	10.0004980709219
30.625	10.0004980708429
30.78125	10.0004969776624
30.78125	10.0004969775641
30.9375	10.0004956447114
30.9375	10.0004956445939
31.09375	10.0004940740117
31.09375	10.0004940738754
31.25	10.0004922678481
31.25	10.0004922676933
31.40625	10.000490228842
31.40625	10.000490228669
31.5625	10.000487959945
31.5625	10.0004879597542
31.71875	10.0004854644314
31.71875	10.0004854642234
31.875	10.0004827458911
31.875	10.0004827456663
32.03125	10.0004798082203
32.03125	10.0004798079793
32.1875	10.0004766556126
32.1875	10.0004766553559
32.34375	10.0004732925488
32.34375	10.000473292277
32.5	10.0004697237865
32.5	10.0004697235003
32.65625	10.0004659543488
32.65625	10.0004659540489
32.8125	10.0004619895125
32.8125	10.0004619891995
32.96875	10.0004578347957
32.96875	10.0004578344704
33.125	10.0004534959455
33.125	10.0004534956086
33.28125	10.0004489789242
33.28125	10.0004489785764
33.4375	10.000444289896
33.4375	10.0004442895381
33.59375	10.0004394352129
33.59375	10.0004394348458
33.75	10.0004344214006
33.75	10.0004344210251
33.90625	10.0004292551438
33.90625	10.0004292547607
34.0625	10.0004239432713
34.0625	10.0004239428815
34.21875	10.0004184927414
34.21875	10.0004184923456
34.375	10.0004129106264
34.375	10.0004129102256
34.53125	10.0004072040978
34.53125	10.0004072036927
34.6875	10.0004013804107
34.6875	10.0004013800022
34.84375	10.0003954468892
34.84375	10.0003954464781
35	10.0003894109104
35	10.0003894104977
35.15625	10.0003832798903
35.15625	10.0003832794766
35.3125	10.0003770612679
35.3125	10.0003770608542
35.46875	10.0003707624914
35.46875	10.0003707620784
35.625	10.0003643910029
35.625	10.0003643905914
35.78125	10.0003579542245
35.78125	10.0003579538153
35.9375	10.0003514595444
35.9375	10.0003514591382
36.09375	10.0003449143029
36.09375	10.0003449139004
36.25	10.0003383257794
36.25	10.0003383253814
36.40625	10.0003317011795
36.40625	10.0003317007866
36.5625	10.0003250476225
36.5625	10.0003250472354
36.71875	10.0003183721292
36.71875	10.0003183717485
36.875	10.0003116816106
36.875	10.000311681237
37.03125	10.0003049828571
37.03125	10.000304982491
37.1875	10.0002982825272
37.1875	10.0002982821692
37.34375	10.0002915871386
37.34375	10.0002915867892
37.5	10.0002849030579
37.5	10.0002849027176
37.65625	10.0002782364925
37.65625	10.0002782361618
37.8125	10.0002715934819
37.8125	10.0002715931611
37.96875	10.0002649798905
37.96875	10.00026497958
38.125	10.0002584014002
38.125	10.0002584011003
38.28125	10.0002518635042
38.28125	10.0002518632154
38.4375	10.0002453715017
38.4375	10.000245371224
38.59375	10.0002389304918
38.59375	10.0002389302256
38.75	10.0002325453701
38.75	10.0002325451155
38.90625	10.0002262208238
38.90625	10.000226220581
39.0625	10.0002199613294
39.0625	10.0002199610985
39.21875	10.0002137711493
39.21875	10.0002137709305
39.375	10.0002076543302
39.375	10.0002076541235
39.53125	10.0002016147015
39.53125	10.000201614507
39.6875	10.0001956558745
39.6875	10.0001956556921
39.84375	10.000189781242
39.84375	10.0001897810717
40	10.0001839939787
40	10.0001839938204
40.15625	10.0001782970419
40.15625	10.0001782968956
40.3125	10.0001726931731
40.3125	10.0001726930386
40.46875	10.0001671848993
40.46875	10.0001671847765
40.625	10.0001617745359
40.625	10.0001617744246
40.78125	10.0001564641891
40.78125	10.0001564640892
40.9375	10.0001512557594
40.9375	10.0001512556706
41.09375	10.0001461509451
41.09375	10.0001461508671
41.25	10.0001411512462
41.25	10.0001411511789
41.40625	10.0001362579692
41.40625	10.0001362579123
41.5625	10.0001314722317
41.5625	10.0001314721848
41.71875	10.0001267949675
41.71875	10.0001267949304
41.875	10.0001222269319
41.875	10.0001222269042
42.03125	10.0001177687076
42.03125	10.000117768689
42.1875	10.0001134207107
42.1875	10.0001134207009
42.34375	10.0001091831967
42.34375	10.0001091831953
42.5	10.000105056267
42.5	10.0001050562735
42.65625	10.0001010398753
42.65625	10.0001010398894
42.8125	10.0000971338347
42.8125	10.0000971338561
42.96875	10.0000933378244
42.96875	10.0000933378527
43.125	10.0000896513966
43.125	10.0000896514313
43.28125	10.0000860739837
43.28125	10.0000860740245
43.4375	10.0000826049056
43.4375	10.000082604952
43.59375	10.0000792433766
43.59375	10.0000792434282
43.75	10.0000759885128
43.75	10.0000759885694
43.90625	10.0000728393398
43.90625	10.0000728394007
44.0625	10.000069794799
44.0625	10.000069794864
44.21875	10.0000668537558
44.21875	10.0000668538245
44.375	10.0000640150063
44.375	10.0000640150783
44.53125	10.0000612772845
44.53125	10.0000612773593
44.6875	10.0000586392694
44.6875	10.0000586393467
44.84375	10.000056099592
44.84375	10.0000560996713
45	10.0000536568421
45	10.0000536569231
45.15625	10.0000513095751
45.15625	10.0000513096576
45.3125	10.0000490563189
45.3125	10.0000490564023
45.46875	10.0000468955798
45.46875	10.0000468956639
45.625	10.0000448258495
45.625	10.0000448259339
45.78125	10.0000428456109
45.78125	10.0000428456953
45.9375	10.0000409533442
45.9375	10.0000409534283
46.09375	10.0000391475331
46.09375	10.0000391476165
46.25	10.0000374266697
46.25	10.0000374267522
46.40625	10.0000357892611
46.40625	10.0000357893423
46.5625	10.0000342338336
46.5625	10.0000342339133
46.71875	10.0000327589385
46.71875	10.0000327590164
46.875	10.000031363157
46.875	10.0000313632328
47.03125	10.0000300451044
47.03125	10.0000300451779
47.1875	10.0000288034351
47.1875	10.0000288035062
47.34375	10.0000276368467
47.34375	10.0000276369151
47.5	10.0000265440841
47.5	10.0000265441495
47.65625	10.0000255239432
47.65625	10.0000255240054
47.8125	10.0000245752747
47.8125	10.0000245753336
47.96875	10.0000236969875
47.96875	10.0000236970429
48.125	10.0000228880519
48.125	10.0000228881037
48.28125	10.0000221475024
48.28125	10.0000221475504
48.4375	10.0000214744408
48.4375	10.0000214744849
48.59375	10.0000208680385
48.59375	10.0000208680785
48.75	10.0000203275386
48.75	10.0000203275744
48.90625	10.0000198522586
48.90625	10.0000198522902
49.0625	10.0000194415917
49.0625	10.0000194416189
49.21875	10.0000190950086
49.21875	10.0000190950314
49.375	10.0000188120593
49.375	10.0000188120776
49.53125	10.0000185923737
49.53125	10.0000185923875
49.6875	10.000018435663
49.6875	10.0000184356722
49.84375	10.0000183417204
49.84375	10.000018341725
50	10.0000183104216
50	10.0000183104216
50.15625	10.000018341725
50.15625	10.0000183417204
50.3125	10.0000184356722
50.3125	10.000018435663
50.46875	10.0000185923875
50.46875	10.0000185923737
50.625	10.0000188120776
50.625	10.0000188120593
50.78125	10.0000190950314
50.78125	10.0000190950086
50.9375	10.0000194416189
50.9375	10.0000194415917
51.09375	10.0000198522902
51.09375	10.0000198522586
51.25	10.0000203275744
51.25	10.0000203275386
51.40625	10.0000208680785
51.40625	10.0000208680385
51.5625	10.0000214744849
51.5625	10.0000214744408
51.71875	10.0000221475504
51.71875	10.0000221475024
51.875	10.0000228881037
51.875	10.0000228880519
52.03125	10.0000236970429
52.03125	10.0000236969875
52.1875	10.0000245753336
52.1875	10.0000245752747
52.34375	10.0000255240054
52.34375	10.0000255239432
52.5	10.0000265441495
52.5	10.0000265440841
52.65625	10.0000276369151
52.65625	10.0000276368467
52.8125	10.0000288035062
52.8125	10.0000288034351
52.96875	10.0000300451779
52.96875	10.0000300451044
53.125	10.0000313632328
53.125	10.000031363157
53.28125	10.0000327590164
53.28125	10.0000327589385
53.4375	10.0000342339133
53.4375	10.0000342338336
53.59375	10.0000357893423
53.59375	10.0000357892611
53.75	10.0000374267522
53.75	10.0000374266697
53.90625	10.0000391476165
53.90625	10.0000391475331
54.0625	10.0000409534283
54.0625	10.0000409533442
54.21875	10.0000428456953
54.21875	10.0000428456109
54.375	10.0000448259339
54.375	10.0000448258495
54.53125	10.0000468956639
54.53125	10.0000468955798
54.6875	10.0000490564023
54.6875	10.0000490563189
54.84375	10.0000513096576
54.84375	10.0000513095751
55	10.0000536569231
55	10.0000536568421
55.15625	10.0000560996713
55.15625	10.000056099592
55.3125	10.0000586393467
55.3125	10.0000586392694
55.46875	10.0000612773593
55.46875	10.0000612772845
55.625	10.0000640150783
55.625	10.0000640150063
55.78125	10.0000668538245
55.78125	10.0000668537558
55.9375	10.000069794864
55.9375	10.000069794799
56.09375	10.0000728394007
56.09375	10.0000728393398
56.25	10.0000759885694
56.25	10.0000759885128
56.40625	10.0000792434282
56.40625	10.0000792433766
56.5625	10.000082604952
56.5625	10.0000826049056
56.71875	10.0000860740245
56.71875	10.0000860739837
56.875	10.0000896514313
56.875	10.0000896513966
57.03125	10.0000933378527
57.03125	10.0000933378244
57.1875	10.0000971338561
57.1875	10.0000971338347
57.34375	10.0001010398894
57.34375	10.0001010398753
57.5	10.0001050562735
57.5	10.000105056267
57.65625	10.0001091831953
57.65625	10.0001091831967
57.8125	10.0001134207009
57.8125	10.0001134207107
57.96875	10.000117768689
57.96875	10.0001177687076
58.125	10.0001222269042
58.125	10.0001222269319
58.28125	10.0001267949304
58.28125	10.0001267949675
58.4375	10.0001314721848
58.4375	10.0001314722317
58.59375	10.0001362579123
58.59375	10.0001362579692
58.75	10.0001411511789
58.75	10.0001411512462
58.90625	10.0001461508671
58.90625	10.0001461509451
59.0625	10.0001512556706
59.0625	10.0001512557594
59.21875	10.0001564640892
59.21875	10.0001564641891
59.375	10.0001617744246
59.375	10.0001617745359
59.53125	10.0001671847765
59.53125	10.0001671848993
59.6875	10.0001726930386
59.6875	10.0001726931731
59.84375	10.0001782968956
59.84375	10.0001782970419
60	10.0001839938204
60	10.0001839939787
60.15625	10.0001897810717
60.15625	10.000189781242
60.3125	10.0001956556921
60.3125	10.0001956558745
60.46875	10.000201614507
60.46875	10.0002016147015
60.625	10.0002076541235
60.625	10.0002076543302
60.78125	10.0002137709305
60.78125	10.0002137711493
60.9375	10.0002199610985
60.9375	10.0002199613294
61.09375	10.000226220581
61.09375	10.0002262208238
61.25	10.0002325451155
61.25	10.0002325453701
61.40625	10.0002389302256
61.40625	10.0002389304918
61.5625	10.000245371224
61.5625	10.0002453715017
61.71875	10.0002518632154
61.71875	10.0002518635042
61.875	10.0002584011003
61.875	10.0002584014002
62.03125	10.00026497958
62.03125	10.0002649798905
62.1875	10.0002715931611
62.1875	10.0002715934819
62.34375	10.0002782361618
62.34375	10.0002782364925
62.5	10.0002849027176
62.5	10.0002849030579
62.65625	10.0002915867892
62.65625	10.0002915871386
62.8125	10.0002982821692
62.8125	10.0002982825272
62.96875	10.000304982491
62.96875	10.0003049828571
63.125	10.000311681237
63.125	10.0003116816106
63.28125	10.0003183717485
63.28125	10.0003183721292
63.4375	10.0003250472354
63.4375	10.0003250476225
63.59375	10.0003317007866
63.59375	10.0003317011795
63.75	10.0003383253814
63.75	10.0003383257794
63.90625	10.0003449139004
63.90625	10.0003449143029
64.0625	10.0003514591382
64.0625	10.0003514595444
64.21875	10.0003579538153
64.21875	10.0003579542245
64.375	10.0003643905914
64.375	10.0003643910029
64.53125	10.0003707620784
64.53125	10.0003707624914
64.6875	10.0003770608542
64.6875	10.0003770612679
64.84375	10.0003832794766
64.84375	10.0003832798903
65	10.0003894104977
65	10.0003894109104
65.15625	10.0003954464781
65.15625	10.0003954468892
65.3125	10.0004013800022
65.3125	10.0004013804107
65.46875	10.0004072036927
65.46875	10.0004072040978
65.625	10.0004129102256
65.625	10.0004129106264
65.78125	10.0004184923456
65.78125	10.0004184927414
65.9375	10.0004239428815
65.9375	10.0004239432713
66.09375	10.0004292547607
66.09375	10.0004292551438
66.25	10.0004344210251
66.25	10.0004344214006
66.40625	10.0004394348458
66.40625	10.0004394352129
66.5625	10.0004442895381
66.5625	10.000444289896
66.71875	10.0004489785764
66.71875	10.0004489789242
66.875	10.0004534956086
66.875	10.0004534959455
67.03125	10.0004578344704
67.03125	10.0004578347957
67.1875	10.0004619891995
67.1875	10.0004619895125
67.34375	10.0004659540489
67.34375	10.0004659543488
67.5	10.0004697235003
67.5	10.0004697237865
67.65625	10.000473292277
67.65625	10.0004732925488
67.8125	10.0004766553559
67.8125	10.0004766556126
67.96875	10.0004798079793
67.96875	10.0004798082203
68.125	10.0004827456663
68.125	10.0004827458911
68.28125	10.0004854642234
68.28125	10.0004854644314
68.4375	10.0004879597542
68.4375	10.000487959945
68.59375	10.000490228669
68.59375	10.000490228842
68.75	10.0004922676933
68.75	10.0004922678481
68.90625	10.0004940738754
68.90625	10.0004940740117
69.0625	10.0004956445939
69.0625	10.0004956447114
69.21875	10.0004969775641
69.21875	10.0004969776624
69.375	10.0004980708429
69.375	10.0004980709219
69.53125	10.0004989228343
69.53125	10.0004989228937
69.6875	10.0004995322928
69.6875	10.0004995323325
69.84375	10.0004998983264
69.84375	10.0004998983463
70	10.0005000203992
70	10.0005000203992
70.15625	10.0004998983322
70.15625	10.0004998983123
70.3125	10.0004995323041
70.3125	10.0004995322644
70.46875	10.0004989228507
70.46875	10.0004989227913
70.625	10.0004980708635
70.625	10.0004980707846
70.78125	10.000496977588
70.78125	10.0004969774896
70.9375	10.0004956446198
70.9375	10.0004956445023
71.09375	10.0004940739016
71.09375	10.0004940737653
71.25	10.0004922677181
71.25	10.0004922675632
71.40625	10.0004902286902
71.40625	10.0004902285172
71.5625	10.0004879597692
71.5625	10.0004879595785
71.71875	10.0004854642294
71.71875	10.0004854640214
71.875	10.00048274566
71.875	10.0004827454352
72.03125	10.000479807957
72.03125	10.000479807716
72.1875	10.0004766553136
72.1875	10.0004766550569
72.34375	10.00047329221
72.34375	10.0004732919383
72.5	10.0004697234035
72.5	10.0004697231174
72.65625	10.0004659539165
72.65625	10.0004659536166
72.8125	10.0004619890252
72.8125	10.0004619887122
72.96875	10.0004578342472
72.96875	10.0004578339219
73.125	10.0004534953286
73.125	10.0004534949917
73.28125	10.0004489782311
73.28125	10.0004489778834
73.4375	10.0004442891179
73.4375	10.0004442887601
73.59375	10.00043943434
73.59375	10.000439433973
73.75	10.0004344204221
73.75	10.0004344200467
73.90625	10.0004292540476
73.90625	10.0004292536646
74.0625	10.000423942044
74.0625	10.0004239416542
74.21875	10.0004184913681
74.21875	10.0004184909724
74.375	10.0004129090906
74.375	10.0004129086898
74.53125	10.0004072023811
74.53125	10.0004072019761
74.6875	10.000401378493
74.6875	10.0004013780846
74.84375	10.0003954447479
74.84375	10.000395444337
75	10.0003894085209
75	10.0003894081083
75.15625	10.000383277225
75.15625	10.0003832768115
75.3125	10.0003770582966
75.3125	10.000377057883
75.46875	10.0003707591805
75.46875	10.0003707587677
75.625	10.0003643873154
75.625	10.0003643869042
75.78125	10.0003579501197
75.78125	10.0003579497108
75.9375	10.0003514549773
75.9375	10.0003514545714
76.09375	10.0003449092239
76.09375	10.0003449088218
76.25	10.000338320134
76.25	10.0003383197363
76.40625	10.0003316949076
76.40625	10.0003316945151
76.5625	10.0003250406579
76.5625	10.0003250402713
76.71875	10.0003183643993
76.71875	10.0003183640191
76.875	10.0003116730355
76.875	10.0003116726623
77.03125	10.0003049733489
77.03125	10.0003049729833
77.1875	10.0002982719897
77.1875	10.0002982716323
77.34375	10.0002915754659
77.34375	10.0002915751172
77.5	10.0002848901342
77.5	10.0002848897946
77.65625	10.0002782221906
77.65625	10.0002782218606
77.8125	10.0002715776627
77.8125	10.0002715773426
77.96875	10.0002649624014
77.96875	10.0002649620917
78.125	10.0002583820743
78.125	10.0002583817754
78.28125	10.0002518421593
78.28125	10.0002518418714
78.4375	10.0002453479382
78.4375	10.0002453476616
78.59375	10.0002389044918
78.59375	10.0002389042268
78.75	10.0002325166957
78.75	10.0002325164423
78.90625	10.0002261892153
78.90625	10.0002261889739
79.0625	10.0002199265037
79.0625	10.0002199262743
79.21875	10.0002137327976
79.21875	10.0002137325804
79.375	10.0002076121161
79.375	10.0002076119111
79.53125	10.0002015682587
79.53125	10.0002015680661
79.6875	10.0001956048044
79.6875	10.000195604624
79.84375	10.000189725111
79.84375	10.0001897249428
80	10.0001839323153
80	10.0001839321594
80.15625	10.000178229334
80.15625	10.0001782291902
80.3125	10.0001726188644
80.3125	10.0001726187326
80.46875	10.0001671033861
80.46875	10.0001671032663
80.625	10.0001616851634
80.625	10.0001616850553
80.78125	10.0001563662474
80.78125	10.0001563661509
80.9375	10.0001511484792
80.9375	10.0001511483941
81.09375	10.0001460334933
81.09375	10.0001460334194
81.25	10.0001410227213
81.25	10.0001410226583
81.40625	10.0001361173959
81.40625	10.0001361173435
81.5625	10.0001313185556
81.5625	10.0001313185136
81.71875	10.0001266270493
81.71875	10.0001266270174
81.875	10.0001220435412
81.875	10.0001220435191
82.03125	10.0001175685166
82.03125	10.000117568504
82.1875	10.000113202287
82.1875	10.0001132022835
82.34375	10.000108944996
82.34375	10.0001089450014
82.5	10.0001047966254
82.5	10.0001047966393
82.65625	10.0001007570011
82.65625	10.0001007570231
82.8125	10.0000968257996
82.8125	10.0000968258294
82.96875	10.000093002554
82.96875	10.0000930025912
83.125	10.0000892866611
83.125	10.0000892867054
83.28125	10.0000856773873
83.28125	10.0000856774383
83.4375	10.0000821738756
83.4375	10.0000821739329
83.59375	10.0000787751521
83.59375	10.0000787752153
83.75	10.0000754801327
83.75	10.0000754802014
83.90625	10.0000722876295
83.90625	10.0000722877034
84.0625	10.0000691963578
84.0625	10.0000691964366
84.21875	10.0000662049425
84.21875	10.0000662050258
84.375	10.0000633119243
84.375	10.0000633120117
84.53125	10.0000605157666
84.53125	10.0000605158578
84.6875	10.0000578148613
84.6875	10.000057814956
84.84375	10.0000552075357
84.84375	10.0000552076335
85	10.0000526920579
85	10.0000526921584
85.15625	10.000050266643
85.15625	10.000050266746
85.3125	10.0000479294592
85.3125	10.0000479295643
85.46875	10.0000456786331
85.46875	10.0000456787401
85.625	10.0000435122554
85.625	10.000043512364
85.78125	10.0000414283861
85.78125	10.0000414284959
85.9375	10.0000394250597
85.9375	10.0000394251705
86.09375	10.0000375002902
86.09375	10.0000375004018
86.25	10.000035652076
86.25	10.000035652188
86.40625	10.000033878404
86.40625	10.0000338785163
86.5625	10.0000321772546
86.5625	10.0000321773669
86.71875	10.0000305466055
86.71875	10.0000305467177
86.875	10.0000289844359
86.875	10.0000289845476
87.03125	10.0000274887299
87.03125	10.0000274888411
87.1875	10.0000260574806
87.1875	10.000026057591
87.34375	10.0000246886929
87.34375	10.0000246888024
87.5	10.0000233803873
87.5	10.0000233804957
87.65625	10.0000221306023
87.65625	10.0000221307094
87.8125	10.0000209373973
87.8125	10.0000209375031
87.96875	10.0000197988555
87.96875	10.0000197989598
88.125	10.0000187130859
88.125	10.0000187131886
88.28125	10.0000176782255
88.28125	10.0000176783265
88.4375	10.0000166924415
88.4375	10.0000166925407
88.59375	10.0000157539331
88.59375	10.0000157540303
88.75	10.0000148609328
88.75	10.000014861028
88.90625	10.0000140117083
88.90625	10.0000140118015
89.0625	10.0000132045637
89.0625	10.0000132046547
89.21875	10.0000124378403
89.21875	10.0000124379292
89.375	10.0000117099181
89.375	10.0000117100049
89.53125	10.0000110192163
89.53125	10.0000110193008
89.6875	10.0000103641941
89.6875	10.0000103642763
89.84375	10.0000097433511
89.84375	10.0000097434311
90	10.0000091552282
90	10.0000091553058
90.15625	10.0000085984072
90.15625	10.0000085984825
90.3125	10.0000080715117
90.3125	10.0000080715847
90.46875	10.0000075732068
90.46875	10.0000075732775
90.625	10.000007102199
90.625	10.0000071022674
90.78125	10.0000066572364
90.78125	10.0000066573026
90.9375	10.0000062371084
90.9375	10.0000062371722
91.09375	10.000005840645
91.09375	10.0000058407067
91.25	10.0000054667172
91.25	10.0000054667766
91.40625	10.0000051142358
91.40625	10.000005114293
91.5625	10.0000047821514
91.5625	10.0000047822064
91.71875	10.0000044694536
91.71875	10.0000044695065
91.875	10.0000041751704
91.875	10.0000041752212
92.03125	10.0000038983676
92.03125	10.0000038984164
92.1875	10.0000036381481
92.1875	10.000003638195
92.34375	10.0000033936511
92.34375	10.000003393696
92.5	10.0000031640511
92.5	10.000003164094
92.65625	10.0000029485575
92.65625	10.0000029485986
92.8125	10.0000027464134
92.8125	10.0000027464527
92.96875	10.000002556895
92.96875	10.0000025569325
93.125	10.0000023793104
93.125	10.0000023793463
93.28125	10.0000022129991
93.28125	10.0000022130333
93.4375	10.0000020573308
93.4375	10.0000020573634
93.59375	10.0000019117045
93.59375	10.0000019117355
93.75	10.0000017755476
93.75	10.0000017755771
93.90625	10.0000016483151
93.90625	10.0000016483432
94.0625	10.0000015294888
94.0625	10.0000015295155
94.21875	10.0000014185759
94.21875	10.0000014186012
94.375	10.0000013151086
94.375	10.0000013151326
94.53125	10.0000012186429
94.53125	10.0000012186656
94.6875	10.0000011287578
94.6875	10.0000011287794
94.84375	10.0000010450547
94.84375	10.0000010450751
95	10.0000009671559
95	10.0000009671752
95.15625	10.0000008947046
95.15625	10.0000008947228
95.3125	10.0000008273633
95.3125	10.0000008273805
95.46875	10.0000007648135
95.46875	10.0000007648297
95.625	10.0000007067549
95.625	10.0000007067702
95.78125	10.0000006529043
95.78125	10.0000006529187
95.9375	10.0000006029951
95.9375	10.0000006030086
96.09375	10.0000005567768
96.09375	10.0000005567895
96.25	10.0000005140138
96.25	10.0000005140257
96.40625	10.0000004744853
96.40625	10.0000004744964
96.5625	10.0000004379841
96.5625	10.0000004379945
96.71875	10.0000004043165
96.71875	10.0000004043262
96.875	10.0000003733014
96.875	10.0000003733104
97.03125	10.0000003447698
97.03125	10.0000003447782
97.1875	10.0000003185645
97.1875	10.0000003185723
97.34375	10.0000002945391
97.34375	10.0000002945464
97.5	10.0000002725581
97.5	10.0000002725648
97.65625	10.0000002524959
97.65625	10.000000252502
97.8125	10.0000002342367
97.8125	10.0000002342424
97.96875	10.0000002176743
97.96875	10.0000002176794
98.125	10.000000202711
98.125	10.0000002027157
98.28125	10.000000189258
98.28125	10.0000001892623
98.4375	10.0000001772348
98.4375	10.0000001772386
98.59375	10.0000001665688
98.59375	10.0000001665722
98.75	10.0000001571951
98.75	10.000000157198
98.90625	10.0000001490563
98.90625	10.0000001490589
99.0625	10.0000001421023
99.0625	10.0000001421045
99.21875	10.00000013629
99.21875	10.0000001362919
99.375	10.0000001315834
99.375	10.0000001315849
99.53125	10.000000127953
99.53125	10.0000001279541
99.6875	10.0000001253761
99.6875	10.0000001253768
99.84375	10.0000001238364
99.84375	10.0000001238368
100	10.0000001233244
