2	0
80
0	10
2.5	10.0000000000001
2.5	9.99999999999999
5	10.0000000000013
5	10.0000000000002
7.5	10.0000000000115
7.5	10.0000000000036
10	10.0000000000923
10	10.0000000000421
12.5	10.0000000006533
12.5	10.0000000003748
15	10.0000000040795
15	10.0000000027375
17.5	10.000000022468
17.5	10.0000000168681
20	10.0000001091313
20	10.0000000889888
22.5	10.0000004674524
22.5	10.00000040538
25	10.0000017656293
25	10.0000016032204
27.5	10.0000058803476
27.5	10.0000055247185
30	10.0000172667747
30	10.0000166314398
32.5	10.0000446974935
32.5	10.0000438197649
35	10.0001019935405
35	10.0001011922681
37.5	10.0002051292288
37.5	10.0002050397477
40	10.0003635704811
40	10.000364852879
42.5	10.000567790852
42.5	10.0005705421243
45	10.0007811771932
45	10.000784500259
47.5	10.0009466359763
47.5	10.0009489342366
50	10.001010148944
50	10.001010148944
52.5	10.0009489342366
52.5	10.0009466359763
55	10.000784500259
55	10.0007811771932
57.5	10.0005705421243
57.5	10.000567790852
60	10.000364852879
60	10.0003635704811
62.5	10.0002050397477
62.5	10.0002051292288
65	10.0001011922681
65	10.0001019935405
67.5	10.0000438197649
67.5	10.0000446974935
70	10.0000166314398
70	10.0000172667747
72.5	10.0000055247185
72.5	10.0000058803476
75	10.0000016032204
75	10.0000017656293
77.5	10.00000040538
77.5	10.0000004674524
80	10.0000000889888
80	10.0000001091313
82.5	10.0000000168681
82.5	10.000000022468
85	10.0000000027375
85	10.0000000040795
87.5	10.0000000003748
87.5	10.0000000006533
90	10.0000000000421
90	10.0000000000923
92.5	10.0000000000036
92.5	10.0000000000115
95	10.0000000000002
95	10.0000000000013
97.5	9.99999999999999
97.5	10.0000000000001
100	10
0	0
2.5	0
2.5	0
5	0
5	0
7.5	0
7.5	0
10	0
10	0
12.5	0
12.5	0
15	0
15	0
17.5	0
17.5	0
20	0
20	0
22.5	0
22.5	0
25	0
25	0
27.5	0
27.5	0
30	0
30	0
32.5	0
32.5	0
35	0
35	0
37.5	0
37.5	0
40	0
40	0
42.5	0
42.5	0
45	0
45	0
47.5	0
47.5	0
50	0
50	0
52.5	0
52.5	0
55	0
55	0
57.5	0
57.5	0
60	0
60	0
62.5	0
62.5	0
65	0
65	0
67.5	0
67.5	0
70	0
70	0
72.5	0
72.5	0
75	0
75	0
77.5	0
77.5	0
80	0
80	0
82.5	0
82.5	0
85	0
85	0
87.5	0
87.5	0
90	0
90	0
92.5	0
92.5	0
95	0
95	0
97.5	0
97.5	0
100	0
