2	0
20
0	9.99999999999289
10	10.0000000000271
10	9.99999998864087
20	10.0000000451545
20	9.99999781974929
30	10.0000101213818
30	9.99997133248995
40	10.0003000011564
40	10.000383332347
50	10.0011098570296
50	10.0011098570296
60	10.000383332347
60	10.0003000011564
70	9.99997133248995
70	10.0000101213818
80	9.99999781974929
80	10.0000000451545
90	9.99999998864087
90	10.0000000000271
100	9.99999999999289
0	0
10	0
10	0
20	0
20	0
30	0
30	0
40	0
40	0
50	0
50	0
60	0
60	0
70	0
70	0
80	0
80	0
90	0
90	0
100	0
