2	0
160
0	10
1.25	10
1.25	10
2.5	10.0000000000001
2.5	10.0000000000001
3.75	10.0000000000005
3.75	10.0000000000004
5	10.0000000000015
5	10.0000000000014
6.25	10.0000000000045
6.25	10.0000000000042
7.5	10.0000000000134
7.5	10.0000000000125
8.75	10.0000000000382
8.75	10.0000000000359
10	10.0000000001058
10	10.0000000001
11.25	10.0000000002841
11.25	10.0000000002701
12.5	10.0000000007395
12.5	10.0000000007069
13.75	10.0000000018652
13.75	10.0000000017918
15	10.0000000045594
15	10.0000000044003
16.25	10.0000000108015
16.25	10.0000000104687
17.5	10.0000000248003
17.5	10.0000000241294
18.75	10.0000000551856
18.75	10.0000000538825
20	10.0000001190113
20	10.0000001165743
21.25	10.0000002487386
21.25	10.0000002443545
22.5	10.0000005038369
22.5	10.0000004962577
23.75	10.0000009890714
23.75	10.0000009764948
25	10.0000018817209
25	10.0000018617207
26.25	10.0000034695382
26.25	10.0000034391162
27.5	10.0000061997756
27.5	10.0000061556291
28.75	10.0000107366059
28.75	10.0000106757032
30	10.0000180195392
30	10.0000179400616
31.25	10.000029309257
31.25	10.0000292118749
32.5	10.0000462007677
32.5	10.000046090077
33.75	10.0000705790132
33.75	10.0000704647874
35	10.0001044919146
35	10.0001043896815
36.25	10.0001499233123
36.25	10.0001498537176
37.5	10.0002084652347
37.5	10.000208451785
38.75	10.0002809148247
38.75	10.0002809799413
40	10.0003668518685
40	10.0003670117025
41.25	10.0004642803669
41.25	10.0004645393903
42.5	10.0005694319102
42.5	10.0005697787101
43.75	10.000676820508
43.75	10.0006772262689
45	10.0007796033717
45	10.0007800240984
46.25	10.0008702431082
46.25	10.0008706257615
47.5	10.0009413958579
47.5	10.0009416874578
48.75	10.0009868856309
48.75	10.0009870433842
50	10.0010025872682
50	10.0010025872682
51.25	10.0009870433842
51.25	10.0009868856309
52.5	10.0009416874578
52.5	10.0009413958579
53.75	10.0008706257615
53.75	10.0008702431082
55	10.0007800240984
55	10.0007796033717
56.25	10.0006772262689
56.25	10.000676820508
57.5	10.0005697787101
57.5	10.0005694319102
58.75	10.0004645393903
58.75	10.0004642803669
60	10.0003670117025
60	10.0003668518685
61.25	10.0002809799413
61.25	10.0002809148247
62.5	10.000208451785
62.5	10.0002084652347
63.75	10.0001498537176
63.75	10.0001499233123
65	10.0001043896815
65	10.0001044919146
66.25	10.0000704647874
66.25	10.0000705790132
67.5	10.000046090077
67.5	10.0000462007677
68.75	10.0000292118749
68.75	10.000029309257
70	10.0000179400616
70	10.0000180195392
71.25	10.0000106757032
71.25	10.0000107366059
72.5	10.0000061556291
72.5	10.0000061997756
73.75	10.0000034391162
73.75	10.0000034695382
75	10.0000018617207
75	10.0000018817209
76.25	10.0000009764948
76.25	10.0000009890714
77.5	10.0000004962577
77.5	10.0000005038369
78.75	10.0000002443545
78.75	10.0000002487386
80	10.0000001165743
80	10.0000001190113
81.25	10.0000000538825
81.25	10.0000000551856
82.5	10.0000000241294
82.5	10.0000000248003
83.75	10.0000000104687
83.75	10.0000000108015
85	10.0000000044003
85	10.0000000045594
86.25	10.0000000017918
86.25	10.0000000018652
87.5	10.0000000007069
87.5	10.0000000007395
88.75	10.0000000002701
88.75	10.0000000002841
90	10.0000000001
90	10.0000000001058
91.25	10.0000000000359
91.25	10.0000000000382
92.5	10.0000000000125
92.5	10.0000000000134
93.75	10.0000000000042
93.75	10.0000000000045
95	10.0000000000014
95	10.0000000000015
96.25	10.0000000000004
96.25	10.0000000000005
97.5	10.0000000000001
97.5	10.0000000000001
98.75	10
98.75	10
100	10
0	0
1.25	0
1.25	0
2.5	0
2.5	0
3.75	0
3.75	0
5	0
5	0
6.25	0
6.25	0
7.5	0
7.5	0
8.75	0
8.75	0
10	0
10	0
11.25	0
11.25	0
12.5	0
12.5	0
13.75	0
13.75	0
15	0
15	0
16.25	0
16.25	0
17.5	0
17.5	0
18.75	0
18.75	0
20	0
20	0
21.25	0
21.25	0
22.5	0
22.5	0
23.75	0
23.75	0
25	0
25	0
26.25	0
26.25	0
27.5	0
27.5	0
28.75	0
28.75	0
30	0
30	0
31.25	0
31.25	0
32.5	0
32.5	0
33.75	0
33.75	0
35	0
35	0
36.25	0
36.25	0
37.5	0
37.5	0
38.75	0
38.75	0
40	0
40	0
41.25	0
41.25	0
42.5	0
42.5	0
43.75	0
43.75	0
45	0
45	0
46.25	0
46.25	0
47.5	0
47.5	0
48.75	0
48.75	0
50	0
50	0
51.25	0
51.25	0
52.5	0
52.5	0
53.75	0
53.75	0
55	0
55	0
56.25	0
56.25	0
57.5	0
57.5	0
58.75	0
58.75	0
60	0
60	0
61.25	0
61.25	0
62.5	0
62.5	0
63.75	0
63.75	0
65	0
65	0
66.25	0
66.25	0
67.5	0
67.5	0
68.75	0
68.75	0
70	0
70	0
71.25	0
71.25	0
72.5	0
72.5	0
73.75	0
73.75	0
75	0
75	0
76.25	0
76.25	0
77.5	0
77.5	0
78.75	0
78.75	0
80	0
80	0
81.25	0
81.25	0
82.5	0
82.5	0
83.75	0
83.75	0
85	0
85	0
86.25	0
86.25	0
87.5	0
87.5	0
88.75	0
88.75	0
90	0
90	0
91.25	0
91.25	0
92.5	0
92.5	0
93.75	0
93.75	0
95	0
95	0
96.25	0
96.25	0
97.5	0
97.5	0
98.75	0
98.75	0
100	0
