2	0
320
0	10
0.625	10
0.625	10
1.25	10
1.25	10
1.875	10.0000000000001
1.875	10.0000000000001
2.5	10.0000000000002
2.5	10.0000000000002
3.125	10.0000000000003
3.125	10.0000000000003
3.75	10.0000000000005
3.75	10.0000000000005
4.375	10.0000000000009
4.375	10.0000000000009
5	10.0000000000016
5	10.0000000000016
5.625	10.0000000000027
5.625	10.0000000000027
6.25	10.0000000000048
6.25	10.0000000000047
6.875	10.0000000000082
6.875	10.0000000000081
7.5	10.000000000014
7.5	10.0000000000139
8.125	10.0000000000238
8.125	10.0000000000236
8.75	10.00000000004
8.75	10.0000000000397
9.375	10.0000000000668
9.375	10.0000000000663
10	10.0000000001106
10	10.0000000001099
10.625	10.0000000001817
10.625	10.0000000001806
11.25	10.0000000002963
11.25	10.0000000002945
11.875	10.0000000004792
11.875	10.0000000004766
12.5	10.0000000007692
12.5	10.0000000007652
13.125	10.000000001225
13.125	10.0000000012189
13.75	10.0000000019356
13.75	10.0000000019266
14.375	10.0000000030348
14.375	10.0000000030214
15	10.0000000047209
15	10.0000000047013
15.625	10.0000000072868
15.625	10.0000000072583
16.25	10.0000000111597
16.25	10.0000000111186
16.875	10.0000000169578
16.875	10.0000000168991
17.5	10.0000000255677
17.5	10.0000000254847
18.125	10.0000000382488
18.125	10.0000000381325
18.75	10.0000000567737
18.75	10.0000000566124
19.375	10.0000000836145
19.375	10.0000000833926
20	10.0000001221854
20	10.0000001218833
20.625	10.0000001771583
20.625	10.0000001767508
21.25	10.0000002548633
21.25	10.0000002543192
21.875	10.0000003637954
21.875	10.0000003630759
22.5	10.0000005152417
22.5	10.0000005142999
23.125	10.0000007240502
23.125	10.00000072283
23.75	10.0000010095556
23.75	10.0000010079911
24.375	10.0000013966759
24.375	10.0000013946912
25	10.0000019171887
25	10.0000019146981
25.625	10.0000026111865
25.625	10.0000026080957
26.25	10.0000035286998
26.25	10.0000035249076
26.875	10.0000047314614
26.875	10.000004726863
27.5	10.0000062947663
27.5	10.0000062892578
28.125	10.0000083093613
28.125	10.0000083028453
28.75	10.0000108832688
28.75	10.000010875662
29.375	10.0000141434295
29.375	10.0000141346716
30	10.0000182370145
30	10.0000182270782
30.625	10.0000233322366
30.625	10.0000233211387
31.25	10.0000296184677
31.25	10.0000296062809
31.875	10.0000373054569
31.875	10.0000372923214
32.5	10.0000466214394
32.5	10.0000466075727
33.125	10.0000578099379
33.125	10.0000577956437
33.75	10.0000711250874
33.75	10.0000711107605
34.375	10.0000868253578
34.375	10.000086811485
35	10.000105165619
35	10.0001051527746
35.625	10.000126387577
35.625	10.0001263764125
36.25	10.0001507087167
36.25	10.0001506999426
36.875	10.0001783100024
36.875	10.0001783043644
37.5	10.0002093227168
37.5	10.0002093209639
38.125	10.0002438149406
38.125	10.0002438177879
38.75	10.0002817782929
38.75	10.0002817863803
39.375	10.000323115648
39.375	10.0003231294954
40	10.0003676306036
40	10.0003676505675
40.625	10.0004150195013
40.625	10.0004150457336
41.25	10.0004648667696
41.25	10.0004648991827
41.875	10.0005166442758
41.875	10.0005166825176
42.5	10.0005697152347
42.5	10.0005697586754
43.125	10.0006233430269
43.125	10.0006233907599
43.75	10.0006767050364
43.75	10.000676755896
44.375	10.0007289113487
44.375	10.0007289639427
45	10.0007790278503
45	10.0007790806097
45.625	10.0008261029886
45.625	10.0008261542305
46.25	10.0008691971792
46.25	10.0008692451796
46.875	10.0009074136261
46.875	10.0009074567009
47.5	10.0009399291658
47.5	10.0009399657522
48.125	10.00096602366
48.125	10.0009660523963
48.75	10.0009851064803
48.75	10.0009851262757
49.375	10.0009967387217
49.375	10.000996748815
50	10.0010006499829
50	10.0010006499829
50.625	10.000996748815
50.625	10.0009967387217
51.25	10.0009851262757
51.25	10.0009851064803
51.875	10.0009660523963
51.875	10.00096602366
52.5	10.0009399657522
52.5	10.0009399291658
53.125	10.0009074567009
53.125	10.0009074136261
53.75	10.0008692451796
53.75	10.0008691971792
54.375	10.0008261542305
54.375	10.0008261029886
55	10.0007790806097
55	10.0007790278503
55.625	10.0007289639427
55.625	10.0007289113487
56.25	10.000676755896
56.25	10.0006767050364
56.875	10.0006233907599
56.875	10.0006233430269
57.5	10.0005697586754
57.5	10.0005697152347
58.125	10.0005166825176
58.125	10.0005166442758
58.75	10.0004648991827
58.75	10.0004648667696
59.375	10.0004150457336
59.375	10.0004150195013
60	10.0003676505675
60	10.0003676306036
60.625	10.0003231294954
60.625	10.000323115648
61.25	10.0002817863803
61.25	10.0002817782929
61.875	10.0002438177879
61.875	10.0002438149406
62.5	10.0002093209639
62.5	10.0002093227168
63.125	10.0001783043644
63.125	10.0001783100024
63.75	10.0001506999426
63.75	10.0001507087167
64.375	10.0001263764125
64.375	10.000126387577
65	10.0001051527746
65	10.000105165619
65.625	10.000086811485
65.625	10.0000868253578
66.25	10.0000711107605
66.25	10.0000711250874
66.875	10.0000577956437
66.875	10.0000578099379
67.5	10.0000466075727
67.5	10.0000466214394
68.125	10.0000372923214
68.125	10.0000373054569
68.75	10.0000296062809
68.75	10.0000296184677
69.375	10.0000233211387
69.375	10.0000233322366
70	10.0000182270782
70	10.0000182370145
70.625	10.0000141346716
70.625	10.0000141434295
71.25	10.000010875662
71.25	10.0000108832688
71.875	10.0000083028453
71.875	10.0000083093613
72.5	10.0000062892578
72.5	10.0000062947663
73.125	10.000004726863
73.125	10.0000047314614
73.75	10.0000035249076
73.75	10.0000035286998
74.375	10.0000026080957
74.375	10.0000026111865
75	10.0000019146981
75	10.0000019171887
75.625	10.0000013946912
75.625	10.0000013966759
76.25	10.0000010079911
76.25	10.0000010095556
76.875	10.00000072283
76.875	10.0000007240502
77.5	10.0000005142999
77.5	10.0000005152417
78.125	10.0000003630759
78.125	10.0000003637954
78.75	10.0000002543192
78.75	10.0000002548633
79.375	10.0000001767508
79.375	10.0000001771583
80	10.0000001218833
80	10.0000001221854
80.625	10.0000000833926
80.625	10.0000000836145
81.25	10.0000000566124
81.25	10.0000000567737
81.875	10.0000000381325
81.875	10.0000000382488
82.5	10.0000000254847
82.5	10.0000000255677
83.125	10.0000000168991
83.125	10.0000000169578
83.75	10.0000000111186
83.75	10.0000000111597
84.375	10.0000000072583
84.375	10.0000000072868
85	10.0000000047013
85	10.0000000047209
85.625	10.0000000030214
85.625	10.0000000030348
86.25	10.0000000019266
86.25	10.0000000019356
86.875	10.0000000012189
86.875	10.000000001225
87.5	10.0000000007652
87.5	10.0000000007692
88.125	10.0000000004766
88.125	10.0000000004792
88.75	10.0000000002945
88.75	10.0000000002963
89.375	10.0000000001806
89.375	10.0000000001817
90	10.0000000001099
90	10.0000000001106
90.625	10.0000000000663
90.625	10.0000000000668
91.25	10.0000000000397
91.25	10.00000000004
91.875	10.0000000000236
91.875	10.0000000000238
92.5	10.0000000000139
92.5	10.000000000014
93.125	10.0000000000081
93.125	10.0000000000082
93.75	10.0000000000047
93.75	10.0000000000048
94.375	10.0000000000027
94.375	10.0000000000027
95	10.0000000000016
95	10.0000000000016
95.625	10.0000000000009
95.625	10.0000000000009
96.25	10.0000000000005
96.25	10.0000000000005
96.875	10.0000000000003
96.875	10.0000000000003
97.5	10.0000000000002
97.5	10.0000000000002
98.125	10.0000000000001
98.125	10.0000000000001
98.75	10
98.75	10
99.375	10
99.375	10
100	10
0	0
0.625	0
0.625	0
1.25	0
1.25	0
1.875	0
1.875	0
2.5	0
2.5	0
3.125	0
3.125	0
3.75	0
3.75	0
4.375	0
4.375	0
5	0
5	0
5.625	0
5.625	0
6.25	0
6.25	0
6.875	0
6.875	0
7.5	0
7.5	0
8.125	0
8.125	0
8.75	0
8.75	0
9.375	0
9.375	0
10	0
10	0
10.625	0
10.625	0
11.25	0
11.25	0
11.875	0
11.875	0
12.5	0
12.5	0
13.125	0
13.125	0
13.75	0
13.75	0
14.375	0
14.375	0
15	0
15	0
15.625	0
15.625	0
16.25	0
16.25	0
16.875	0
16.875	0
17.5	0
17.5	0
18.125	0
18.125	0
18.75	0
18.75	0
19.375	0
19.375	0
20	0
20	0
20.625	0
20.625	0
21.25	0
21.25	0
21.875	0
21.875	0
22.5	0
22.5	0
23.125	0
23.125	0
23.75	0
23.75	0
24.375	0
24.375	0
25	0
25	0
25.625	0
25.625	0
26.25	0
26.25	0
26.875	0
26.875	0
27.5	0
27.5	0
28.125	0
28.125	0
28.75	0
28.75	0
29.375	0
29.375	0
30	0
30	0
30.625	0
30.625	0
31.25	0
31.25	0
31.875	0
31.875	0
32.5	0
32.5	0
33.125	0
33.125	0
33.75	0
33.75	0
34.375	0
34.375	0
35	0
35	0
35.625	0
35.625	0
36.25	0
36.25	0
36.875	0
36.875	0
37.5	0
37.5	0
38.125	0
38.125	0
38.75	0
38.75	0
39.375	0
39.375	0
40	0
40	0
40.625	0
40.625	0
41.25	0
41.25	0
41.875	0
41.875	0
42.5	0
42.5	0
43.125	0
43.125	0
43.75	0
43.75	0
44.375	0
44.375	0
45	0
45	0
45.625	0
45.625	0
46.25	0
46.25	0
46.875	0
46.875	0
47.5	0
47.5	0
48.125	0
48.125	0
48.75	0
48.75	0
49.375	0
49.375	0
50	0
50	0
50.625	0
50.625	0
51.25	0
51.25	0
51.875	0
51.875	0
52.5	0
52.5	0
53.125	0
53.125	0
53.75	0
53.75	0
54.375	0
54.375	0
55	0
55	0
55.625	0
55.625	0
56.25	0
56.25	0
56.875	0
56.875	0
57.5	0
57.5	0
58.125	0
58.125	0
58.75	0
58.75	0
59.375	0
59.375	0
60	0
60	0
60.625	0
60.625	0
61.25	0
61.25	0
61.875	0
61.875	0
62.5	0
62.5	0
63.125	0
63.125	0
63.75	0
63.75	0
64.375	0
64.375	0
65	0
65	0
65.625	0
65.625	0
66.25	0
66.25	0
66.875	0
66.875	0
67.5	0
67.5	0
68.125	0
68.125	0
68.75	0
68.75	0
69.375	0
69.375	0
70	0
70	0
70.625	0
70.625	0
71.25	0
71.25	0
71.875	0
71.875	0
72.5	0
72.5	0
73.125	0
73.125	0
73.75	0
73.75	0
74.375	0
74.375	0
75	0
75	0
75.625	0
75.625	0
76.25	0
76.25	0
76.875	0
76.875	0
77.5	0
77.5	0
78.125	0
78.125	0
78.75	0
78.75	0
79.375	0
79.375	0
80	0
80	0
80.625	0
80.625	0
81.25	0
81.25	0
81.875	0
81.875	0
82.5	0
82.5	0
83.125	0
83.125	0
83.75	0
83.75	0
84.375	0
84.375	0
85	0
85	0
85.625	0
85.625	0
86.25	0
86.25	0
86.875	0
86.875	0
87.5	0
87.5	0
88.125	0
88.125	0
88.75	0
88.75	0
89.375	0
89.375	0
90	0
90	0
90.625	0
90.625	0
91.25	0
91.25	0
91.875	0
91.875	0
92.5	0
92.5	0
93.125	0
93.125	0
93.75	0
93.75	0
94.375	0
94.375	0
95	0
95	0
95.625	0
95.625	0
96.25	0
96.25	0
96.875	0
96.875	0
97.5	0
97.5	0
98.125	0
98.125	0
98.75	0
98.75	0
99.375	0
99.375	0
100	0
