2	0
40
0	9.99999999999983
5	10.0000000000008
5	9.99999999998812
10	10.0000000000638
10	9.99999999952733
15	10.0000000029903
15	9.99999998984695
20	10.0000000848069
20	9.99999990227899
25	10.0000014533341
25	10.0000000785525
30	10.000015028407
30	10.0000099695367
35	10.0000935839881
35	10.0000876918832
40	10.0003499091616
40	10.0003602633798
45	10.0007820671483
45	10.0008073359947
50	10.0010375468128
50	10.0010375468128
55	10.0008073359947
55	10.0007820671483
60	10.0003602633798
60	10.0003499091616
65	10.0000876918832
65	10.0000935839881
70	10.0000099695367
70	10.000015028407
75	10.0000000785525
75	10.0000014533341
80	9.99999990227899
80	10.0000000848069
85	9.99999998984695
85	10.0000000029903
90	9.99999999952733
90	10.0000000000638
95	9.99999999998812
95	10.0000000000008
100	9.99999999999983
0	0
5	0
5	0
10	0
10	0
15	0
15	0
20	0
20	0
25	0
25	0
30	0
30	0
35	0
35	0
40	0
40	0
45	0
45	0
50	0
50	0
55	0
55	0
60	0
60	0
65	0
65	0
70	0
70	0
75	0
75	0
80	0
80	0
85	0
85	0
90	0
90	0
95	0
95	0
100	0
