2	0
1280
0	10
0.15625	10
0.15625	10
0.3125	10
0.3125	10
0.46875	10
0.46875	10
0.625	10
0.625	10
0.78125	10
0.78125	10
0.9375	10
0.9375	10
1.09375	10
1.09375	10
1.25	10
1.25	10
1.40625	10.0000000000001
1.40625	10.0000000000001
1.5625	10.0000000000001
1.5625	10.0000000000001
1.71875	10.0000000000001
1.71875	10.0000000000001
1.875	10.0000000000001
1.875	10.0000000000001
2.03125	10.0000000000001
2.03125	10.0000000000001
2.1875	10.0000000000001
2.1875	10.0000000000001
2.34375	10.0000000000001
2.34375	10.0000000000001
2.5	10.0000000000002
2.5	10.0000000000002
2.65625	10.0000000000002
2.65625	10.0000000000002
2.8125	10.0000000000002
2.8125	10.0000000000002
2.96875	10.0000000000002
2.96875	10.0000000000002
3.125	10.0000000000003
3.125	10.0000000000003
3.28125	10.0000000000003
3.28125	10.0000000000003
3.4375	10.0000000000004
3.4375	10.0000000000004
3.59375	10.0000000000004
3.59375	10.0000000000004
3.75	10.0000000000005
3.75	10.0000000000005
3.90625	10.0000000000006
3.90625	10.0000000000006
4.0625	10.0000000000007
4.0625	10.0000000000007
4.21875	10.0000000000008
4.21875	10.0000000000008
4.375	10.0000000000009
4.375	10.0000000000009
4.53125	10.000000000001
4.53125	10.000000000001
4.6875	10.0000000000012
4.6875	10.0000000000012
4.84375	10.0000000000014
4.84375	10.0000000000014
5	10.0000000000016
5	10.0000000000016
5.15625	10.0000000000018
5.15625	10.0000000000018
5.3125	10.0000000000021
5.3125	10.0000000000021
5.46875	10.0000000000024
5.46875	10.0000000000024
5.625	10.0000000000028
5.625	10.0000000000028
5.78125	10.0000000000032
5.78125	10.0000000000032
5.9375	10.0000000000037
5.9375	10.0000000000037
6.09375	10.0000000000042
6.09375	10.0000000000042
6.25	10.0000000000049
6.25	10.0000000000049
6.40625	10.0000000000056
6.40625	10.0000000000056
6.5625	10.0000000000064
6.5625	10.0000000000064
6.71875	10.0000000000073
6.71875	10.0000000000073
6.875	10.0000000000084
6.875	10.0000000000084
7.03125	10.0000000000096
7.03125	10.0000000000096
7.1875	10.0000000000109
7.1875	10.0000000000109
7.34375	10.0000000000125
7.34375	10.0000000000125
7.5	10.0000000000143
7.5	10.0000000000143
7.65625	10.0000000000163
7.65625	10.0000000000163
7.8125	10.0000000000186
7.8125	10.0000000000186
7.96875	10.0000000000212
7.96875	10.0000000000212
8.125	10.0000000000242
8.125	10.0000000000242
8.28125	10.0000000000276
8.28125	10.0000000000276
8.4375	10.0000000000314
8.4375	10.0000000000314
8.59375	10.0000000000358
8.59375	10.0000000000358
8.75	10.0000000000407
8.75	10.0000000000407
8.90625	10.0000000000463
8.90625	10.0000000000463
9.0625	10.0000000000526
9.0625	10.0000000000526
9.21875	10.0000000000598
9.21875	10.0000000000598
9.375	10.0000000000679
9.375	10.0000000000679
9.53125	10.0000000000771
9.53125	10.0000000000771
9.6875	10.0000000000874
9.6875	10.0000000000874
9.84375	10.0000000000992
9.84375	10.0000000000992
10	10.0000000001124
10	10.0000000001124
10.15625	10.0000000001273
10.15625	10.0000000001273
10.3125	10.0000000001442
10.3125	10.0000000001442
10.46875	10.0000000001632
10.46875	10.0000000001632
10.625	10.0000000001846
10.625	10.0000000001846
10.78125	10.0000000002087
10.78125	10.0000000002087
10.9375	10.0000000002359
10.9375	10.0000000002359
11.09375	10.0000000002664
11.09375	10.0000000002664
11.25	10.0000000003008
11.25	10.0000000003008
11.40625	10.0000000003395
11.40625	10.0000000003394
11.5625	10.0000000003829
11.5625	10.0000000003829
11.71875	10.0000000004317
11.71875	10.0000000004316
11.875	10.0000000004864
11.875	10.0000000004863
12.03125	10.0000000005478
12.03125	10.0000000005478
12.1875	10.0000000006167
12.1875	10.0000000006166
12.34375	10.0000000006939
12.34375	10.0000000006938
12.5	10.0000000007803
12.5	10.0000000007803
12.65625	10.0000000008771
12.65625	10.0000000008771
12.8125	10.0000000009855
12.8125	10.0000000009854
12.96875	10.0000000011067
12.96875	10.0000000011066
13.125	10.0000000012421
13.125	10.000000001242
13.28125	10.0000000013935
13.28125	10.0000000013934
13.4375	10.0000000015626
13.4375	10.0000000015625
13.59375	10.0000000017513
13.59375	10.0000000017512
13.75	10.0000000019619
13.75	10.0000000019617
13.90625	10.0000000021967
13.90625	10.0000000021965
14.0625	10.0000000024584
14.0625	10.0000000024582
14.21875	10.0000000027499
14.21875	10.0000000027497
14.375	10.0000000030745
14.375	10.0000000030743
14.53125	10.0000000034358
14.53125	10.0000000034355
14.6875	10.0000000038376
14.6875	10.0000000038373
14.84375	10.0000000042843
14.84375	10.000000004284
15	10.0000000047807
15	10.0000000047804
15.15625	10.000000005332
15.15625	10.0000000053317
15.3125	10.000000005944
15.3125	10.0000000059436
15.46875	10.0000000066229
15.46875	10.0000000066225
15.625	10.0000000073759
15.625	10.0000000073754
15.78125	10.0000000082104
15.78125	10.0000000082099
15.9375	10.0000000091348
15.9375	10.0000000091343
16.09375	10.0000000101584
16.09375	10.0000000101579
16.25	10.0000000112912
16.25	10.0000000112906
16.40625	10.0000000125442
16.40625	10.0000000125435
16.5625	10.0000000139294
16.5625	10.0000000139287
16.71875	10.0000000154601
16.71875	10.0000000154592
16.875	10.0000000171505
16.875	10.0000000171496
17.03125	10.0000000190165
17.03125	10.0000000190155
17.1875	10.0000000210752
17.1875	10.0000000210741
17.34375	10.0000000233454
17.34375	10.0000000233442
17.5	10.0000000258475
17.5	10.0000000258463
17.65625	10.0000000286039
17.65625	10.0000000286025
17.8125	10.0000000316387
17.8125	10.0000000316371
17.96875	10.0000000349784
17.96875	10.0000000349767
18.125	10.0000000386517
18.125	10.0000000386499
18.28125	10.00000004269
18.28125	10.000000042688
18.4375	10.0000000471271
18.4375	10.000000047125
18.59375	10.0000000520001
18.59375	10.0000000519977
18.75	10.0000000573488
18.75	10.0000000573463
18.90625	10.0000000632169
18.90625	10.0000000632142
19.0625	10.0000000696515
19.0625	10.0000000696485
19.21875	10.0000000767035
19.21875	10.0000000767003
19.375	10.0000000844282
19.375	10.0000000844248
19.53125	10.0000000928855
19.53125	10.0000000928818
19.6875	10.0000001021402
19.6875	10.0000001021361
19.84375	10.0000001122621
19.84375	10.0000001122577
20	10.0000001233268
20	10.000000123322
20.15625	10.0000001354159
20.15625	10.0000001354108
20.3125	10.0000001486174
20.3125	10.0000001486119
20.46875	10.0000001630264
20.46875	10.0000001630205
20.625	10.000000178745
20.625	10.0000001787386
20.78125	10.0000001958835
20.78125	10.0000001958766
20.9375	10.0000002145604
20.9375	10.0000002145531
21.09375	10.0000002349035
21.09375	10.0000002348956
21.25	10.0000002570498
21.25	10.0000002570413
21.40625	10.0000002811466
21.40625	10.0000002811375
21.5625	10.0000003073523
21.5625	10.0000003073425
21.71875	10.0000003358365
21.71875	10.0000003358261
21.875	10.0000003667814
21.875	10.0000003667702
22.03125	10.0000004003822
22.03125	10.0000004003701
22.1875	10.0000004368477
22.1875	10.0000004368348
22.34375	10.0000004764016
22.34375	10.0000004763879
22.5	10.0000005192833
22.5	10.0000005192686
22.65625	10.0000005657485
22.65625	10.0000005657328
22.8125	10.0000006160705
22.8125	10.0000006160538
22.96875	10.000000670541
22.96875	10.0000006705231
23.125	10.0000007294712
23.125	10.0000007294522
23.28125	10.0000007931931
23.28125	10.0000007931729
23.4375	10.0000008620603
23.4375	10.0000008620387
23.59375	10.0000009364493
23.59375	10.0000009364263
23.75	10.0000010167608
23.75	10.0000010167364
23.90625	10.0000011034211
23.90625	10.0000011033952
24.0625	10.000001196883
24.0625	10.0000011968554
24.21875	10.0000012976274
24.21875	10.0000012975982
24.375	10.0000014061649
24.375	10.000001406134
24.53125	10.000001523037
24.53125	10.0000015230042
24.6875	10.0000016488174
24.6875	10.0000016487826
24.84375	10.0000017841139
24.84375	10.0000017840772
25	10.00000192957
25	10.0000019295311
25.15625	10.0000020858661
25.15625	10.000002085825
25.3125	10.0000022537214
25.3125	10.0000022536781
25.46875	10.0000024338958
25.46875	10.00000243385
25.625	10.0000026271909
25.625	10.0000026271427
25.78125	10.0000028344528
25.78125	10.0000028344019
25.9375	10.0000030565728
25.9375	10.0000030565193
26.09375	10.0000032944899
26.09375	10.0000032944336
26.25	10.0000035491925
26.25	10.0000035491333
26.40625	10.0000038217198
26.40625	10.0000038216576
26.5625	10.0000041131643
26.5625	10.0000041130991
26.71875	10.0000044246733
26.71875	10.0000044246048
26.875	10.0000047574505
26.875	10.0000047573787
27.03125	10.0000051127585
27.03125	10.0000051126833
27.1875	10.00000549192
27.1875	10.0000054918413
27.34375	10.0000058963201
27.34375	10.0000058962378
27.5	10.0000063274078
27.5	10.0000063273218
27.65625	10.0000067866981
27.65625	10.0000067866083
27.8125	10.0000072757733
27.8125	10.0000072756796
27.96875	10.0000077962851
27.96875	10.0000077961874
28.125	10.0000083499561
28.125	10.0000083498544
28.28125	10.0000089385814
28.28125	10.0000089384755
28.4375	10.0000095640301
28.4375	10.0000095639199
28.59375	10.0000102282466
28.59375	10.0000102281321
28.75	10.0000109332524
28.75	10.0000109331336
28.90625	10.0000116811469
28.90625	10.0000116810236
29.0625	10.0000124741086
29.0625	10.0000124739809
29.21875	10.0000133143964
29.21875	10.0000133142642
29.375	10.0000142043502
29.375	10.0000142042134
29.53125	10.0000151463918
29.53125	10.0000151462504
29.6875	10.0000161430253
29.6875	10.0000161428792
29.84375	10.0000171968377
29.84375	10.000017196687
30	10.0000183104992
30	10.0000183103439
30.15625	10.000019486763
30.15625	10.0000194866031
30.3125	10.0000207284652
30.3125	10.0000207283007
30.46875	10.0000220385246
30.46875	10.0000220383556
30.625	10.0000234199418
30.625	10.0000234197684
30.78125	10.0000248757987
30.78125	10.0000248756208
30.9375	10.0000264092569
30.9375	10.0000264090747
31.09375	10.0000280235567
31.09375	10.0000280233703
31.25	10.0000297220153
31.25	10.0000297218248
31.40625	10.0000315080248
31.40625	10.0000315078303
31.5625	10.0000333850499
31.5625	10.0000333848516
31.71875	10.0000353566253
31.71875	10.0000353564234
31.875	10.000037426353
31.875	10.0000374261476
32.03125	10.0000395978984
32.03125	10.0000395976899
32.1875	10.0000418749876
32.1875	10.000041874776
32.34375	10.0000442614026
32.34375	10.0000442611882
32.5	10.0000467609772
32.5	10.0000467607603
32.65625	10.0000493775923
32.65625	10.0000493773733
32.8125	10.000052115171
32.8125	10.0000521149502
32.96875	10.0000549776726
32.96875	10.0000549774502
33.125	10.0000579690869
33.125	10.0000579688634
33.28125	10.000061093428
33.28125	10.0000610932037
33.4375	10.0000643547275
33.4375	10.0000643545028
33.59375	10.000067757027
33.59375	10.0000677568023
33.75	10.0000713043711
33.75	10.000071304147
33.90625	10.0000750007993
33.90625	10.0000750005762
34.0625	10.0000788503373
34.0625	10.0000788501157
34.21875	10.0000828569886
34.21875	10.000082856769
34.375	10.0000870247251
34.375	10.0000870245081
34.53125	10.0000913574778
34.53125	10.0000913572638
34.6875	10.0000958591265
34.6875	10.0000958589163
34.84375	10.0001005334901
34.84375	10.0001005332842
35	10.0001053843151
35	10.0001053841141
35.15625	10.0001104152655
35.15625	10.0001104150701
35.3125	10.0001156299107
35.3125	10.0001156297215
35.46875	10.0001210317145
35.46875	10.0001210315321
35.625	10.0001266240225
35.625	10.0001266238477
35.78125	10.0001324100508
35.78125	10.0001324098842
35.9375	10.0001383928726
35.9375	10.000138392715
36.09375	10.0001445754063
36.09375	10.0001445752584
36.25	10.0001509604023
36.25	10.0001509602648
36.40625	10.0001575504301
36.40625	10.0001575503038
36.5625	10.0001643478653
36.5625	10.0001643477509
36.71875	10.0001713548762
36.71875	10.0001713547744
36.875	10.0001785734105
36.875	10.000178573322
37.03125	10.0001860051822
37.03125	10.0001860051078
37.1875	10.0001936516585
37.1875	10.0001936515989
37.34375	10.0002015140461
37.34375	10.0002015140021
37.5	10.0002095932784
37.5	10.0002095932507
37.65625	10.0002178900027
37.65625	10.0002178899919
37.8125	10.000226404567
37.8125	10.0002264045738
37.96875	10.0002351370079
37.96875	10.0002351370331
38.125	10.0002440870381
38.125	10.0002440870823
38.28125	10.0002532540347
38.28125	10.0002532540984
38.4375	10.0002626370272
38.4375	10.0002626371112
38.59375	10.000272234687
38.59375	10.0002722347918
38.75	10.0002820453165
38.75	10.0002820454426
38.90625	10.0002920668387
38.90625	10.0002920669866
39.0625	10.0003022967881
39.0625	10.0003022969584
39.21875	10.0003127323017
39.21875	10.0003127324947
39.375	10.0003233701106
39.375	10.0003233703268
39.53125	10.0003342065325
39.53125	10.0003342067722
39.6875	10.0003452374652
39.6875	10.0003452377287
39.84375	10.0003564583804
39.84375	10.000356458668
40	10.0003678643187
40	10.0003678646306
40.15625	10.0003794498856
40.15625	10.0003794502219
40.3125	10.000391209248
40.3125	10.0003912096088
40.46875	10.0004031361321
40.46875	10.0004031365175
40.625	10.0004152238223
40.625	10.0004152242322
40.78125	10.0004274651607
40.78125	10.0004274655951
40.9375	10.0004398525486
40.9375	10.0004398530073
41.09375	10.0004523779479
41.09375	10.0004523784306
41.25	10.0004650328846
41.25	10.0004650333913
41.40625	10.0004778084535
41.40625	10.0004778089836
41.5625	10.0004906953231
41.5625	10.0004906958762
41.71875	10.0005036837428
41.71875	10.0005036843185
41.875	10.0005167635508
41.875	10.0005167641486
42.03125	10.0005299241833
42.03125	10.0005299248026
42.1875	10.0005431546852
42.1875	10.0005431553252
42.34375	10.0005564437211
42.34375	10.0005564443811
42.5	10.000569779589
42.5	10.0005697802682
42.65625	10.0005831502342
42.65625	10.0005831509317
42.8125	10.0005965432643
42.8125	10.0005965439792
42.96875	10.0006099459665
42.96875	10.0006099466976
43.125	10.0006233453244
43.125	10.0006233460708
43.28125	10.0006367280378
43.28125	10.0006367287983
43.4375	10.0006500805421
43.4375	10.0006500813155
43.59375	10.0006633890298
43.59375	10.0006633898148
43.75	10.0006766394722
43.75	10.0006766402675
43.90625	10.000689817643
43.90625	10.0006898184473
44.0625	10.0007029091421
44.0625	10.0007029099539
44.21875	10.0007158994207
44.21875	10.0007159002387
44.375	10.0007287738074
44.375	10.00072877463
44.53125	10.0007415175343
44.53125	10.0007415183599
44.6875	10.0007541157648
44.6875	10.0007541165919
44.84375	10.0007665536216
44.84375	10.0007665544485
45	10.000778816215
45	10.0007788170401
45.15625	10.0007908886722
45.15625	10.000790889494
45.3125	10.0008027561672
45.3125	10.0008027569839
45.46875	10.0008144039498
45.46875	10.0008144047598
45.625	10.0008258173768
45.625	10.0008258181783
45.78125	10.0008369819416
45.78125	10.0008369827329
45.9375	10.0008478833048
45.9375	10.0008478840843
46.09375	10.0008585073249
46.09375	10.000858508091
46.25	10.0008688400886
46.25	10.0008688408394
46.40625	10.0008788679405
46.40625	10.0008788686745
46.5625	10.0008885775138
46.5625	10.0008885782293
46.71875	10.0008979557594
46.71875	10.0008979564549
46.875	10.0009069899751
46.875	10.0009069906489
47.03125	10.0009156678342
47.03125	10.0009156684848
47.1875	10.0009239774135
47.1875	10.0009239780395
47.34375	10.0009319072207
47.34375	10.0009319078205
47.5	10.0009394462204
47.5	10.0009394467928
47.65625	10.0009465838603
47.65625	10.0009465844038
47.8125	10.0009533100951
47.8125	10.0009533106085
47.96875	10.0009596154108
47.96875	10.0009596158928
48.125	10.0009654908462
48.125	10.0009654912958
48.28125	10.0009709280152
48.28125	10.0009709284312
48.4375	10.0009759191256
48.4375	10.000975919507
48.59375	10.0009804569987
48.59375	10.0009804573446
48.75	10.0009845350858
48.75	10.0009845353954
48.90625	10.0009881474843
48.90625	10.000988147757
49.0625	10.000991288952
49.0625	10.000991289187
49.21875	10.0009939549195
49.21875	10.0009939551161
49.375	10.0009961415013
49.375	10.0009961416592
49.53125	10.0009978455055
49.53125	10.0009978456243
49.6875	10.0009990644414
49.6875	10.0009990645207
49.84375	10.0009997965255
49.84375	10.0009997965652
50	10.001000040686
50	10.001000040686
50.15625	10.0009997965652
50.15625	10.0009997965255
50.3125	10.0009990645207
50.3125	10.0009990644414
50.46875	10.0009978456243
50.46875	10.0009978455055
50.625	10.0009961416592
50.625	10.0009961415013
50.78125	10.0009939551161
50.78125	10.0009939549195
50.9375	10.000991289187
50.9375	10.000991288952
51.09375	10.000988147757
51.09375	10.0009881474843
51.25	10.0009845353954
51.25	10.0009845350858
51.40625	10.0009804573446
51.40625	10.0009804569987
51.5625	10.000975919507
51.5625	10.0009759191256
51.71875	10.0009709284312
51.71875	10.0009709280152
51.875	10.0009654912958
51.875	10.0009654908462
52.03125	10.0009596158928
52.03125	10.0009596154108
52.1875	10.0009533106085
52.1875	10.0009533100951
52.34375	10.0009465844038
52.34375	10.0009465838603
52.5	10.0009394467928
52.5	10.0009394462204
52.65625	10.0009319078205
52.65625	10.0009319072207
52.8125	10.0009239780395
52.8125	10.0009239774135
52.96875	10.0009156684848
52.96875	10.0009156678342
53.125	10.0009069906489
53.125	10.0009069899751
53.28125	10.0008979564549
53.28125	10.0008979557594
53.4375	10.0008885782293
53.4375	10.0008885775138
53.59375	10.0008788686745
53.59375	10.0008788679405
53.75	10.0008688408394
53.75	10.0008688400886
53.90625	10.000858508091
53.90625	10.0008585073249
54.0625	10.0008478840843
54.0625	10.0008478833048
54.21875	10.0008369827329
54.21875	10.0008369819416
54.375	10.0008258181783
54.375	10.0008258173768
54.53125	10.0008144047598
54.53125	10.0008144039498
54.6875	10.0008027569839
54.6875	10.0008027561672
54.84375	10.000790889494
54.84375	10.0007908886722
55	10.0007788170401
55	10.000778816215
55.15625	10.0007665544485
55.15625	10.0007665536216
55.3125	10.0007541165919
55.3125	10.0007541157648
55.46875	10.0007415183599
55.46875	10.0007415175343
55.625	10.00072877463
55.625	10.0007287738074
55.78125	10.0007159002387
55.78125	10.0007158994207
55.9375	10.0007029099539
55.9375	10.0007029091421
56.09375	10.0006898184473
56.09375	10.000689817643
56.25	10.0006766402675
56.25	10.0006766394722
56.40625	10.0006633898148
56.40625	10.0006633890298
56.5625	10.0006500813155
56.5625	10.0006500805421
56.71875	10.0006367287983
56.71875	10.0006367280378
56.875	10.0006233460708
56.875	10.0006233453244
57.03125	10.0006099466976
57.03125	10.0006099459665
57.1875	10.0005965439792
57.1875	10.0005965432643
57.34375	10.0005831509317
57.34375	10.0005831502342
57.5	10.0005697802682
57.5	10.000569779589
57.65625	10.0005564443811
57.65625	10.0005564437211
57.8125	10.0005431553252
57.8125	10.0005431546852
57.96875	10.0005299248026
57.96875	10.0005299241833
58.125	10.0005167641486
58.125	10.0005167635508
58.28125	10.0005036843185
58.28125	10.0005036837428
58.4375	10.0004906958762
58.4375	10.0004906953231
58.59375	10.0004778089836
58.59375	10.0004778084535
58.75	10.0004650333913
58.75	10.0004650328846
58.90625	10.0004523784306
58.90625	10.0004523779479
59.0625	10.0004398530073
59.0625	10.0004398525486
59.21875	10.0004274655951
59.21875	10.0004274651607
59.375	10.0004152242322
59.375	10.0004152238223
59.53125	10.0004031365175
59.53125	10.0004031361321
59.6875	10.0003912096088
59.6875	10.000391209248
59.84375	10.0003794502219
59.84375	10.0003794498856
60	10.0003678646306
60	10.0003678643187
60.15625	10.000356458668
60.15625	10.0003564583804
60.3125	10.0003452377287
60.3125	10.0003452374652
60.46875	10.0003342067722
60.46875	10.0003342065325
60.625	10.0003233703268
60.625	10.0003233701106
60.78125	10.0003127324947
60.78125	10.0003127323017
60.9375	10.0003022969584
60.9375	10.0003022967881
61.09375	10.0002920669866
61.09375	10.0002920668387
61.25	10.0002820454426
61.25	10.0002820453165
61.40625	10.0002722347918
61.40625	10.000272234687
61.5625	10.0002626371112
61.5625	10.0002626370272
61.71875	10.0002532540984
61.71875	10.0002532540347
61.875	10.0002440870823
61.875	10.0002440870381
62.03125	10.0002351370331
62.03125	10.0002351370079
62.1875	10.0002264045738
62.1875	10.000226404567
62.34375	10.0002178899919
62.34375	10.0002178900027
62.5	10.0002095932507
62.5	10.0002095932784
62.65625	10.0002015140021
62.65625	10.0002015140461
62.8125	10.0001936515989
62.8125	10.0001936516585
62.96875	10.0001860051078
62.96875	10.0001860051822
63.125	10.000178573322
63.125	10.0001785734105
63.28125	10.0001713547744
63.28125	10.0001713548762
63.4375	10.0001643477509
63.4375	10.0001643478653
63.59375	10.0001575503038
63.59375	10.0001575504301
63.75	10.0001509602648
63.75	10.0001509604023
63.90625	10.0001445752584
63.90625	10.0001445754063
64.0625	10.000138392715
64.0625	10.0001383928726
64.21875	10.0001324098842
64.21875	10.0001324100508
64.375	10.0001266238477
64.375	10.0001266240225
64.53125	10.0001210315321
64.53125	10.0001210317145
64.6875	10.0001156297215
64.6875	10.0001156299107
64.84375	10.0001104150701
64.84375	10.0001104152655
65	10.0001053841141
65	10.0001053843151
65.15625	10.0001005332842
65.15625	10.0001005334901
65.3125	10.0000958589163
65.3125	10.0000958591265
65.46875	10.0000913572638
65.46875	10.0000913574778
65.625	10.0000870245081
65.625	10.0000870247251
65.78125	10.000082856769
65.78125	10.0000828569886
65.9375	10.0000788501157
65.9375	10.0000788503373
66.09375	10.0000750005762
66.09375	10.0000750007993
66.25	10.000071304147
66.25	10.0000713043711
66.40625	10.0000677568023
66.40625	10.000067757027
66.5625	10.0000643545028
66.5625	10.0000643547275
66.71875	10.0000610932037
66.71875	10.000061093428
66.875	10.0000579688634
66.875	10.0000579690869
67.03125	10.0000549774502
67.03125	10.0000549776726
67.1875	10.0000521149502
67.1875	10.000052115171
67.34375	10.0000493773733
67.34375	10.0000493775923
67.5	10.0000467607603
67.5	10.0000467609772
67.65625	10.0000442611882
67.65625	10.0000442614026
67.8125	10.000041874776
67.8125	10.0000418749876
67.96875	10.0000395976899
67.96875	10.0000395978984
68.125	10.0000374261476
68.125	10.000037426353
68.28125	10.0000353564234
68.28125	10.0000353566253
68.4375	10.0000333848516
68.4375	10.0000333850499
68.59375	10.0000315078303
68.59375	10.0000315080248
68.75	10.0000297218248
68.75	10.0000297220153
68.90625	10.0000280233703
68.90625	10.0000280235567
69.0625	10.0000264090747
69.0625	10.0000264092569
69.21875	10.0000248756208
69.21875	10.0000248757987
69.375	10.0000234197684
69.375	10.0000234199418
69.53125	10.0000220383556
69.53125	10.0000220385246
69.6875	10.0000207283007
69.6875	10.0000207284652
69.84375	10.0000194866031
69.84375	10.000019486763
70	10.0000183103439
70	10.0000183104992
70.15625	10.000017196687
70.15625	10.0000171968377
70.3125	10.0000161428792
70.3125	10.0000161430253
70.46875	10.0000151462504
70.46875	10.0000151463918
70.625	10.0000142042134
70.625	10.0000142043502
70.78125	10.0000133142642
70.78125	10.0000133143964
70.9375	10.0000124739809
70.9375	10.0000124741086
71.09375	10.0000116810236
71.09375	10.0000116811469
71.25	10.0000109331336
71.25	10.0000109332524
71.40625	10.0000102281321
71.40625	10.0000102282466
71.5625	10.0000095639199
71.5625	10.0000095640301
71.71875	10.0000089384755
71.71875	10.0000089385814
71.875	10.0000083498544
71.875	10.0000083499561
72.03125	10.0000077961874
72.03125	10.0000077962851
72.1875	10.0000072756796
72.1875	10.0000072757733
72.34375	10.0000067866083
72.34375	10.0000067866981
72.5	10.0000063273218
72.5	10.0000063274078
72.65625	10.0000058962378
72.65625	10.0000058963201
72.8125	10.0000054918413
72.8125	10.00000549192
72.96875	10.0000051126833
72.96875	10.0000051127585
73.125	10.0000047573787
73.125	10.0000047574505
73.28125	10.0000044246048
73.28125	10.0000044246733
73.4375	10.0000041130991
73.4375	10.0000041131643
73.59375	10.0000038216576
73.59375	10.0000038217198
73.75	10.0000035491333
73.75	10.0000035491925
73.90625	10.0000032944336
73.90625	10.0000032944899
74.0625	10.0000030565193
74.0625	10.0000030565728
74.21875	10.0000028344019
74.21875	10.0000028344528
74.375	10.0000026271427
74.375	10.0000026271909
74.53125	10.00000243385
74.53125	10.0000024338958
74.6875	10.0000022536781
74.6875	10.0000022537214
74.84375	10.000002085825
74.84375	10.0000020858661
75	10.0000019295311
75	10.00000192957
75.15625	10.0000017840772
75.15625	10.0000017841139
75.3125	10.0000016487826
75.3125	10.0000016488174
75.46875	10.0000015230042
75.46875	10.000001523037
75.625	10.000001406134
75.625	10.0000014061649
75.78125	10.0000012975982
75.78125	10.0000012976274
75.9375	10.0000011968554
75.9375	10.000001196883
76.09375	10.0000011033952
76.09375	10.0000011034211
76.25	10.0000010167364
76.25	10.0000010167608
76.40625	10.0000009364263
76.40625	10.0000009364493
76.5625	10.0000008620387
76.5625	10.0000008620603
76.71875	10.0000007931729
76.71875	10.0000007931931
76.875	10.0000007294522
76.875	10.0000007294712
77.03125	10.0000006705231
77.03125	10.000000670541
77.1875	10.0000006160538
77.1875	10.0000006160705
77.34375	10.0000005657328
77.34375	10.0000005657485
77.5	10.0000005192686
77.5	10.0000005192833
77.65625	10.0000004763879
77.65625	10.0000004764016
77.8125	10.0000004368348
77.8125	10.0000004368477
77.96875	10.0000004003701
77.96875	10.0000004003822
78.125	10.0000003667702
78.125	10.0000003667814
78.28125	10.0000003358261
78.28125	10.0000003358365
78.4375	10.0000003073425
78.4375	10.0000003073523
78.59375	10.0000002811375
78.59375	10.0000002811466
78.75	10.0000002570413
78.75	10.0000002570498
78.90625	10.0000002348956
78.90625	10.0000002349035
79.0625	10.0000002145531
79.0625	10.0000002145604
79.21875	10.0000001958766
79.21875	10.0000001958835
79.375	10.0000001787386
79.375	10.000000178745
79.53125	10.0000001630205
79.53125	10.0000001630264
79.6875	10.0000001486119
79.6875	10.0000001486174
79.84375	10.0000001354108
79.84375	10.0000001354159
80	10.000000123322
80	10.0000001233268
80.15625	10.0000001122577
80.15625	10.0000001122621
80.3125	10.0000001021361
80.3125	10.0000001021402
80.46875	10.0000000928818
80.46875	10.0000000928855
80.625	10.0000000844248
80.625	10.0000000844282
80.78125	10.0000000767003
80.78125	10.0000000767035
80.9375	10.0000000696485
80.9375	10.0000000696515
81.09375	10.0000000632142
81.09375	10.0000000632169
81.25	10.0000000573463
81.25	10.0000000573488
81.40625	10.0000000519977
81.40625	10.0000000520001
81.5625	10.000000047125
81.5625	10.0000000471271
81.71875	10.000000042688
81.71875	10.00000004269
81.875	10.0000000386499
81.875	10.0000000386517
82.03125	10.0000000349767
82.03125	10.0000000349784
82.1875	10.0000000316371
82.1875	10.0000000316387
82.34375	10.0000000286025
82.34375	10.0000000286039
82.5	10.0000000258463
82.5	10.0000000258475
82.65625	10.0000000233442
82.65625	10.0000000233454
82.8125	10.0000000210741
82.8125	10.0000000210752
82.96875	10.0000000190155
82.96875	10.0000000190165
83.125	10.0000000171496
83.125	10.0000000171505
83.28125	10.0000000154592
83.28125	10.0000000154601
83.4375	10.0000000139287
83.4375	10.0000000139294
83.59375	10.0000000125435
83.59375	10.0000000125442
83.75	10.0000000112906
83.75	10.0000000112912
83.90625	10.0000000101579
83.90625	10.0000000101584
84.0625	10.0000000091343
84.0625	10.0000000091348
84.21875	10.0000000082099
84.21875	10.0000000082104
84.375	10.0000000073754
84.375	10.0000000073759
84.53125	10.0000000066225
84.53125	10.0000000066229
84.6875	10.0000000059436
84.6875	10.000000005944
84.84375	10.0000000053317
84.84375	10.000000005332
85	10.0000000047804
85	10.0000000047807
85.15625	10.000000004284
85.15625	10.0000000042843
85.3125	10.0000000038373
85.3125	10.0000000038376
85.46875	10.0000000034355
85.46875	10.0000000034358
85.625	10.0000000030743
85.625	10.0000000030745
85.78125	10.0000000027497
85.78125	10.0000000027499
85.9375	10.0000000024582
85.9375	10.0000000024584
86.09375	10.0000000021965
86.09375	10.0000000021967
86.25	10.0000000019617
86.25	10.0000000019619
86.40625	10.0000000017512
86.40625	10.0000000017513
86.5625	10.0000000015625
86.5625	10.0000000015626
86.71875	10.0000000013934
86.71875	10.0000000013935
86.875	10.000000001242
86.875	10.0000000012421
87.03125	10.0000000011066
87.03125	10.0000000011067
87.1875	10.0000000009854
87.1875	10.0000000009855
87.34375	10.0000000008771
87.34375	10.0000000008771
87.5	10.0000000007803
87.5	10.0000000007803
87.65625	10.0000000006938
87.65625	10.0000000006939
87.8125	10.0000000006166
87.8125	10.0000000006167
87.96875	10.0000000005478
87.96875	10.0000000005478
88.125	10.0000000004863
88.125	10.0000000004864
88.28125	10.0000000004316
88.28125	10.0000000004317
88.4375	10.0000000003829
88.4375	10.0000000003829
88.59375	10.0000000003394
88.59375	10.0000000003395
88.75	10.0000000003008
88.75	10.0000000003008
88.90625	10.0000000002664
88.90625	10.0000000002664
89.0625	10.0000000002359
89.0625	10.0000000002359
89.21875	10.0000000002087
89.21875	10.0000000002087
89.375	10.0000000001846
89.375	10.0000000001846
89.53125	10.0000000001632
89.53125	10.0000000001632
89.6875	10.0000000001442
89.6875	10.0000000001442
89.84375	10.0000000001273
89.84375	10.0000000001273
90	10.0000000001124
90	10.0000000001124
90.15625	10.0000000000992
90.15625	10.0000000000992
90.3125	10.0000000000874
90.3125	10.0000000000874
90.46875	10.0000000000771
90.46875	10.0000000000771
90.625	10.0000000000679
90.625	10.0000000000679
90.78125	10.0000000000598
90.78125	10.0000000000598
90.9375	10.0000000000526
90.9375	10.0000000000526
91.09375	10.0000000000463
91.09375	10.0000000000463
91.25	10.0000000000407
91.25	10.0000000000407
91.40625	10.0000000000358
91.40625	10.0000000000358
91.5625	10.0000000000314
91.5625	10.0000000000314
91.71875	10.0000000000276
91.71875	10.0000000000276
91.875	10.0000000000242
91.875	10.0000000000242
92.03125	10.0000000000212
92.03125	10.0000000000212
92.1875	10.0000000000186
92.1875	10.0000000000186
92.34375	10.0000000000163
92.34375	10.0000000000163
92.5	10.0000000000143
92.5	10.0000000000143
92.65625	10.0000000000125
92.65625	10.0000000000125
92.8125	10.0000000000109
92.8125	10.0000000000109
92.96875	10.0000000000096
92.96875	10.0000000000096
93.125	10.0000000000084
93.125	10.0000000000084
93.28125	10.0000000000073
93.28125	10.0000000000073
93.4375	10.0000000000064
93.4375	10.0000000000064
93.59375	10.0000000000056
93.59375	10.0000000000056
93.75	10.0000000000049
93.75	10.0000000000049
93.90625	10.0000000000042
93.90625	10.0000000000042
94.0625	10.0000000000037
94.0625	10.0000000000037
94.21875	10.0000000000032
94.21875	10.0000000000032
94.375	10.0000000000028
94.375	10.0000000000028
94.53125	10.0000000000024
94.53125	10.0000000000024
94.6875	10.0000000000021
94.6875	10.0000000000021
94.84375	10.0000000000018
94.84375	10.0000000000018
95	10.0000000000016
95	10.0000000000016
95.15625	10.0000000000014
95.15625	10.0000000000014
95.3125	10.0000000000012
95.3125	10.0000000000012
95.46875	10.000000000001
95.46875	10.000000000001
95.625	10.0000000000009
95.625	10.0000000000009
95.78125	10.0000000000008
95.78125	10.0000000000008
95.9375	10.0000000000007
95.9375	10.0000000000007
96.09375	10.0000000000006
96.09375	10.0000000000006
96.25	10.0000000000005
96.25	10.0000000000005
96.40625	10.0000000000004
96.40625	10.0000000000004
96.5625	10.0000000000004
96.5625	10.0000000000004
96.71875	10.0000000000003
96.71875	10.0000000000003
96.875	10.0000000000003
96.875	10.0000000000003
97.03125	10.0000000000002
97.03125	10.0000000000002
97.1875	10.0000000000002
97.1875	10.0000000000002
97.34375	10.0000000000002
97.34375	10.0000000000002
97.5	10.0000000000002
97.5	10.0000000000002
97.65625	10.0000000000001
97.65625	10.0000000000001
97.8125	10.0000000000001
97.8125	10.0000000000001
97.96875	10.0000000000001
97.96875	10.0000000000001
98.125	10.0000000000001
98.125	10.0000000000001
98.28125	10.0000000000001
98.28125	10.0000000000001
98.4375	10.0000000000001
98.4375	10.0000000000001
98.59375	10.0000000000001
98.59375	10.0000000000001
98.75	10
98.75	10
98.90625	10
98.90625	10
99.0625	10
99.0625	10
99.21875	10
99.21875	10
99.375	10
99.375	10
99.53125	10
99.53125	10
99.6875	10
99.6875	10
99.84375	10
99.84375	10
100	10
0	0
0.15625	0
0.15625	0
0.3125	0
0.3125	0
0.46875	0
0.46875	0
0.625	0
0.625	0
0.78125	0
0.78125	0
0.9375	0
0.9375	0
1.09375	0
1.09375	0
1.25	0
1.25	0
1.40625	0
1.40625	0
1.5625	0
1.5625	0
1.71875	0
1.71875	0
1.875	0
1.875	0
2.03125	0
2.03125	0
2.1875	0
2.1875	0
2.34375	0
2.34375	0
2.5	0
2.5	0
2.65625	0
2.65625	0
2.8125	0
2.8125	0
2.96875	0
2.96875	0
3.125	0
3.125	0
3.28125	0
3.28125	0
3.4375	0
3.4375	0
3.59375	0
3.59375	0
3.75	0
3.75	0
3.90625	0
3.90625	0
4.0625	0
4.0625	0
4.21875	0
4.21875	0
4.375	0
4.375	0
4.53125	0
4.53125	0
4.6875	0
4.6875	0
4.84375	0
4.84375	0
5	0
5	0
5.15625	0
5.15625	0
5.3125	0
5.3125	0
5.46875	0
5.46875	0
5.625	0
5.625	0
5.78125	0
5.78125	0
5.9375	0
5.9375	0
6.09375	0
6.09375	0
6.25	0
6.25	0
6.40625	0
6.40625	0
6.5625	0
6.5625	0
6.71875	0
6.71875	0
6.875	0
6.875	0
7.03125	0
7.03125	0
7.1875	0
7.1875	0
7.34375	0
7.34375	0
7.5	0
7.5	0
7.65625	0
7.65625	0
7.8125	0
7.8125	0
7.96875	0
7.96875	0
8.125	0
8.125	0
8.28125	0
8.28125	0
8.4375	0
8.4375	0
8.59375	0
8.59375	0
8.75	0
8.75	0
8.90625	0
8.90625	0
9.0625	0
9.0625	0
9.21875	0
9.21875	0
9.375	0
9.375	0
9.53125	0
9.53125	0
9.6875	0
9.6875	0
9.84375	0
9.84375	0
10	0
10	0
10.15625	0
10.15625	0
10.3125	0
10.3125	0
10.46875	0
10.46875	0
10.625	0
10.625	0
10.78125	0
10.78125	0
10.9375	0
10.9375	0
11.09375	0
11.09375	0
11.25	0
11.25	0
11.40625	0
11.40625	0
11.5625	0
11.5625	0
11.71875	0
11.71875	0
11.875	0
11.875	0
12.03125	0
12.03125	0
12.1875	0
12.1875	0
12.34375	0
12.34375	0
12.5	0
12.5	0
12.65625	0
12.65625	0
12.8125	0
12.8125	0
12.96875	0
12.96875	0
13.125	0
13.125	0
13.28125	0
13.28125	0
13.4375	0
13.4375	0
13.59375	0
13.59375	0
13.75	0
13.75	0
13.90625	0
13.90625	0
14.0625	0
14.0625	0
14.21875	0
14.21875	0
14.375	0
14.375	0
14.53125	0
14.53125	0
14.6875	0
14.6875	0
14.84375	0
14.84375	0
15	0
15	0
15.15625	0
15.15625	0
15.3125	0
15.3125	0
15.46875	0
15.46875	0
15.625	0
15.625	0
15.78125	0
15.78125	0
15.9375	0
15.9375	0
16.09375	0
16.09375	0
16.25	0
16.25	0
16.40625	0
16.40625	0
16.5625	0
16.5625	0
16.71875	0
16.71875	0
16.875	0
16.875	0
17.03125	0
17.03125	0
17.1875	0
17.1875	0
17.34375	0
17.34375	0
17.5	0
17.5	0
17.65625	0
17.65625	0
17.8125	0
17.8125	0
17.96875	0
17.96875	0
18.125	0
18.125	0
18.28125	0
18.28125	0
18.4375	0
18.4375	0
18.59375	0
18.59375	0
18.75	0
18.75	0
18.90625	0
18.90625	0
19.0625	0
19.0625	0
19.21875	0
19.21875	0
19.375	0
19.375	0
19.53125	0
19.53125	0
19.6875	0
19.6875	0
19.84375	0
19.84375	0
20	0
20	0
20.15625	0
20.15625	0
20.3125	0
20.3125	0
20.46875	0
20.46875	0
20.625	0
20.625	0
20.78125	0
20.78125	0
20.9375	0
20.9375	0
21.09375	0
21.09375	0
21.25	0
21.25	0
21.40625	0
21.40625	0
21.5625	0
21.5625	0
21.71875	0
21.71875	0
21.875	0
21.875	0
22.03125	0
22.03125	0
22.1875	0
22.1875	0
22.34375	0
22.34375	0
22.5	0
22.5	0
22.65625	0
22.65625	0
22.8125	0
22.8125	0
22.96875	0
22.96875	0
23.125	0
23.125	0
23.28125	0
23.28125	0
23.4375	0
23.4375	0
23.59375	0
23.59375	0
23.75	0
23.75	0
23.90625	0
23.90625	0
24.0625	0
24.0625	0
24.21875	0
24.21875	0
24.375	0
24.375	0
24.53125	0
24.53125	0
24.6875	0
24.6875	0
24.84375	0
24.84375	0
25	0
25	0
25.15625	0
25.15625	0
25.3125	0
25.3125	0
25.46875	0
25.46875	0
25.625	0
25.625	0
25.78125	0
25.78125	0
25.9375	0
25.9375	0
26.09375	0
26.09375	0
26.25	0
26.25	0
26.40625	0
26.40625	0
26.5625	0
26.5625	0
26.71875	0
26.71875	0
26.875	0
26.875	0
27.03125	0
27.03125	0
27.1875	0
27.1875	0
27.34375	0
27.34375	0
27.5	0
27.5	0
27.65625	0
27.65625	0
27.8125	0
27.8125	0
27.96875	0
27.96875	0
28.125	0
28.125	0
28.28125	0
28.28125	0
28.4375	0
28.4375	0
28.59375	0
28.59375	0
28.75	0
28.75	0
28.90625	0
28.90625	0
29.0625	0
29.0625	0
29.21875	0
29.21875	0
29.375	0
29.375	0
29.53125	0
29.53125	0
29.6875	0
29.6875	0
29.84375	0
29.84375	0
30	0
30	0
30.15625	0
30.15625	0
30.3125	0
30.3125	0
30.46875	0
30.46875	0
30.625	0
30.625	0
30.78125	0
30.78125	0
30.9375	0
30.9375	0
31.09375	0
31.09375	0
31.25	0
31.25	0
31.40625	0
31.40625	0
31.5625	0
31.5625	0
31.71875	0
31.71875	0
31.875	0
31.875	0
32.03125	0
32.03125	0
32.1875	0
32.1875	0
32.34375	0
32.34375	0
32.5	0
32.5	0
32.65625	0
32.65625	0
32.8125	0
32.8125	0
32.96875	0
32.96875	0
33.125	0
33.125	0
33.28125	0
33.28125	0
33.4375	0
33.4375	0
33.59375	0
33.59375	0
33.75	0
33.75	0
33.90625	0
33.90625	0
34.0625	0
34.0625	0
34.21875	0
34.21875	0
34.375	0
34.375	0
34.53125	0
34.53125	0
34.6875	0
34.6875	0
34.84375	0
34.84375	0
35	0
35	0
35.15625	0
35.15625	0
35.3125	0
35.3125	0
35.46875	0
35.46875	0
35.625	0
35.625	0
35.78125	0
35.78125	0
35.9375	0
35.9375	0
36.09375	0
36.09375	0
36.25	0
36.25	0
36.40625	0
36.40625	0
36.5625	0
36.5625	0
36.71875	0
36.71875	0
36.875	0
36.875	0
37.03125	0
37.03125	0
37.1875	0
37.1875	0
37.34375	0
37.34375	0
37.5	0
37.5	0
37.65625	0
37.65625	0
37.8125	0
37.8125	0
37.96875	0
37.96875	0
38.125	0
38.125	0
38.28125	0
38.28125	0
38.4375	0
38.4375	0
38.59375	0
38.59375	0
38.75	0
38.75	0
38.90625	0
38.90625	0
39.0625	0
39.0625	0
39.21875	0
39.21875	0
39.375	0
39.375	0
39.53125	0
39.53125	0
39.6875	0
39.6875	0
39.84375	0
39.84375	0
40	0
40	0
40.15625	0
40.15625	0
40.3125	0
40.3125	0
40.46875	0
40.46875	0
40.625	0
40.625	0
40.78125	0
40.78125	0
40.9375	0
40.9375	0
41.09375	0
41.09375	0
41.25	0
41.25	0
41.40625	0
41.40625	0
41.5625	0
41.5625	0
41.71875	0
41.71875	0
41.875	0
41.875	0
42.03125	0
42.03125	0
42.1875	0
42.1875	0
42.34375	0
42.34375	0
42.5	0
42.5	0
42.65625	0
42.65625	0
42.8125	0
42.8125	0
42.96875	0
42.96875	0
43.125	0
43.125	0
43.28125	0
43.28125	0
43.4375	0
43.4375	0
43.59375	0
43.59375	0
43.75	0
43.75	0
43.90625	0
43.90625	0
44.0625	0
44.0625	0
44.21875	0
44.21875	0
44.375	0
44.375	0
44.53125	0
44.53125	0
44.6875	0
44.6875	0
44.84375	0
44.84375	0
45	0
45	0
45.15625	0
45.15625	0
45.3125	0
45.3125	0
45.46875	0
45.46875	0
45.625	0
45.625	0
45.78125	0
45.78125	0
45.9375	0
45.9375	0
46.09375	0
46.09375	0
46.25	0
46.25	0
46.40625	0
46.40625	0
46.5625	0
46.5625	0
46.71875	0
46.71875	0
46.875	0
46.875	0
47.03125	0
47.03125	0
47.1875	0
47.1875	0
47.34375	0
47.34375	0
47.5	0
47.5	0
47.65625	0
47.65625	0
47.8125	0
47.8125	0
47.96875	0
47.96875	0
48.125	0
48.125	0
48.28125	0
48.28125	0
48.4375	0
48.4375	0
48.59375	0
48.59375	0
48.75	0
48.75	0
48.90625	0
48.90625	0
49.0625	0
49.0625	0
49.21875	0
49.21875	0
49.375	0
49.375	0
49.53125	0
49.53125	0
49.6875	0
49.6875	0
49.84375	0
49.84375	0
50	0
50	0
50.15625	0
50.15625	0
50.3125	0
50.3125	0
50.46875	0
50.46875	0
50.625	0
50.625	0
50.78125	0
50.78125	0
50.9375	0
50.9375	0
51.09375	0
51.09375	0
51.25	0
51.25	0
51.40625	0
51.40625	0
51.5625	0
51.5625	0
51.71875	0
51.71875	0
51.875	0
51.875	0
52.03125	0
52.03125	0
52.1875	0
52.1875	0
52.34375	0
52.34375	0
52.5	0
52.5	0
52.65625	0
52.65625	0
52.8125	0
52.8125	0
52.96875	0
52.96875	0
53.125	0
53.125	0
53.28125	0
53.28125	0
53.4375	0
53.4375	0
53.59375	0
53.59375	0
53.75	0
53.75	0
53.90625	0
53.90625	0
54.0625	0
54.0625	0
54.21875	0
54.21875	0
54.375	0
54.375	0
54.53125	0
54.53125	0
54.6875	0
54.6875	0
54.84375	0
54.84375	0
55	0
55	0
55.15625	0
55.15625	0
55.3125	0
55.3125	0
55.46875	0
55.46875	0
55.625	0
55.625	0
55.78125	0
55.78125	0
55.9375	0
55.9375	0
56.09375	0
56.09375	0
56.25	0
56.25	0
56.40625	0
56.40625	0
56.5625	0
56.5625	0
56.71875	0
56.71875	0
56.875	0
56.875	0
57.03125	0
57.03125	0
57.1875	0
57.1875	0
57.34375	0
57.34375	0
57.5	0
57.5	0
57.65625	0
57.65625	0
57.8125	0
57.8125	0
57.96875	0
57.96875	0
58.125	0
58.125	0
58.28125	0
58.28125	0
58.4375	0
58.4375	0
58.59375	0
58.59375	0
58.75	0
58.75	0
58.90625	0
58.90625	0
59.0625	0
59.0625	0
59.21875	0
59.21875	0
59.375	0
59.375	0
59.53125	0
59.53125	0
59.6875	0
59.6875	0
59.84375	0
59.84375	0
60	0
60	0
60.15625	0
60.15625	0
60.3125	0
60.3125	0
60.46875	0
60.46875	0
60.625	0
60.625	0
60.78125	0
60.78125	0
60.9375	0
60.9375	0
61.09375	0
61.09375	0
61.25	0
61.25	0
61.40625	0
61.40625	0
61.5625	0
61.5625	0
61.71875	0
61.71875	0
61.875	0
61.875	0
62.03125	0
62.03125	0
62.1875	0
62.1875	0
62.34375	0
62.34375	0
62.5	0
62.5	0
62.65625	0
62.65625	0
62.8125	0
62.8125	0
62.96875	0
62.96875	0
63.125	0
63.125	0
63.28125	0
63.28125	0
63.4375	0
63.4375	0
63.59375	0
63.59375	0
63.75	0
63.75	0
63.90625	0
63.90625	0
64.0625	0
64.0625	0
64.21875	0
64.21875	0
64.375	0
64.375	0
64.53125	0
64.53125	0
64.6875	0
64.6875	0
64.84375	0
64.84375	0
65	0
65	0
65.15625	0
65.15625	0
65.3125	0
65.3125	0
65.46875	0
65.46875	0
65.625	0
65.625	0
65.78125	0
65.78125	0
65.9375	0
65.9375	0
66.09375	0
66.09375	0
66.25	0
66.25	0
66.40625	0
66.40625	0
66.5625	0
66.5625	0
66.71875	0
66.71875	0
66.875	0
66.875	0
67.03125	0
67.03125	0
67.1875	0
67.1875	0
67.34375	0
67.34375	0
67.5	0
67.5	0
67.65625	0
67.65625	0
67.8125	0
67.8125	0
67.96875	0
67.96875	0
68.125	0
68.125	0
68.28125	0
68.28125	0
68.4375	0
68.4375	0
68.59375	0
68.59375	0
68.75	0
68.75	0
68.90625	0
68.90625	0
69.0625	0
69.0625	0
69.21875	0
69.21875	0
69.375	0
69.375	0
69.53125	0
69.53125	0
69.6875	0
69.6875	0
69.84375	0
69.84375	0
70	0
70	0
70.15625	0
70.15625	0
70.3125	0
70.3125	0
70.46875	0
70.46875	0
70.625	0
70.625	0
70.78125	0
70.78125	0
70.9375	0
70.9375	0
71.09375	0
71.09375	0
71.25	0
71.25	0
71.40625	0
71.40625	0
71.5625	0
71.5625	0
71.71875	0
71.71875	0
71.875	0
71.875	0
72.03125	0
72.03125	0
72.1875	0
72.1875	0
72.34375	0
72.34375	0
72.5	0
72.5	0
72.65625	0
72.65625	0
72.8125	0
72.8125	0
72.96875	0
72.96875	0
73.125	0
73.125	0
73.28125	0
73.28125	0
73.4375	0
73.4375	0
73.59375	0
73.59375	0
73.75	0
73.75	0
73.90625	0
73.90625	0
74.0625	0
74.0625	0
74.21875	0
74.21875	0
74.375	0
74.375	0
74.53125	0
74.53125	0
74.6875	0
74.6875	0
74.84375	0
74.84375	0
75	0
75	0
75.15625	0
75.15625	0
75.3125	0
75.3125	0
75.46875	0
75.46875	0
75.625	0
75.625	0
75.78125	0
75.78125	0
75.9375	0
75.9375	0
76.09375	0
76.09375	0
76.25	0
76.25	0
76.40625	0
76.40625	0
76.5625	0
76.5625	0
76.71875	0
76.71875	0
76.875	0
76.875	0
77.03125	0
77.03125	0
77.1875	0
77.1875	0
77.34375	0
77.34375	0
77.5	0
77.5	0
77.65625	0
77.65625	0
77.8125	0
77.8125	0
77.96875	0
77.96875	0
78.125	0
78.125	0
78.28125	0
78.28125	0
78.4375	0
78.4375	0
78.59375	0
78.59375	0
78.75	0
78.75	0
78.90625	0
78.90625	0
79.0625	0
79.0625	0
79.21875	0
79.21875	0
79.375	0
79.375	0
79.53125	0
79.53125	0
79.6875	0
79.6875	0
79.84375	0
79.84375	0
80	0
80	0
80.15625	0
80.15625	0
80.3125	0
80.3125	0
80.46875	0
80.46875	0
80.625	0
80.625	0
80.78125	0
80.78125	0
80.9375	0
80.9375	0
81.09375	0
81.09375	0
81.25	0
81.25	0
81.40625	0
81.40625	0
81.5625	0
81.5625	0
81.71875	0
81.71875	0
81.875	0
81.875	0
82.03125	0
82.03125	0
82.1875	0
82.1875	0
82.34375	0
82.34375	0
82.5	0
82.5	0
82.65625	0
82.65625	0
82.8125	0
82.8125	0
82.96875	0
82.96875	0
83.125	0
83.125	0
83.28125	0
83.28125	0
83.4375	0
83.4375	0
83.59375	0
83.59375	0
83.75	0
83.75	0
83.90625	0
83.90625	0
84.0625	0
84.0625	0
84.21875	0
84.21875	0
84.375	0
84.375	0
84.53125	0
84.53125	0
84.6875	0
84.6875	0
84.84375	0
84.84375	0
85	0
85	0
85.15625	0
85.15625	0
85.3125	0
85.3125	0
85.46875	0
85.46875	0
85.625	0
85.625	0
85.78125	0
85.78125	0
85.9375	0
85.9375	0
86.09375	0
86.09375	0
86.25	0
86.25	0
86.40625	0
86.40625	0
86.5625	0
86.5625	0
86.71875	0
86.71875	0
86.875	0
86.875	0
87.03125	0
87.03125	0
87.1875	0
87.1875	0
87.34375	0
87.34375	0
87.5	0
87.5	0
87.65625	0
87.65625	0
87.8125	0
87.8125	0
87.96875	0
87.96875	0
88.125	0
88.125	0
88.28125	0
88.28125	0
88.4375	0
88.4375	0
88.59375	0
88.59375	0
88.75	0
88.75	0
88.90625	0
88.90625	0
89.0625	0
89.0625	0
89.21875	0
89.21875	0
89.375	0
89.375	0
89.53125	0
89.53125	0
89.6875	0
89.6875	0
89.84375	0
89.84375	0
90	0
90	0
90.15625	0
90.15625	0
90.3125	0
90.3125	0
90.46875	0
90.46875	0
90.625	0
90.625	0
90.78125	0
90.78125	0
90.9375	0
90.9375	0
91.09375	0
91.09375	0
91.25	0
91.25	0
91.40625	0
91.40625	0
91.5625	0
91.5625	0
91.71875	0
91.71875	0
91.875	0
91.875	0
92.03125	0
92.03125	0
92.1875	0
92.1875	0
92.34375	0
92.34375	0
92.5	0
92.5	0
92.65625	0
92.65625	0
92.8125	0
92.8125	0
92.96875	0
92.96875	0
93.125	0
93.125	0
93.28125	0
93.28125	0
93.4375	0
93.4375	0
93.59375	0
93.59375	0
93.75	0
93.75	0
93.90625	0
93.90625	0
94.0625	0
94.0625	0
94.21875	0
94.21875	0
94.375	0
94.375	0
94.53125	0
94.53125	0
94.6875	0
94.6875	0
94.84375	0
94.84375	0
95	0
95	0
95.15625	0
95.15625	0
95.3125	0
95.3125	0
95.46875	0
95.46875	0
95.625	0
95.625	0
95.78125	0
95.78125	0
95.9375	0
95.9375	0
96.09375	0
96.09375	0
96.25	0
96.25	0
96.40625	0
96.40625	0
96.5625	0
96.5625	0
96.71875	0
96.71875	0
96.875	0
96.875	0
97.03125	0
97.03125	0
97.1875	0
97.1875	0
97.34375	0
97.34375	0
97.5	0
97.5	0
97.65625	0
97.65625	0
97.8125	0
97.8125	0
97.96875	0
97.96875	0
98.125	0
98.125	0
98.28125	0
98.28125	0
98.4375	0
98.4375	0
98.59375	0
98.59375	0
98.75	0
98.75	0
98.90625	0
98.90625	0
99.0625	0
99.0625	0
99.21875	0
99.21875	0
99.375	0
99.375	0
99.53125	0
99.53125	0
99.6875	0
99.6875	0
99.84375	0
99.84375	0
100	0
