2	0
20
0	9.99999328759508
10	9.99998356738597
10	10.0000166748194
20	10.0001717350956
20	10.0002278455819
30	10.0005249051964
30	10.0003943727687
40	10.0002838456006
40	10.0001939131256
50	9.9999823507246
50	9.99998235018637
60	10.000193913813
60	10.0002838463524
70	10.0003943718159
70	10.0005249058325
80	10.0002278450684
80	10.0001717354374
90	10.0000166745227
90	9.99998356741679
100	9.99999328759796
0	5.03934270512708e-05
10	0.000203463770728926
10	0.00013555854558994
20	-0.00210050420226362
20	-0.00257988362826665
30	-0.00465534460634625
30	-0.00489352438198372
40	-0.00216758943142869
40	-0.00192022917986354
50	0.00041412826440592
50	-0.000414121262915067
60	0.00192022247512338
60	0.00216758158604804
70	0.00489353383238366
70	0.00465533845020732
80	0.0025798888162025
80	0.00210050158925328
90	-0.000135557197828614
90	-0.000203463511832297
100	-5.03933542657931e-05
