2	0
40
0	9.99999989221061
5	9.99999972379418
5	10.0000015135336
10	10.0000013830354
10	10.0000101824133
15	10.0000376301497
15	10.0000605921184
20	10.000171872468
20	10.0001966362041
25	10.0003952273708
25	10.0003822177092
30	10.0005289422075
30	10.0004711884827
35	10.0004236383526
35	10.0003748362687
40	10.0001915747316
40	10.0001890213018
45	10.0000407605729
45	10.0000555707156
50	10.0000125040329
50	10.0000125040012
55	10.0000555707949
55	10.000040760558
60	10.000189021311
60	10.0001915747198
65	10.0003748363006
65	10.0004236384612
70	10.0004711883293
70	10.0005289423755
75	10.0003822175683
75	10.0003952274076
80	10.0001966361718
80	10.0001718725055
85	10.0000605920799
85	10.0000376301771
90	10.0000101823901
90	10.000001383045
95	10.0000015135256
95	9.99999972379465
100	9.9999998922108
0	4.07752293464606e-07
5	3.1897409614127e-06
5	1.21474822384091e-05
10	-5.18941451631838e-05
10	-7.41219060955672e-06
15	-0.000483449581140119
15	-0.000462905108353195
20	-0.00185849432889267
20	-0.00195952029617163
25	-0.00391438233351872
25	-0.00408147710709991
30	-0.00500128546652277
30	-0.00502056516390203
35	-0.00396771736801944
35	-0.00383606094715775
40	-0.00189218526910064
40	-0.00185026421916979
45	-0.000463028346294161
45	-0.000612390372409499
50	0.000109888119248278
50	-0.000109887460585771
55	0.00061238953301395
55	0.000463028316136152
60	0.00185026419753511
60	0.00189218557799141
65	0.00383606077362389
65	0.00396771637089764
70	0.00502056665675073
70	0.00500128374937074
75	0.00408147852040432
75	0.00391438197274695
80	0.00195952061979486
80	0.00185849395154191
85	0.000462905493058502
85	0.000483449309282792
90	7.41242488534955e-06
90	5.18940695663631e-05
95	-1.2147441944459e-05
95	-3.18973773323704e-06
100	-4.07747553708758e-07
