2	0
320
0	10.000000121915
0.625	10.0000001286971
0.625	10.0000001308557
1.25	10.0000001532346
1.25	10.0000001570886
1.875	10.0000001973494
1.875	10.0000002032215
2.5	10.0000002653742
2.5	10.0000002737371
3.125	10.0000003637632
3.125	10.0000003752579
3.75	10.000000501461
3.75	10.0000005169185
4.375	10.0000006903795
4.375	10.0000007108462
5	10.0000009459839
5	10.0000009727474
5.625	10.000001287982
5.625	10.0000013225977
6.25	10.0000017411107
6.25	10.000001785424
6.875	10.0000023360007
6.875	10.0000023921641
7.5	10.000003110098
7.5	10.000003180578
8.125	10.0000041086048
8.125	10.0000041961753
8.75	10.0000053853942
8.75	10.0000054931113
9.375	10.0000070038371
9.375	10.0000071349914
10	10.0000090374672
10	10.0000091955095
10.625	10.0000115703992
10.625	10.0000117588341
11.25	10.0000146974
11.25	10.0000149196479
11.875	10.0000185235119
11.875	10.0000187827352
12.5	10.0000231631198
12.5	10.0000234620163
13.125	10.0000287383637
13.125	10.0000290789306
13.75	10.0000353768082
13.75	10.000035760083
14.375	10.0000432083068
14.375	10.0000436340955
15	10.0000523610304
15	10.0000528276369
15.625	10.0000629566756
15.625	10.0000634606467
16.25	10.0000751049156
16.25	10.0000756408225
16.875	10.0000888972198
16.875	10.0000894574959
17.5	10.0001044002332
17.5	10.0001049750885
18.125	10.0001216489685
18.125	10.0001222264021
18.75	10.0001406401249
18.75	10.0001412060487
19.375	10.0001613258862
19.375	10.0001618643745
20	10.0001836085927
20	10.0001841022636
20.625	10.0002073366919
20.625	10.0002077672178
21.25	10.0002323023597
21.25	10.0002326510962
21.875	10.000258241139
21.875	10.0002584898514
22.5	10.0002848338718
22.5	10.0002849655298
23.125	10.0003117111058
23.125	10.0003117107104
23.75	10.0003384600352
23.75	10.000338315432
24.375	10.0003646338921
24.375	10.0003643365249
25	10.0003897635628
25	10.0003893091197
25.625	10.0004133710564
25.625	10.0004127599621
26.25	10.0004349843114
26.25	10.0004342220225
26.875	10.0004541526998
26.875	10.0004532497814
27.5	10.0004704625471
27.5	10.0004694345208
28.125	10.0004835519788
28.125	10.000482418921
28.75	10.0004931242997
28.75	10.000491910178
29.375	10.0004989590754
29.375	10.0004976908789
30	10.0005009203641
30	10.0004996271345
30.625	10.0004989619493
30.625	10.0004976737478
31.25	10.0004931294174
31.25	10.0004918761867
31.875	10.0004835586693
31.875	10.0004823690147
32.5	10.000470470623
32.5	10.000469370658
33.125	10.000454162484
33.125	10.0004531748756
33.75	10.0004349963594
33.75	10.0004341396009
34.375	10.0004133859318
34.375	10.0004126738185
35	10.0003897817611
35	10.0003892230709
35.625	10.0003646558383
35.625	10.0003642542422
36.25	10.0003384861205
36.25	10.0003382403308
36.875	10.0003117417832
36.875	10.0003116459155
37.5	10.0002848698224
37.5	10.0002849139375
38.125	10.0002582835176
38.125	10.0002584542979
38.75	10.0002323531274
38.75	10.0002326346424
39.375	10.0002073990517
39.375	10.0002077735648
40	10.0001836875463
40	10.0001841363165
40.625	10.0001614289418
40.625	10.0001619329775
41.25	10.0001407781915
41.25	10.0001413189227
41.875	10.0001218374847
41.875	10.0001223973285
42.5	10.0001046605908
42.5	10.000105223392
43.125	10.0000892585547
43.125	10.0000898098947
43.75	10.0000756063475
43.75	10.0000761337225
44.375	10.0000636500864
44.375	10.0000641429658
45	10.0000533144721
45	10.0000537642538
45.625	10.0000445101318
45.625	10.0000449100148
46.25	10.0000371406071
46.25	10.00003748541
46.875	10.0000311087791
46.875	10.0000313947419
47.5	10.0000263225765
47.5	10.0000265472076
48.125	10.0000226998461
48.125	10.0000228619481
48.75	10.0000201722728
48.75	10.0000202724886
49.375	10.0000186881643
49.375	10.000018730993
50	10.000018213647
50	10.000018213647
50.625	10.000018730993
50.625	10.0000186881643
51.25	10.0000202724885
51.25	10.0000201722728
51.875	10.0000228619481
51.875	10.0000226998461
52.5	10.0000265472076
52.5	10.0000263225765
53.125	10.0000313947419
53.125	10.0000311087791
53.75	10.00003748541
53.75	10.0000371406071
54.375	10.0000449100148
54.375	10.0000445101318
55	10.0000537642538
55	10.0000533144721
55.625	10.0000641429658
55.625	10.0000636500864
56.25	10.0000761337224
56.25	10.0000756063475
56.875	10.0000898098947
56.875	10.0000892585547
57.5	10.000105223392
57.5	10.0001046605908
58.125	10.0001223973284
58.125	10.0001218374848
58.75	10.0001413189227
58.75	10.0001407781915
59.375	10.0001619329774
59.375	10.0001614289418
60	10.0001841363165
60	10.0001836875463
60.625	10.0002077735648
60.625	10.0002073990517
61.25	10.0002326346424
61.25	10.0002323531274
61.875	10.0002584542979
61.875	10.0002582835176
62.5	10.0002849139375
62.5	10.0002848698224
63.125	10.0003116459155
63.125	10.0003117417832
63.75	10.0003382403308
63.75	10.0003384861205
64.375	10.0003642542422
64.375	10.0003646558383
65	10.0003892230709
65	10.0003897817611
65.625	10.0004126738185
65.625	10.0004133859318
66.25	10.0004341396009
66.25	10.0004349963594
66.875	10.0004531748755
66.875	10.000454162484
67.5	10.0004693706579
67.5	10.0004704706231
68.125	10.0004823690146
68.125	10.0004835586694
68.75	10.0004918761866
68.75	10.0004931294175
69.375	10.0004976737477
69.375	10.0004989619494
70	10.0004996271344
70	10.0005009203642
70.625	10.0004976908788
70.625	10.0004989590755
71.25	10.0004919101779
71.25	10.0004931242998
71.875	10.0004824189209
71.875	10.0004835519789
72.5	10.0004694345207
72.5	10.0004704625472
73.125	10.0004532497814
73.125	10.0004541526998
73.75	10.0004342220225
73.75	10.0004349843115
74.375	10.000412759962
74.375	10.0004133710564
75	10.0003893091197
75	10.0003897635628
75.625	10.0003643365249
75.625	10.0003646338921
76.25	10.000338315432
76.25	10.0003384600352
76.875	10.0003117107104
76.875	10.0003117111058
77.5	10.0002849655298
77.5	10.0002848338718
78.125	10.0002584898514
78.125	10.000258241139
78.75	10.0002326510962
78.75	10.0002323023597
79.375	10.0002077672178
79.375	10.0002073366919
80	10.0001841022636
80	10.0001836085927
80.625	10.0001618643745
80.625	10.0001613258862
81.25	10.0001412060487
81.25	10.0001406401249
81.875	10.0001222264021
81.875	10.0001216489685
82.5	10.0001049750885
82.5	10.0001044002332
83.125	10.0000894574959
83.125	10.0000888972199
83.75	10.0000756408225
83.75	10.0000751049156
84.375	10.0000634606467
84.375	10.0000629566756
85	10.0000528276368
85	10.0000523610304
85.625	10.0000436340955
85.625	10.0000432083068
86.25	10.000035760083
86.25	10.0000353768082
86.875	10.0000290789306
86.875	10.0000287383637
87.5	10.0000234620163
87.5	10.0000231631198
88.125	10.0000187827352
88.125	10.0000185235119
88.75	10.0000149196479
88.75	10.0000146974
89.375	10.0000117588342
89.375	10.0000115703992
90	10.0000091955095
90	10.0000090374672
90.625	10.0000071349915
90.625	10.0000070038371
91.25	10.0000054931113
91.25	10.0000053853943
91.875	10.0000041961753
91.875	10.0000041086048
92.5	10.000003180578
92.5	10.000003110098
93.125	10.0000023921641
93.125	10.0000023360007
93.75	10.000001785424
93.75	10.0000017411107
94.375	10.0000013225977
94.375	10.000001287982
95	10.0000009727474
95	10.0000009459839
95.625	10.0000007108461
95.625	10.0000006903795
96.25	10.0000005169185
96.25	10.000000501461
96.875	10.0000003752579
96.875	10.0000003637632
97.5	10.0000002737371
97.5	10.0000002653742
98.125	10.0000002032215
98.125	10.0000001973494
98.75	10.0000001570886
98.75	10.0000001532345
99.375	10.0000001308557
99.375	10.0000001286971
100	10.000000121915
0	-6.07996814020828e-09
0.625	-4.59423714043317e-07
0.625	-4.68374350627221e-07
1.25	-9.82335327231938e-07
1.25	-9.86004349215356e-07
1.875	-1.61910016959154e-06
1.875	-1.61820264990334e-06
2.5	-2.43861594905561e-06
2.5	-2.4334901891052e-06
3.125	-3.52406130969027e-06
3.125	-3.51473264193674e-06
3.75	-4.97846770698133e-06
3.75	-4.96469900402489e-06
4.375	-6.93091820661109e-06
4.375	-6.91225126865897e-06
5	-9.54346387879916e-06
5	-9.51925585741258e-06
5.625	-1.30187982585993e-05
5.625	-1.29882572291534e-05
6.25	-1.76086655901598e-05
6.25	-1.75708891456451e-05
6.875	-2.36228951271185e-05
6.875	-2.35769153817575e-05
7.5	-3.14388556774548e-05
7.5	-3.13836935298845e-05
8.125	-4.15110071486801e-05
8.125	-4.14457381269431e-05
8.75	-5.43800994313032e-05
8.75	-5.43039324778265e-05
9.375	-7.06814293037795e-05
9.375	-7.05937984809372e-05
10	-9.115143005935e-05
10	-9.105209781804e-05
10.625	-0.000116631739116504
10.625	-0.000116520908236755
11.25	-0.000148069783824515
11.25	-0.000147948213299968
11.875	-0.000186514856999564
11.875	-0.000186383974903643
12.5	-0.000233108639274783
12.5	-0.000232970644821458
13.125	-0.000289069180574793
13.125	-0.000288927125071797
13.75	-0.000355667488284172
13.75	-0.000355525324386991
14.375	-0.000434196104112135
14.375	-0.000434058691649623
15	-0.000525929393410477
15	-0.000525802453279233
15.625	-0.000632075701348788
15.625	-0.000631965708630557
16.25	-0.000753722038562952
16.25	-0.000753636046580138
16.875	-0.000891772551438403
16.875	-0.000891717944309672
17.5	-0.00104688268868722
17.5	-0.00104686686917314
18.125	-0.00121939160682207
18.125	-0.00121942162926704
18.75	-0.00140925590168323
18.75	-0.00140933806051028
19.375	-0.00161598821154105
19.375	-0.00161612760385105
20	-0.00183860458321396
20	-0.00183880467306183
20.625	-0.00207558462084155
20.625	-0.00207584683714048
21.25	-0.00232484828302767
21.25	-0.00232517168074112
21.875	-0.00258375275216924
21.875	-0.0025841337652849
22.5	-0.00284911210148068
22.5	-0.00284954441615172
23.125	-0.00311724152518308
23.125	-0.00311771609650895
23.75	-0.00338402668885282
23.75	-0.0033845319151375
24.375	-0.00364501736404659
24.375	-0.00364553941904068
25	-0.00389554307135312
25	-0.00389606639268457
25.625	-0.00413084702911691
25.625	-0.00413135495211159
26.25	-0.00434623326340139
26.25	-0.00434670874665273
26.875	-0.00453722057489387
26.875	-0.00453764695766069
27.5	-0.00469969663848708
27.5	-0.00470005845430628
28.125	-0.0048300652576078
28.125	-0.00483034911223481
28.75	-0.00492537886577125
28.75	-0.00492557417855822
29.375	-0.00498344827422623
29.375	-0.0049835476696941
30	-0.00500292448395035
30	-0.00500292399313699
30.625	-0.00498335072527302
30.625	-0.00498325010783991
31.25	-0.00492518269748688
31.25	-0.00492498576285257
31.875	-0.00482977317795999
31.875	-0.00482948767742466
32.5	-0.0046993192399562
32.5	-0.00469895625752754
33.125	-0.00453677584639292
33.125	-0.00453634903417786
33.75	-0.00434574302264535
33.75	-0.00434526792247318
34.375	-0.00413033342805768
34.375	-0.00412982681571853
35	-0.00389502615364259
35	-0.00389450530669758
35.625	-0.00364451307785323
35.625	-0.00364399500930872
36.25	-0.00338354498441427
36.25	-0.00338304574368763
36.875	-0.00311678458594965
36.875	-0.00311631868940093
37.5	-0.002848672674967
37.5	-0.00284825269142007
38.125	-0.00258331238867927
38.125	-0.00258294869472409
38.75	-0.00232437522549661
38.75	-0.00232407593934718
39.375	-0.00207503102570867
39.375	-0.00207480212039444
40	-0.00183790267859693
40	-0.00183774826476321
40.625	-0.00161504492994965
40.625	-0.00161496768545019
41.25	-0.00140794544511934
41.25	-0.00140794716290443
41.875	-0.00121754534074321
41.875	-0.00121762756704264
42.5	-0.0010442757073124
42.5	-0.00104444043844462
43.125	-0.000888106195801192
43.125	-0.000888356593495688
43.75	-0.000748601580877209
43.75	-0.000748942666669783
44.375	-0.0006249823615426
44.375	-0.000625421655176963
45	-0.000516185822509201
45	-0.000516733885606894
45.625	-0.000420924477139719
45.625	-0.000421595310093219
46.25	-0.00033773943018907
46.25	-0.000338550640927064
46.875	-0.000265046919834573
46.875	-0.000266019498814476
47.5	-0.000201177063093984
47.5	-0.000202334349144918
48.125	-0.000144404650999902
48.125	-0.000145769345019587
48.75	-9.29728316644555e-05
48.75	-9.45588064084063e-05
49.375	-4.51120892363761e-05
49.375	-4.69016275007239e-05
50	9.39700124338955e-07
50	-9.39700017625021e-07
50.625	4.69016274655571e-05
50.625	4.5112089243653e-05
51.25	9.4558806406588e-05
51.25	9.29728316189809e-05
51.875	0.000145769345066881
51.875	0.000144404650997477
52.5	0.000202334349160683
52.5	0.000201177063065484
53.125	0.000266019498871468
53.125	0.000265046919806986
53.75	0.000338550640943134
53.75	0.000337739430114492
54.375	0.000421595310138693
54.375	0.000420924477051196
55	0.000516733885654795
55	0.000516185822377331
55.625	0.000625421655199708
55.625	0.000624982361343412
56.25	0.000748942666792557
56.25	0.000748601580715622
56.875	0.000888356593530552
56.875	0.000888106195537136
57.5	0.00104444043844613
57.5	0.00104427570703045
58.125	0.00121762756716997
58.125	0.00121754534054918
58.75	0.00140794716308693
58.75	0.00140794544499202
59.375	0.00161496768565938
59.375	0.0016150449298684
60	0.00183774826492752
60	0.00183790267854297
60.625	0.00207480212047144
60.625	0.00207503102561469
61.25	0.00232407593943873
61.25	0.00232437522548206
61.875	0.00258294869476593
61.875	0.00258331238864137
62.5	0.00284825269145857
62.5	0.00284867267498186
63.125	0.00311631868941214
63.125	0.0031167845859439
63.75	0.00338304574361275
63.75	0.00338354498433999
64.375	0.00364399500934359
64.375	0.00364451307779835
65	0.00389450530691373
65	0.00389502615361985
65.625	0.00412982681592317
65.625	0.00413033342786214
66.25	0.00434526792270146
66.25	0.00434574302229277
66.875	0.00453634903442373
66.875	0.00453677584583449
67.5	0.00469895625804231
67.5	0.00469931923945204
68.125	0.00482948767807919
68.125	0.00482977317734942
68.75	0.00492498576366081
68.75	0.00492518269685205
69.375	0.00498325010863845
69.375	0.00498335072444478
70	0.00500292399400586
70	0.00500292448319335
70.625	0.0049835476706033
70.625	0.00498344827347772
71.25	0.0049255741793504
71.25	0.00492537886494452
71.875	0.00483034911291239
71.875	0.00483006525691718
72.5	0.00470005845492171
72.5	0.00469969663790197
73.125	0.004537646958207
73.125	0.00453722057445519
73.75	0.00434670874707261
73.75	0.00434623326306305
74.375	0.00413135495238626
74.375	0.00413084702883436
75	0.00389606639280584
75	0.00389554307119002
75.625	0.00364553941920135
75.625	0.00364501736404356
76.25	0.00338453191524543
76.25	0.00338402668884342
76.875	0.00311771609658868
76.875	0.00311724152526312
77.5	0.00284954441614081
77.5	0.00284911210145885
78.125	0.00258413376522124
78.125	0.00258375275208102
78.75	0.00232517168073657
78.75	0.00232484828295885
79.375	0.00207584683716625
79.375	0.00207558462071634
80	0.00183880467308942
80	0.00183860458309754
80.625	0.00161612760399839
80.625	0.00161598821144767
81.25	0.00140933806070794
81.25	0.00140925590154893
81.875	0.0012194216294456
81.875	0.00121939160666806
82.5	0.00104686686934474
82.5	0.00104688268853836
83.125	0.000891717944437304
83.125	0.000891772551276817
83.75	0.000753636046729598
83.75	0.000753722038405003
84.375	0.000631965708778198
84.375	0.000632075701174772
85	0.000525802453343504
85	0.000525929393214935
85.625	0.000434058691823336
85.625	0.000434196104090913
86.25	0.000355525324534936
86.25	0.000355667488255068
86.875	0.000288927125153652
86.875	0.000289069180488088
87.5	0.000232970644822064
87.5	0.000233108639174436
88.125	0.000186383974923349
88.125	0.00018651485690619
88.75	0.000147948213312095
88.75	0.000148069783785103
89.375	0.000116520908219172
89.375	0.000116631739062843
90	9.10520978171305e-05
90	9.11514300423727e-05
90.625	7.05937984985208e-05
90.625	7.06814293059017e-05
91.25	5.43039325472513e-05
91.25	5.43800994728368e-05
91.875	4.14457381593818e-05
91.875	4.15110072193175e-05
92.5	3.13836935132104e-05
92.5	3.14388556923099e-05
93.125	2.35769154111644e-05
93.125	2.36228951437926e-05
93.75	1.75708890950165e-05
93.75	1.76086655440788e-05
94.375	1.2988257239461e-05
94.375	1.30187982843683e-05
95	9.51925583406889e-06
95	9.54346385757762e-06
95.625	6.91225123288551e-06
95.625	6.93091813658e-06
96.25	4.96469895218369e-06
96.25	4.97846764756101e-06
96.875	3.51473265891397e-06
96.875	3.52406134030993e-06
97.5	2.43349028884645e-06
97.5	2.43861605031269e-06
98.125	1.61820265839195e-06
98.125	1.6191001811118e-06
98.75	9.86004386201474e-07
98.75	9.82335404842153e-07
99.375	4.68374342744934e-07
99.375	4.59423697672412e-07
100	6.08002089090103e-09
