2	0
160
0	10.0000001169701
1.25	10.0000001397455
1.25	10.0000001553704
2.5	10.0000002425516
2.5	10.000000274903
3.75	10.0000004626714
3.75	10.000000521833
5	10.0000008815361
5	10.0000009837101
6.25	10.0000016374588
6.25	10.0000018065866
7.5	10.0000029493171
7.5	10.0000032184561
8.75	10.0000051452824
8.75	10.000005557015
10	10.000008692703
10	10.0000092976172
11.25	10.0000142221708
11.25	10.0000150743671
12.5	10.0000225354759
12.5	10.0000236842606
13.75	10.0000345846712
13.75	10.0000360622327
15	10.0000514093129
15	10.0000532152585
16.25	10.0000740225812
16.25	10.000076107658
17.5	10.0001032455647
17.5	10.0001054983654
18.75	10.0001395023206
18.75	10.0001417436754
20	10.0001826039802
20	10.0001845935356
21.25	10.0002315642057
21.25	10.0002330220753
22.5	10.0002844960127
22.5	10.0002851392832
23.75	10.0003386364037
23.75	10.0003382260095
25	10.0003905268153
25	10.0003889163444
26.25	10.0004363472827
26.25	10.0004335234228
27.5	10.0004723685606
27.5	10.0004684722059
28.75	10.000495450087
28.75	10.0004907692983
30	10.0005034860454
30	10.0004984213412
31.25	10.000495715749
31.25	10.0004907258243
32.5	10.0004728475229
32.5	10.0004683823805
33.75	10.0004369621831
33.75	10.0004333940171
35	10.0003911992295
35	10.0003887691058
36.25	10.0003392966387
36.25	10.0003380901118
37.5	10.0002850895276
37.5	10.0002850416689
38.75	10.0002320589339
38.75	10.0002329827314
40	10.0001829968992
40	10.000184626672
41.25	10.000139826406
41.25	10.0001418658553
42.5	10.0001035803703
42.5	10.0001057452046
43.75	10.0000745128881
43.75	10.0000765611594
45	10.0000522973942
45	10.0000540452807
46.25	10.0000362619177
46.25	10.0000375874332
47.5	10.0000256182274
47.5	10.0000264598855
48.75	10.0000196535229
48.75	10.0000200170875
50	10.000017864423
50	10.0000178644229
51.25	10.0000200170876
51.25	10.0000196535229
52.5	10.0000264598855
52.5	10.0000256182273
53.75	10.0000375874331
53.75	10.0000362619177
55	10.0000540452805
55	10.0000522973942
56.25	10.0000765611591
56.25	10.0000745128882
57.5	10.0001057452044
57.5	10.0001035803705
58.75	10.0001418658551
58.75	10.0001398264062
60	10.0001846266718
60	10.0001829968994
61.25	10.0002329827314
61.25	10.000232058934
62.5	10.0002850416689
62.5	10.0002850895277
63.75	10.0003380901118
63.75	10.0003392966388
65	10.0003887691058
65	10.0003911992298
66.25	10.0004333940169
66.25	10.0004369621836
67.5	10.0004683823799
67.5	10.0004728475238
68.75	10.0004907258233
68.75	10.0004957157502
70	10.0004984213399
70	10.0005034860466
71.25	10.000490769297
71.25	10.0004954500882
72.5	10.0004684722048
72.5	10.0004723685615
73.75	10.000433523422
73.75	10.0004363472832
75	10.0003889163439
75	10.0003905268155
76.25	10.0003382260094
76.25	10.0003386364037
77.5	10.0002851392831
77.5	10.0002844960127
78.75	10.0002330220752
78.75	10.0002315642058
80	10.0001845935355
80	10.0001826039803
81.25	10.0001417436752
81.25	10.0001395023209
82.5	10.0001054983651
82.5	10.0001032455649
83.75	10.0000761076577
83.75	10.0000740225814
85	10.0000532152583
85	10.0000514093131
86.25	10.0000360622326
86.25	10.0000345846713
87.5	10.0000236842605
87.5	10.000022535476
88.75	10.000015074367
88.75	10.0000142221708
90	10.0000092976172
90	10.000008692703
91.25	10.000005557015
91.25	10.0000051452824
92.5	10.000003218456
92.5	10.0000029493171
93.75	10.0000018065866
93.75	10.0000016374588
95	10.0000009837101
95	10.0000008815361
96.25	10.000000521833
96.25	10.0000004626714
97.5	10.000000274903
97.5	10.0000002425516
98.75	10.0000001553704
98.75	10.0000001397455
100	10.0000001169701
0	-2.61091948535368e-09
1.25	-9.32778646832344e-07
1.25	-9.11813094565628e-07
2.5	-2.33881456809587e-06
2.5	-2.27096573644301e-06
3.75	-4.80385336823016e-06
3.75	-4.67788259569106e-06
5	-9.25817910259253e-06
5	-9.05339887306879e-06
6.25	-1.71646093511601e-05
6.25	-1.68533005865658e-05
7.5	-3.07765697719634e-05
7.5	-3.03278114717309e-05
8.75	-5.34324982201418e-05
8.75	-5.28185709176793e-05
10	-8.98512484022826e-05
10	-8.90572520928188e-05
11.25	-0.000146361055280824
11.25	-0.00014539738769478
12.5	-0.000230961462899964
12.5	-0.000229877375424165
13.75	-0.000353094218160093
13.75	-0.000351989122870235
15	-0.000522999416931723
15	-0.000522027306811042
16.25	-0.00075057125730139
16.25	-0.000749933216881645
17.5	-0.00104371390389663
17.5	-0.00104363522021897
18.75	-0.00140632850966661
18.75	-0.0014070203364519
20	-0.00183621364518254
20	-0.00183782376922181
21.25	-0.0023232947308711
21.25	-0.00232585697094085
22.5	-0.00284866766876378
22.5	-0.00285206364517322
23.75	-0.00338490008468412
23.75	-0.00338884728565562
25	-0.00389784944722713
25	-0.00390192322203316
26.25	-0.00434996737771658
26.25	-0.00435365918518966
27.5	-0.00470472938127552
27.5	-0.0047075370034522
28.75	-0.00493147533675754
28.75	-0.00493299865437649
30	-0.00500972824595403
30	-0.00500973976525967
31.25	-0.00493219829383253
31.25	-0.00493068816824839
32.5	-0.00470595585097513
32.5	-0.00470314789652228
33.75	-0.00435144486848592
33.75	-0.00434775589490344
35	-0.00389941319941862
35	-0.00389536162140574
36.25	-0.00338644831856617
36.25	-0.00338255557238501
37.5	-0.00285010097537344
37.5	-0.00284681306100613
38.75	-0.00232446995226548
38.75	-0.00232210745880501
40	-0.00183689085977265
40	-0.00183563511702837
41.25	-0.00140609103625471
41.25	-0.0014060077380856
42.5	-0.00104183595392001
42.5	-0.00104292657932151
43.75	-0.000745793825016925
43.75	-0.000748058335292006
45	-0.000513166335556271
45	-0.000516657001621897
46.25	-0.000334595495441282
46.25	-0.000339437513169887
47.5	-0.00019793806759177
47.5	-0.000204278529583151
48.75	-8.96565176532593e-05
48.75	-9.74575102897346e-05
50	4.22848490355431e-06
50	-4.22848438392974e-06
51.25	9.74575096279261e-05
51.25	8.96565179418736e-05
52.5	0.000204278529254219
52.5	0.000197938067334985
53.75	0.000339437512939477
53.75	0.000334595494386415
55	0.000516657001759377
55	0.000513166333744858
56.25	0.000748058335938957
56.25	0.000745793822516727
57.5	0.00104292658074305
57.5	0.00104183595128899
58.75	0.00140600774013939
58.75	0.00140609103410329
60	0.00183563511927346
60	0.00183689085864594
61.25	0.00232210746067236
61.25	0.00232446995224471
62.5	0.00284681306216588
62.5	0.00285010097595461
63.75	0.00338255557305439
63.75	0.00338644831857556
65	0.00389536162249471
65	0.00389941319726827
66.25	0.00434775589795359
66.25	0.00435144486303548
67.5	0.0047031479028034
67.5	0.00470595584195143
68.75	0.00493068817789753
68.75	0.00493219828199712
70	0.00500973977740946
70	0.0050097282333066
71.25	0.00493299866695845
71.25	0.00493147532543737
72.5	0.00470753701446103
72.5	0.00470472937300624
73.75	0.00435365919288292
73.75	0.00434996737282213
75	0.00390192322626276
75	0.00389784944521912
76.25	0.00338884728719373
76.25	0.00338490008417723
77.5	0.0028520636454967
77.5	0.00284866766855565
78.75	0.00232585697124568
78.75	0.00232329472995539
80	0.00183782377027151
80	0.001836213643421
81.25	0.00140702033839018
81.25	0.00140632850732269
82.5	0.00104363522257805
82.5	0.00104371390129351
83.75	0.000749933219280741
83.75	0.000750571254983845
85	0.000522027308931833
85	0.000522999415137593
86.25	0.000351989124535823
86.25	0.000353094216950768
87.5	0.000229877376531324
87.5	0.000230961462121739
88.75	0.00014539738843814
88.75	0.00014636105487519
90	8.90572525512041e-05
90	8.98512482123497e-05
91.25	5.2818571147933e-05
91.25	5.34324981140341e-05
92.5	3.03278115384271e-05
92.5	3.07765696754054e-05
93.75	1.68533006073326e-05
93.75	1.71646093008347e-05
95	9.05339889186501e-06
95	9.25817912442041e-06
96.25	4.67788266663165e-06
96.25	4.80385340612577e-06
97.5	2.27096571158349e-06
97.5	2.33881454869332e-06
98.75	9.11813075163075e-07
98.75	9.32778609543062e-07
100	2.61087310112381e-09
