2	0
80
0	10.0000000976382
2.5	10.0000001439375
2.5	10.0000002782652
5	10.0000006146096
5	10.0000010159305
7.5	10.0000023045211
7.5	10.0000033361526
10	10.0000073636372
10	10.0000096454407
12.5	10.000020220775
12.5	10.0000245094561
15	10.0000480495481
15	10.0000547628838
17.5	10.0000993048208
17.5	10.0001077237497
20	10.0001791878896
20	10.0001868372608
22.5	10.0002831085709
22.5	10.0002861421739
25	10.0003924456259
25	10.0003874661678
27.5	10.0004779555581
27.5	10.000464423135
30	10.0005117765752
30	10.0004931280834
32.5	10.0004815881635
32.5	10.0004639250873
35	10.0003976774354
35	10.0003866105006
37.5	10.0002876303518
37.5	10.0002853099499
40	10.0001818417524
40	10.0001863584761
42.5	10.0001003220952
42.5	10.0001075752717
45	10.0000487376097
45	10.0000548976665
47.5	10.0000229730253
47.5	10.0000259707819
50	10.0000165548275
50	10.0000165548259
52.5	10.000025970783
52.5	10.0000229730238
55	10.0000548976662
55	10.0000487376099
57.5	10.0001075752705
57.5	10.0001003220971
60	10.0001863584749
60	10.0001818417541
62.5	10.00028530995
62.5	10.0002876303527
65	10.0003866105004
65	10.0003976774405
67.5	10.0004639250809
67.5	10.0004815881772
70	10.0004931280683
70	10.0005117765921
72.5	10.0004644231185
72.5	10.0004779555688
75	10.0003874661587
75	10.0003924456289
77.5	10.0002861421717
77.5	10.0002831085719
80	10.0001868372597
80	10.0001791878922
82.5	10.0001077237468
82.5	10.0000993048242
85	10.0000547628805
85	10.0000480495505
87.5	10.0000245094539
87.5	10.0000202207762
90	10.0000096454397
90	10.0000073636376
92.5	10.0000033361523
92.5	10.0000023045213
95	10.0000010159304
95	10.0000006146097
97.5	10.0000002782652
97.5	10.0000001439375
100	10.0000000976382
0	1.62727733822975e-07
2.5	-1.89651447544746e-06
2.5	-1.15995670770037e-06
5	-7.92296896482482e-06
5	-6.08929567738409e-06
7.5	-2.77459062151591e-05
7.5	-2.39904009855155e-05
10	-8.42476622716119e-05
10	-7.79816453837909e-05
12.5	-0.000222578687326933
12.5	-0.000214560143415155
15	-0.000513131524279968
15	-0.000506652661105967
17.5	-0.00103513084632701
17.5	-0.00103583901650752
20	-0.00183179567934128
20	-0.00184483286975515
22.5	-0.0028496727902872
22.5	-0.00287491509391194
25	-0.00390362745420944
25	-0.00393284768708272
27.5	-0.00471478941163505
27.5	-0.00473480240071223
30	-0.00502483277088124
30	-0.00502542245709452
32.5	-0.00472524140100456
32.5	-0.00470609249950969
35	-0.00391801322293697
35	-0.00388959225967959
37.5	-0.00286215615196782
37.5	-0.00283896962009838
40	-0.00183998722824206
40	-0.0018319017202237
42.5	-0.00103711305264307
42.5	-0.00104652156811781
45	-0.000502991533947264
45	-0.000527835309391691
47.5	-0.000183976297135278
47.5	-0.000220978350301866
50	2.09581922643644e-05
50	-2.0958193078439e-05
52.5	0.000220978318287122
52.5	0.000183976289786257
55	0.000527835299495629
55	0.000502991519430972
57.5	0.00104652158287724
57.5	0.00103711303709928
60	0.00183190174894001
60	0.00183998722947003
62.5	0.00283896963662632
62.5	0.00286215616062735
65	0.00388959226835412
65	0.00391801317821393
67.5	0.00470609256316249
67.5	0.00472524126359075
70	0.00502542260718382
70	0.00502483260099778
72.5	0.00473480256534775
72.5	0.00471478930474934
75	0.00393284777853552
75	0.00390362742456575
77.5	0.0028749151156215
77.5	0.00284967278089273
80	0.0018448328811781
80	0.0018317956532597
82.5	0.00103583904532259
82.5	0.00103513081239718
85	0.000506652694213166
85	0.00051313149956551
87.5	0.000214560165752951
87.5	0.000222578675144858
90	7.79816557781028e-05
90	8.42476578084941e-05
92.5	2.39904046209932e-05
92.5	2.77459048428074e-05
95	6.08929671974082e-06
95	7.92296867143699e-06
97.5	1.15995700957682e-06
97.5	1.89651442474313e-06
100	-1.62727730867117e-07
