swe.160
1.1
0
161
0
0.625
1.25
1.875
2.5
3.125
3.75
4.375
5
5.625
6.25
6.875
7.5
8.125
8.75
9.375
10
10.625
11.25
11.875
12.5
13.125
13.75
14.375
15
15.625
16.25
16.875
17.5
18.125
18.75
19.375
20
20.625
21.25
21.875
22.5
23.125
23.75
24.375
25
25.625
26.25
26.875
27.5
28.125
28.75
29.375
30
30.625
31.25
31.875
32.5
33.125
33.75
34.375
35
35.625
36.25
36.875
37.5
38.125
38.75
39.375
40
40.625
41.25
41.875
42.5
43.125
43.75
44.375
45
45.625
46.25
46.875
47.5
48.125
48.75
49.375
50
50.625
51.25
51.875
52.5
53.125
53.75
54.375
55
55.625
56.25
56.875
57.5
58.125
58.75
59.375
60
60.625
61.25
61.875
62.5
63.125
63.75
64.375
65
65.625
66.25
66.875
67.5
68.125
68.75
69.375
70
70.625
71.25
71.875
72.5
73.125
73.75
74.375
75
75.625
76.25
76.875
77.5
78.125
78.75
79.375
80
80.625
81.25
81.875
82.5
83.125
83.75
84.375
85
85.625
86.25
86.875
87.5
88.125
88.75
89.375
90
90.625
91.25
91.875
92.5
93.125
93.75
94.375
95
95.625
96.25
96.875
97.5
98.125
98.75
99.375
100
160
1	2
2	3
3	4
4	5
5	6
6	7
7	8
8	9
9	10
10	11
11	12
12	13
13	14
14	15
15	16
16	17
17	18
18	19
19	20
20	21
21	22
22	23
23	24
24	25
25	26
26	27
27	28
28	29
29	30
30	31
31	32
32	33
33	34
34	35
35	36
36	37
37	38
38	39
39	40
40	41
41	42
42	43
43	44
44	45
45	46
46	47
47	48
48	49
49	50
50	51
51	52
52	53
53	54
54	55
55	56
56	57
57	58
58	59
59	60
60	61
61	62
62	63
63	64
64	65
65	66
66	67
67	68
68	69
69	70
70	71
71	72
72	73
73	74
74	75
75	76
76	77
77	78
78	79
79	80
80	81
81	82
82	83
83	84
84	85
85	86
86	87
87	88
88	89
89	90
90	91
91	92
92	93
93	94
94	95
95	96
96	97
97	98
98	99
99	100
100	101
101	102
102	103
103	104
104	105
105	106
106	107
107	108
108	109
109	110
110	111
111	112
112	113
113	114
114	115
115	116
116	117
117	118
118	119
119	120
120	121
121	122
122	123
123	124
124	125
125	126
126	127
127	128
128	129
129	130
130	131
131	132
132	133
133	134
134	135
135	136
136	137
137	138
138	139
139	140
140	141
141	142
142	143
143	144
144	145
145	146
146	147
147	148
148	149
149	150
150	151
151	152
152	153
153	154
154	155
155	156
156	157
157	158
158	159
159	160
160	161
2
1	1
161	1
