3	0
160
0	10
1.25	10
1.25	10
2.5	10
2.5	10
3.75	10
3.75	10
5	10
5	10
6.25	10
6.25	10
7.5	10
7.5	10
8.75	10
8.75	10
10	10
10	10
11.25	10
11.25	10
12.5	10
12.5	10
13.75	10
13.75	10
15	10
15	10
16.25	10
16.25	10
17.5	10
17.5	10
18.75	10
18.75	10
20	10
20	10
21.25	10
21.25	10
22.5	10
22.5	10
23.75	10
23.75	10
25	10
25	10
26.25	10
26.25	10
27.5	10
27.5	10
28.75	10
28.75	10
30	10
30	10
31.25	10
31.25	10
32.5	10
32.5	10
33.75	10
33.75	10
35	10
35	10
36.25	10
36.25	10
37.5	10
37.5	10
38.75	10
38.75	10
40	10
40	10
41.25	9.80490967798387
41.25	9.80490967798387
42.5	9.61731656763491
42.5	9.61731656763491
43.75	9.4444297669804
43.75	9.4444297669804
45	9.29289321881345
45	9.29289321881345
46.25	9.16853038769746
46.25	9.16853038769746
47.5	9.07612046748871
47.5	9.07612046748871
48.75	9.01921471959677
48.75	9.01921471959677
50	9
50	9
51.25	9.01921471959677
51.25	9.01921471959677
52.5	9.07612046748871
52.5	9.07612046748871
53.75	9.16853038769746
53.75	9.16853038769746
55	9.29289321881345
55	9.29289321881345
56.25	9.4444297669804
56.25	9.4444297669804
57.5	9.61731656763491
57.5	9.61731656763491
58.75	9.80490967798387
58.75	9.80490967798387
60	10
60	10
61.25	10
61.25	10
62.5	10
62.5	10
63.75	10
63.75	10
65	10
65	10
66.25	10
66.25	10
67.5	10
67.5	10
68.75	10
68.75	10
70	10
70	10
71.25	10
71.25	10
72.5	10
72.5	10
73.75	10
73.75	10
75	10
75	10
76.25	10
76.25	10
77.5	10
77.5	10
78.75	10
78.75	10
80	10
80	10
81.25	10
81.25	10
82.5	10
82.5	10
83.75	10
83.75	10
85	10
85	10
86.25	10
86.25	10
87.5	10
87.5	10
88.75	10
88.75	10
90	10
90	10
91.25	10
91.25	10
92.5	10
92.5	10
93.75	10
93.75	10
95	10
95	10
96.25	10
96.25	10
97.5	10
97.5	10
98.75	10
98.75	10
100	10
0	0
1.25	0
1.25	0
2.5	0
2.5	0
3.75	0
3.75	0
5	0
5	0
6.25	0
6.25	0
7.5	0
7.5	0
8.75	0
8.75	0
10	0
10	0
11.25	0
11.25	0
12.5	0
12.5	0
13.75	0
13.75	0
15	0
15	0
16.25	0
16.25	0
17.5	0
17.5	0
18.75	0
18.75	0
20	0
20	0
21.25	0
21.25	0
22.5	0
22.5	0
23.75	0
23.75	0
25	0
25	0
26.25	0
26.25	0
27.5	0
27.5	0
28.75	0
28.75	0
30	0
30	0
31.25	0
31.25	0
32.5	0
32.5	0
33.75	0
33.75	0
35	0
35	0
36.25	0
36.25	0
37.5	0
37.5	0
38.75	0
38.75	0
40	0
40	0
41.25	0
41.25	0
42.5	0
42.5	0
43.75	0
43.75	0
45	0
45	0
46.25	0
46.25	0
47.5	0
47.5	0
48.75	0
48.75	0
50	0
50	0
51.25	0
51.25	0
52.5	0
52.5	0
53.75	0
53.75	0
55	0
55	0
56.25	0
56.25	0
57.5	0
57.5	0
58.75	0
58.75	0
60	0
60	0
61.25	0
61.25	0
62.5	0
62.5	0
63.75	0
63.75	0
65	0
65	0
66.25	0
66.25	0
67.5	0
67.5	0
68.75	0
68.75	0
70	0
70	0
71.25	0
71.25	0
72.5	0
72.5	0
73.75	0
73.75	0
75	0
75	0
76.25	0
76.25	0
77.5	0
77.5	0
78.75	0
78.75	0
80	0
80	0
81.25	0
81.25	0
82.5	0
82.5	0
83.75	0
83.75	0
85	0
85	0
86.25	0
86.25	0
87.5	0
87.5	0
88.75	0
88.75	0
90	0
90	0
91.25	0
91.25	0
92.5	0
92.5	0
93.75	0
93.75	0
95	0
95	0
96.25	0
96.25	0
97.5	0
97.5	0
98.75	0
98.75	0
100	0
0	0
1.25	0
1.25	0
2.5	0
2.5	0
3.75	0
3.75	0
5	0
5	0
6.25	0
6.25	0
7.5	0
7.5	0
8.75	0
8.75	0
10	0
10	0
11.25	0
11.25	0
12.5	0
12.5	0
13.75	0
13.75	0
15	0
15	0
16.25	0
16.25	0
17.5	0
17.5	0
18.75	0
18.75	0
20	0
20	0
21.25	0
21.25	0
22.5	0
22.5	0
23.75	0
23.75	0
25	0
25	0
26.25	0
26.25	0
27.5	0
27.5	0
28.75	0
28.75	0
30	0
30	0
31.25	0
31.25	0
32.5	0
32.5	0
33.75	0
33.75	0
35	0
35	0
36.25	0
36.25	0
37.5	0
37.5	0
38.75	0
38.75	0
40	-2.44921270764475e-16
40	-2.4980018054066e-16
41.25	0.195090322016128
41.25	0.195090322016128
42.5	0.38268343236509
42.5	0.38268343236509
43.75	0.555570233019602
43.75	0.555570233019602
45	0.707106781186547
45	0.707106781186547
46.25	0.831469612302545
46.25	0.831469612302545
47.5	0.923879532511287
47.5	0.923879532511287
48.75	0.98078528040323
48.75	0.98078528040323
50	1
50	1
51.25	0.980785280403231
51.25	0.980785280403231
52.5	0.923879532511287
52.5	0.923879532511287
53.75	0.831469612302546
53.75	0.831469612302546
55	0.707106781186547
55	0.707106781186547
56.25	0.555570233019602
56.25	0.555570233019602
57.5	0.382683432365091
57.5	0.382683432365091
58.75	0.195090322016128
58.75	0.195090322016128
60	3.60822483003176e-16
60	3.67381906146713e-16
61.25	0
61.25	0
62.5	0
62.5	0
63.75	0
63.75	0
65	0
65	0
66.25	0
66.25	0
67.5	0
67.5	0
68.75	0
68.75	0
70	0
70	0
71.25	0
71.25	0
72.5	0
72.5	0
73.75	0
73.75	0
75	0
75	0
76.25	0
76.25	0
77.5	0
77.5	0
78.75	0
78.75	0
80	0
80	0
81.25	0
81.25	0
82.5	0
82.5	0
83.75	0
83.75	0
85	0
85	0
86.25	0
86.25	0
87.5	0
87.5	0
88.75	0
88.75	0
90	0
90	0
91.25	0
91.25	0
92.5	0
92.5	0
93.75	0
93.75	0
95	0
95	0
96.25	0
96.25	0
97.5	0
97.5	0
98.75	0
98.75	0
100	0
