3	1
80
0	0
2.5	0
2.5	0
5	0
5	0
7.5	0
7.5	0
10	0
10	0
12.5	0
12.5	0
15	0
15	0
17.5	0
17.5	0
20	0
20	0
22.5	0
22.5	0
25	0
25	0
27.5	0
27.5	0
30	0
30	0
32.5	0
32.5	0
35	0
35	0
37.5	0
37.5	0
40	0
40	0
42.5	0
42.5	0
45	0
45	0
47.5	0
47.5	0
50	0
50	0
52.5	0
52.5	0
55	0
55	0
57.5	0
57.5	0
60	0
60	0
62.5	0
62.5	0
65	0
65	0
67.5	0
67.5	0
70	0
70	0
72.5	0
72.5	0
75	0
75	0
77.5	0
77.5	0
80	0
80	0
82.5	0
82.5	0
85	0
85	0
87.5	0
87.5	0
90	0
90	0
92.5	0
92.5	0
95	0
95	0
97.5	0
97.5	0
100	0
0	0
2.5	0
2.5	0
5	0
5	0
7.5	0
7.5	0
10	0
10	0
12.5	0
12.5	0
15	0
15	0
17.5	0
17.5	0
20	0
20	0
22.5	0
22.5	0
25	0
25	0
27.5	0
27.5	0
30	0
30	0
32.5	0
32.5	0
35	0
35	0
37.5	0
37.5	0
40	0
40	0
42.5	0
42.5	0
45	0
45	0
47.5	0
47.5	0
50	0
50	0
52.5	0
52.5	0
55	0
55	0
57.5	0
57.5	0
60	0
60	0
62.5	0
62.5	0
65	0
65	0
67.5	0
67.5	0
70	0
70	0
72.5	0
72.5	0
75	0
75	0
77.5	0
77.5	0
80	0
80	0
82.5	0
82.5	0
85	0
85	0
87.5	0
87.5	0
90	0
90	0
92.5	0
92.5	0
95	0
95	0
97.5	0
97.5	0
100	0
0	0
2.5	0
2.5	0
5	0
5	0
7.5	0
7.5	0
10	0
10	0
12.5	0
12.5	0
15	0
15	0
17.5	0
17.5	0
20	0
20	0
22.5	0
22.5	0
25	0
25	0
27.5	0
27.5	0
30	0
30	0
32.5	0
32.5	0
35	0
35	0
37.5	0
37.5	0
40	0
40	0
42.5	0
42.5	0
45	0
45	0
47.5	0
47.5	0
50	0
50	0
52.5	0
52.5	0
55	0
55	0
57.5	0
57.5	0
60	0
60	0
62.5	0
62.5	0
65	0
65	0
67.5	0
67.5	0
70	0
70	0
72.5	0
72.5	0
75	0
75	0
77.5	0
77.5	0
80	0
80	0
82.5	0
82.5	0
85	0
85	0
87.5	0
87.5	0
90	0
90	0
92.5	0
92.5	0
95	0
95	0
97.5	0
97.5	0
100	0
0	1
2.5	1
2.5	1
5	1
5	1
7.5	1
7.5	1
10	1
10	1
12.5	1
12.5	1
15	1
15	1
17.5	1
17.5	1
20	1
20	1
22.5	1
22.5	1
25	1
25	1
27.5	1
27.5	1
30	1
30	1
32.5	1
32.5	1
35	1
35	1
37.5	1
37.5	1
40	1
40	1
42.5	1
42.5	1
45	1
45	1
47.5	1
47.5	1
50	1
50	1
52.5	1
52.5	1
55	1
55	1
57.5	1
57.5	1
60	1
60	1
62.5	1
62.5	1
65	1
65	1
67.5	1
67.5	1
70	1
70	1
72.5	1
72.5	1
75	1
75	1
77.5	1
77.5	1
80	1
80	1
82.5	1
82.5	1
85	1
85	1
87.5	1
87.5	1
90	1
90	1
92.5	1
92.5	1
95	1
95	1
97.5	1
97.5	1
100	1
