3	0
320
0	10
0.625	10
0.625	10
1.25	10
1.25	10
1.875	10
1.875	10
2.5	10
2.5	10
3.125	10
3.125	10
3.75	10
3.75	10
4.375	10
4.375	10
5	10
5	10
5.625	10
5.625	10
6.25	10
6.25	10
6.875	10
6.875	10
7.5	10
7.5	10
8.125	10
8.125	10
8.75	10
8.75	10
9.375	10
9.375	10
10	10
10	10
10.625	10
10.625	10
11.25	10
11.25	10
11.875	10
11.875	10
12.5	10
12.5	10
13.125	10
13.125	10
13.75	10
13.75	10
14.375	10
14.375	10
15	10
15	10
15.625	10
15.625	10
16.25	10
16.25	10
16.875	10
16.875	10
17.5	10
17.5	10
18.125	10
18.125	10
18.75	10
18.75	10
19.375	10
19.375	10
20	10
20	10
20.625	10
20.625	10
21.25	10
21.25	10
21.875	10
21.875	10
22.5	10
22.5	10
23.125	10
23.125	10
23.75	10
23.75	10
24.375	10
24.375	10
25	10
25	10
25.625	10
25.625	10
26.25	10
26.25	10
26.875	10
26.875	10
27.5	10
27.5	10
28.125	10
28.125	10
28.75	10
28.75	10
29.375	10
29.375	10
30	10
30	10
30.625	10
30.625	10
31.25	10
31.25	10
31.875	10
31.875	10
32.5	10
32.5	10
33.125	10
33.125	10
33.75	10
33.75	10
34.375	10
34.375	10
35	10
35	10
35.625	10
35.625	10
36.25	10
36.25	10
36.875	10
36.875	10
37.5	10
37.5	10
38.125	10
38.125	10
38.75	10
38.75	10
39.375	10
39.375	10
40	10
40	10
40.625	9.90198285967044
40.625	9.90198285967044
41.25	9.80490967798387
41.25	9.80490967798387
41.875	9.70971532274554
41.875	9.70971532274554
42.5	9.61731656763491
42.5	9.61731656763491
43.125	9.528603263174
43.125	9.528603263174
43.75	9.4444297669804
43.75	9.4444297669804
44.375	9.36560671583636
44.375	9.36560671583636
45	9.29289321881345
45	9.29289321881345
45.625	9.22698954663726
45.625	9.22698954663726
46.25	9.16853038769746
46.25	9.16853038769746
46.875	9.11807873565165
46.875	9.11807873565164
47.5	9.07612046748871
47.5	9.07612046748871
48.125	9.04305966426779
48.125	9.04305966426779
48.75	9.01921471959677
48.75	9.01921471959677
49.375	9.0048152733278
49.375	9.0048152733278
50	9
50	9
50.625	9.0048152733278
50.625	9.0048152733278
51.25	9.01921471959677
51.25	9.01921471959677
51.875	9.04305966426779
51.875	9.04305966426779
52.5	9.07612046748871
52.5	9.07612046748871
53.125	9.11807873565164
53.125	9.11807873565165
53.75	9.16853038769746
53.75	9.16853038769746
54.375	9.22698954663726
54.375	9.22698954663726
55	9.29289321881345
55	9.29289321881345
55.625	9.36560671583636
55.625	9.36560671583636
56.25	9.4444297669804
56.25	9.4444297669804
56.875	9.528603263174
56.875	9.528603263174
57.5	9.61731656763491
57.5	9.61731656763491
58.125	9.70971532274554
58.125	9.70971532274554
58.75	9.80490967798387
58.75	9.80490967798387
59.375	9.90198285967044
59.375	9.90198285967044
60	10
60	10
60.625	10
60.625	10
61.25	10
61.25	10
61.875	10
61.875	10
62.5	10
62.5	10
63.125	10
63.125	10
63.75	10
63.75	10
64.375	10
64.375	10
65	10
65	10
65.625	10
65.625	10
66.25	10
66.25	10
66.875	10
66.875	10
67.5	10
67.5	10
68.125	10
68.125	10
68.75	10
68.75	10
69.375	10
69.375	10
70	10
70	10
70.625	10
70.625	10
71.25	10
71.25	10
71.875	10
71.875	10
72.5	10
72.5	10
73.125	10
73.125	10
73.75	10
73.75	10
74.375	10
74.375	10
75	10
75	10
75.625	10
75.625	10
76.25	10
76.25	10
76.875	10
76.875	10
77.5	10
77.5	10
78.125	10
78.125	10
78.75	10
78.75	10
79.375	10
79.375	10
80	10
80	10
80.625	10
80.625	10
81.25	10
81.25	10
81.875	10
81.875	10
82.5	10
82.5	10
83.125	10
83.125	10
83.75	10
83.75	10
84.375	10
84.375	10
85	10
85	10
85.625	10
85.625	10
86.25	10
86.25	10
86.875	10
86.875	10
87.5	10
87.5	10
88.125	10
88.125	10
88.75	10
88.75	10
89.375	10
89.375	10
90	10
90	10
90.625	10
90.625	10
91.25	10
91.25	10
91.875	10
91.875	10
92.5	10
92.5	10
93.125	10
93.125	10
93.75	10
93.75	10
94.375	10
94.375	10
95	10
95	10
95.625	10
95.625	10
96.25	10
96.25	10
96.875	10
96.875	10
97.5	10
97.5	10
98.125	10
98.125	10
98.75	10
98.75	10
99.375	10
99.375	10
100	10
0	0
0.625	0
0.625	0
1.25	0
1.25	0
1.875	0
1.875	0
2.5	0
2.5	0
3.125	0
3.125	0
3.75	0
3.75	0
4.375	0
4.375	0
5	0
5	0
5.625	0
5.625	0
6.25	0
6.25	0
6.875	0
6.875	0
7.5	0
7.5	0
8.125	0
8.125	0
8.75	0
8.75	0
9.375	0
9.375	0
10	0
10	0
10.625	0
10.625	0
11.25	0
11.25	0
11.875	0
11.875	0
12.5	0
12.5	0
13.125	0
13.125	0
13.75	0
13.75	0
14.375	0
14.375	0
15	0
15	0
15.625	0
15.625	0
16.25	0
16.25	0
16.875	0
16.875	0
17.5	0
17.5	0
18.125	0
18.125	0
18.75	0
18.75	0
19.375	0
19.375	0
20	0
20	0
20.625	0
20.625	0
21.25	0
21.25	0
21.875	0
21.875	0
22.5	0
22.5	0
23.125	0
23.125	0
23.75	0
23.75	0
24.375	0
24.375	0
25	0
25	0
25.625	0
25.625	0
26.25	0
26.25	0
26.875	0
26.875	0
27.5	0
27.5	0
28.125	0
28.125	0
28.75	0
28.75	0
29.375	0
29.375	0
30	0
30	0
30.625	0
30.625	0
31.25	0
31.25	0
31.875	0
31.875	0
32.5	0
32.5	0
33.125	0
33.125	0
33.75	0
33.75	0
34.375	0
34.375	0
35	0
35	0
35.625	0
35.625	0
36.25	0
36.25	0
36.875	0
36.875	0
37.5	0
37.5	0
38.125	0
38.125	0
38.75	0
38.75	0
39.375	0
39.375	0
40	0
40	0
40.625	0
40.625	0
41.25	0
41.25	0
41.875	0
41.875	0
42.5	0
42.5	0
43.125	0
43.125	0
43.75	0
43.75	0
44.375	0
44.375	0
45	0
45	0
45.625	0
45.625	0
46.25	0
46.25	0
46.875	0
46.875	0
47.5	0
47.5	0
48.125	0
48.125	0
48.75	0
48.75	0
49.375	0
49.375	0
50	0
50	0
50.625	0
50.625	0
51.25	0
51.25	0
51.875	0
51.875	0
52.5	0
52.5	0
53.125	0
53.125	0
53.75	0
53.75	0
54.375	0
54.375	0
55	0
55	0
55.625	0
55.625	0
56.25	0
56.25	0
56.875	0
56.875	0
57.5	0
57.5	0
58.125	0
58.125	0
58.75	0
58.75	0
59.375	0
59.375	0
60	0
60	0
60.625	0
60.625	0
61.25	0
61.25	0
61.875	0
61.875	0
62.5	0
62.5	0
63.125	0
63.125	0
63.75	0
63.75	0
64.375	0
64.375	0
65	0
65	0
65.625	0
65.625	0
66.25	0
66.25	0
66.875	0
66.875	0
67.5	0
67.5	0
68.125	0
68.125	0
68.75	0
68.75	0
69.375	0
69.375	0
70	0
70	0
70.625	0
70.625	0
71.25	0
71.25	0
71.875	0
71.875	0
72.5	0
72.5	0
73.125	0
73.125	0
73.75	0
73.75	0
74.375	0
74.375	0
75	0
75	0
75.625	0
75.625	0
76.25	0
76.25	0
76.875	0
76.875	0
77.5	0
77.5	0
78.125	0
78.125	0
78.75	0
78.75	0
79.375	0
79.375	0
80	0
80	0
80.625	0
80.625	0
81.25	0
81.25	0
81.875	0
81.875	0
82.5	0
82.5	0
83.125	0
83.125	0
83.75	0
83.75	0
84.375	0
84.375	0
85	0
85	0
85.625	0
85.625	0
86.25	0
86.25	0
86.875	0
86.875	0
87.5	0
87.5	0
88.125	0
88.125	0
88.75	0
88.75	0
89.375	0
89.375	0
90	0
90	0
90.625	0
90.625	0
91.25	0
91.25	0
91.875	0
91.875	0
92.5	0
92.5	0
93.125	0
93.125	0
93.75	0
93.75	0
94.375	0
94.375	0
95	0
95	0
95.625	0
95.625	0
96.25	0
96.25	0
96.875	0
96.875	0
97.5	0
97.5	0
98.125	0
98.125	0
98.75	0
98.75	0
99.375	0
99.375	0
100	0
0	0
0.625	0
0.625	0
1.25	0
1.25	0
1.875	0
1.875	0
2.5	0
2.5	0
3.125	0
3.125	0
3.75	0
3.75	0
4.375	0
4.375	0
5	0
5	0
5.625	0
5.625	0
6.25	0
6.25	0
6.875	0
6.875	0
7.5	0
7.5	0
8.125	0
8.125	0
8.75	0
8.75	0
9.375	0
9.375	0
10	0
10	0
10.625	0
10.625	0
11.25	0
11.25	0
11.875	0
11.875	0
12.5	0
12.5	0
13.125	0
13.125	0
13.75	0
13.75	0
14.375	0
14.375	0
15	0
15	0
15.625	0
15.625	0
16.25	0
16.25	0
16.875	0
16.875	0
17.5	0
17.5	0
18.125	0
18.125	0
18.75	0
18.75	0
19.375	0
19.375	0
20	0
20	0
20.625	0
20.625	0
21.25	0
21.25	0
21.875	0
21.875	0
22.5	0
22.5	0
23.125	0
23.125	0
23.75	0
23.75	0
24.375	0
24.375	0
25	0
25	0
25.625	0
25.625	0
26.25	0
26.25	0
26.875	0
26.875	0
27.5	0
27.5	0
28.125	0
28.125	0
28.75	0
28.75	0
29.375	0
29.375	0
30	0
30	0
30.625	0
30.625	0
31.25	0
31.25	0
31.875	0
31.875	0
32.5	0
32.5	0
33.125	0
33.125	0
33.75	0
33.75	0
34.375	0
34.375	0
35	0
35	0
35.625	0
35.625	0
36.25	0
36.25	0
36.875	0
36.875	0
37.5	0
37.5	0
38.125	0
38.125	0
38.75	0
38.75	0
39.375	0
39.375	0
40	-2.44921270764475e-16
40	-2.4980018054066e-16
40.625	0.0980171403295609
40.625	0.0980171403295609
41.25	0.195090322016128
41.25	0.195090322016128
41.875	0.290284677254462
41.875	0.290284677254462
42.5	0.38268343236509
42.5	0.38268343236509
43.125	0.471396736825998
43.125	0.471396736825998
43.75	0.555570233019602
43.75	0.555570233019602
44.375	0.634393284163646
44.375	0.634393284163646
45	0.707106781186547
45	0.707106781186547
45.625	0.773010453362737
45.625	0.773010453362737
46.25	0.831469612302545
46.25	0.831469612302545
46.875	0.881921264348355
46.875	0.881921264348355
47.5	0.923879532511287
47.5	0.923879532511287
48.125	0.956940335732209
48.125	0.956940335732209
48.75	0.98078528040323
48.75	0.98078528040323
49.375	0.995184726672197
49.375	0.995184726672197
50	1
50	1
50.625	0.995184726672197
50.625	0.995184726672197
51.25	0.980785280403231
51.25	0.980785280403231
51.875	0.956940335732209
51.875	0.956940335732209
52.5	0.923879532511287
52.5	0.923879532511287
53.125	0.881921264348355
53.125	0.881921264348355
53.75	0.831469612302546
53.75	0.831469612302546
54.375	0.773010453362738
54.375	0.773010453362738
55	0.707106781186547
55	0.707106781186547
55.625	0.634393284163645
55.625	0.634393284163645
56.25	0.555570233019602
56.25	0.555570233019602
56.875	0.471396736825998
56.875	0.471396736825998
57.5	0.382683432365091
57.5	0.382683432365091
58.125	0.290284677254462
58.125	0.290284677254462
58.75	0.195090322016128
58.75	0.195090322016128
59.375	0.0980171403295606
59.375	0.0980171403295606
60	3.60822483003176e-16
60	3.67381906146713e-16
60.625	0
60.625	0
61.25	0
61.25	0
61.875	0
61.875	0
62.5	0
62.5	0
63.125	0
63.125	0
63.75	0
63.75	0
64.375	0
64.375	0
65	0
65	0
65.625	0
65.625	0
66.25	0
66.25	0
66.875	0
66.875	0
67.5	0
67.5	0
68.125	0
68.125	0
68.75	0
68.75	0
69.375	0
69.375	0
70	0
70	0
70.625	0
70.625	0
71.25	0
71.25	0
71.875	0
71.875	0
72.5	0
72.5	0
73.125	0
73.125	0
73.75	0
73.75	0
74.375	0
74.375	0
75	0
75	0
75.625	0
75.625	0
76.25	0
76.25	0
76.875	0
76.875	0
77.5	0
77.5	0
78.125	0
78.125	0
78.75	0
78.75	0
79.375	0
79.375	0
80	0
80	0
80.625	0
80.625	0
81.25	0
81.25	0
81.875	0
81.875	0
82.5	0
82.5	0
83.125	0
83.125	0
83.75	0
83.75	0
84.375	0
84.375	0
85	0
85	0
85.625	0
85.625	0
86.25	0
86.25	0
86.875	0
86.875	0
87.5	0
87.5	0
88.125	0
88.125	0
88.75	0
88.75	0
89.375	0
89.375	0
90	0
90	0
90.625	0
90.625	0
91.25	0
91.25	0
91.875	0
91.875	0
92.5	0
92.5	0
93.125	0
93.125	0
93.75	0
93.75	0
94.375	0
94.375	0
95	0
95	0
95.625	0
95.625	0
96.25	0
96.25	0
96.875	0
96.875	0
97.5	0
97.5	0
98.125	0
98.125	0
98.75	0
98.75	0
99.375	0
99.375	0
100	0
