3	1
40
0	10
5	10
5	10
10	10
10	10
15	10
15	10
20	10
20	10
25	10
25	10
30	10
30	10
35	10
35	10
40	10
40	10
45	9.29289321881345
45	9.29289321881345
50	9
50	9
55	9.29289321881345
55	9.29289321881345
60	10
60	10
65	10
65	10
70	10
70	10
75	10
75	10
80	10
80	10
85	10
85	10
90	10
90	10
95	10
95	10
100	10
0	0
5	0
5	0
10	0
10	0
15	0
15	0
20	0
20	0
25	0
25	0
30	0
30	0
35	0
35	0
40	0
40	0
45	0
45	0
50	0
50	0
55	0
55	0
60	0
60	0
65	0
65	0
70	0
70	0
75	0
75	0
80	0
80	0
85	0
85	0
90	0
90	0
95	0
95	0
100	0
0	0
5	0
5	0
10	0
10	0
15	0
15	0
20	0
20	0
25	0
25	0
30	0
30	0
35	0
35	0
40	-2.44921270764475e-16
40	-2.22044604925031e-16
45	0.707106781186547
45	0.707106781186547
50	1
50	1
55	0.707106781186547
55	0.707106781186547
60	3.33066907387547e-16
60	3.67381906146713e-16
65	0
65	0
70	0
70	0
75	0
75	0
80	0
80	0
85	0
85	0
90	0
90	0
95	0
95	0
100	0
0	-0
5	0
5	-0
10	0
10	-0
15	0
15	-0
20	0
20	-0
25	0
25	-0
30	0
30	-0
35	0
35	-2.44921270764475e-16
40	-2.44921270764475e-16
40	0.707106781186548
45	0.707106781186548
45	0.292893218813453
50	0.292893218813453
50	-0.292893218813453
55	-0.292893218813453
55	-0.707106781186547
60	-0.707106781186547
60	-3.67381906146713e-16
65	-3.67381906146713e-16
65	-0
70	0
70	-0
75	0
75	-0
80	0
80	-0
85	0
85	-0
90	0
90	-0
95	0
95	-0
100	0
