3	0
160
0	9.99999999999993
1.25	9.99999999999993
1.25	9.99999999999993
2.5	9.99999999999993
2.5	9.99999999999993
3.75	9.99999999999993
3.75	9.99999999999993
5	9.99999999999993
5	9.99999999999993
6.25	9.99999999999992
6.25	9.99999999999992
7.5	9.99999999999992
7.5	9.99999999999993
8.75	9.99999999999993
8.75	9.99999999999993
10	9.99999999999992
10	9.99999999999992
11.25	9.99999999999992
11.25	9.99999999999992
12.5	9.99999999999992
12.5	9.99999999999992
13.75	9.99999999999992
13.75	9.99999999999992
15	9.99999999999992
15	9.99999999999992
16.25	9.99999999999992
16.25	9.99999999999992
17.5	9.99999999999992
17.5	9.99999999999992
18.75	9.99999999999992
18.75	9.99999999999992
20	9.99999999999992
20	9.99999999999991
21.25	9.99999999999992
21.25	9.99999999999993
22.5	9.99999999999993
22.5	9.99999999999993
23.75	9.99999999999993
23.75	9.99999999999993
25	9.99999999999993
25	9.99999999999993
26.25	9.99999999999993
26.25	9.99999999999993
27.5	9.99999999999993
27.5	9.99999999999993
28.75	9.99999999999993
28.75	9.99999999999993
30	9.99999999999993
30	9.99999999999993
31.25	9.99999999999994
31.25	9.99999999999994
32.5	9.99999999999994
32.5	9.99999999999995
33.75	9.99999999999995
33.75	9.99999999999995
35	9.99999999999995
35	9.99999999999995
36.25	9.99999999999995
36.25	9.99999999999995
37.5	9.99999999999995
37.5	9.99999999999994
38.75	9.99999999999995
38.75	9.99999999999995
40	9.99999999999994
40	9.99999999999994
41.25	9.80490967798382
41.25	9.80490967798382
42.5	9.61731656763486
42.5	9.61731656763486
43.75	9.44442976698035
43.75	9.44442976698035
45	9.2928932188134
45	9.2928932188134
46.25	9.1685303876974
46.25	9.1685303876974
47.5	9.07612046748866
47.5	9.07612046748866
48.75	9.01921471959672
48.75	9.01921471959672
50	8.99999999999994
50	8.99999999999994
51.25	9.01921471959671
51.25	9.01921471959671
52.5	9.07612046748865
52.5	9.07612046748866
53.75	9.1685303876974
53.75	9.1685303876974
55	9.29289321881339
55	9.29289321881339
56.25	9.44442976698034
56.25	9.44442976698034
57.5	9.61731656763486
57.5	9.61731656763486
58.75	9.80490967798382
58.75	9.80490967798382
60	9.99999999999994
60	9.99999999999995
61.25	9.99999999999995
61.25	9.99999999999994
62.5	9.99999999999994
62.5	9.99999999999994
63.75	9.99999999999993
63.75	9.99999999999993
65	9.99999999999993
65	9.99999999999993
66.25	9.99999999999993
66.25	9.99999999999993
67.5	9.99999999999993
67.5	9.99999999999993
68.75	9.99999999999993
68.75	9.99999999999993
70	9.99999999999993
70	9.99999999999993
71.25	9.99999999999992
71.25	9.99999999999993
72.5	9.99999999999993
72.5	9.99999999999992
73.75	9.99999999999993
73.75	9.99999999999993
75	9.99999999999993
75	9.99999999999992
76.25	9.99999999999992
76.25	9.99999999999992
77.5	9.99999999999992
77.5	9.99999999999992
78.75	9.99999999999992
78.75	9.99999999999992
80	9.99999999999992
80	9.99999999999992
81.25	9.99999999999992
81.25	9.99999999999992
82.5	9.99999999999992
82.5	9.99999999999992
83.75	9.99999999999992
83.75	9.99999999999992
85	9.99999999999992
85	9.99999999999991
86.25	9.99999999999991
86.25	9.99999999999992
87.5	9.99999999999992
87.5	9.99999999999992
88.75	9.99999999999992
88.75	9.99999999999992
90	9.99999999999992
90	9.99999999999992
91.25	9.99999999999992
91.25	9.99999999999992
92.5	9.99999999999992
92.5	9.99999999999992
93.75	9.99999999999993
93.75	9.99999999999992
95	9.99999999999992
95	9.99999999999993
96.25	9.99999999999992
96.25	9.99999999999993
97.5	9.99999999999993
97.5	9.99999999999993
98.75	9.99999999999993
98.75	9.99999999999992
100	9.99999999999993
0	4.58674002822909e-14
1.25	1.01264459786186e-13
1.25	1.25991504811198e-13
2.5	1.71347202559413e-13
2.5	1.76086623849703e-13
3.75	2.16256222753703e-13
3.75	2.14010185795661e-13
5	1.95156003141221e-13
5	1.87682176933918e-13
6.25	1.89803866182718e-13
6.25	1.74930054910285e-13
7.5	2.08146346303081e-13
7.5	2.03324060992626e-13
8.75	1.98409682068041e-13
8.75	1.91196270245765e-13
10	2.61517544231176e-13
10	2.52489319979366e-13
11.25	2.87187619676757e-13
11.25	2.85756221297215e-13
12.5	1.75731833193932e-13
12.5	1.87196401705511e-13
13.75	1.32219157837534e-13
13.75	1.49776867459913e-13
15	9.15690725242488e-14
15	1.07305642927653e-13
16.25	4.8540927709964e-14
16.25	6.56296631736314e-14
17.5	1.00011856457793e-13
17.5	1.13573534956777e-13
18.75	1.41740832151464e-13
18.75	1.41511530533243e-13
20	1.34695741100086e-13
20	1.55935968163198e-13
21.25	2.12495820037964e-13
21.25	2.17094092549317e-13
22.5	2.20713346486115e-13
22.5	2.26187238423292e-13
23.75	1.6505213853832e-13
23.75	1.7251040836222e-13
25	1.71191845441344e-13
25	1.90577124430122e-13
26.25	2.39611605560197e-13
26.25	2.38252803636539e-13
27.5	2.15738090072195e-13
27.5	2.06610200730524e-13
28.75	1.72279862057706e-13
28.75	1.63548247060881e-13
30	1.73029785730013e-13
30	1.85278086769255e-13
31.25	2.60679261003611e-13
31.25	2.59257092218032e-13
32.5	2.86955621969981e-13
32.5	2.94035663205022e-13
33.75	3.2468742521195e-13
33.75	3.3387359931239e-13
35	3.52525755698557e-13
35	3.54885769443571e-13
36.25	3.44323992349778e-13
36.25	3.54555454691214e-13
37.5	3.65306397758429e-13
37.5	3.79351155397265e-13
38.75	2.88623996801461e-13
38.75	3.03969098406343e-13
40	2.97368402252281e-13
40	2.96097193231843e-13
41.25	1.82369651697891e-13
41.25	1.80964827053539e-13
42.5	1.62044893629832e-13
42.5	1.69970103665769e-13
43.75	1.05427650251459e-13
43.75	1.05184716625302e-13
45	-1.64965780147736e-14
45	-2.3647632546921e-14
46.25	-7.73677369452559e-14
46.25	-8.72696717595063e-14
47.5	-1.46352521292211e-13
47.5	-1.49464541320002e-13
48.75	-1.53939787265206e-13
48.75	-1.61098144229524e-13
50	-8.99374317862268e-14
50	-9.11189627313907e-14
51.25	-3.63837069183516e-14
51.25	-3.18150021468301e-14
52.5	-5.04579299829009e-14
52.5	-4.87400098852338e-14
53.75	-1.04424230905649e-13
53.75	-9.71659898923837e-14
55	-1.1441655070458e-13
55	-1.14256569188765e-13
56.25	-7.62908325080091e-14
56.25	-7.47080144032583e-14
57.5	-1.64976505244268e-13
57.5	-1.50798380844148e-13
58.75	-1.81369819158881e-13
58.75	-1.78629998879752e-13
60	-3.44142938463232e-13
60	-3.48208173513904e-13
61.25	-2.89091053655043e-13
61.25	-2.9178184805528e-13
62.5	-2.1537012904762e-13
62.5	-1.97246476265224e-13
63.75	-1.05508979612087e-13
63.75	-8.83670414927962e-14
65	-1.93215701674133e-13
65	-2.06358912581475e-13
66.25	-2.76094642890636e-13
66.25	-2.61825769094716e-13
67.5	-2.47010242581052e-13
67.5	-2.42531132317802e-13
68.75	-2.78623080764533e-13
68.75	-2.79303104069508e-13
70	-3.04724380738622e-13
70	-3.04860344056424e-13
71.25	-2.47043948078425e-13
71.25	-2.52578717504938e-13
72.5	-2.90598003765913e-13
72.5	-3.05105202058048e-13
73.75	-2.72497685558621e-13
73.75	-2.83703187729449e-13
75	-2.48437596827764e-13
75	-2.65589802511336e-13
76.25	-2.24933390408612e-13
76.25	-2.39796830758777e-13
77.5	-1.67255343763012e-13
77.5	-1.69633506621996e-13
78.75	-1.64768492936175e-13
78.75	-1.43906597819907e-13
80	-1.49463353777249e-13
80	-1.50270317522033e-13
81.25	-1.17686032239727e-13
81.25	-1.00351194088144e-13
82.5	-1.83658973818557e-13
82.5	-1.71589467830467e-13
83.75	-1.40909289145286e-13
83.75	-1.32680353804543e-13
85	-1.67787684783642e-13
85	-1.65960115417244e-13
86.25	-2.54488009563203e-13
86.25	-2.51100753333177e-13
87.5	-2.22319495783986e-13
87.5	-2.0692755183005e-13
88.75	-1.82301519939175e-13
88.75	-1.71827792326683e-13
90	-1.70017024029978e-13
90	-1.70145209156077e-13
91.25	-1.99014619544554e-13
91.25	-2.09805594898583e-13
92.5	-1.83988147242612e-13
92.5	-1.63742805211415e-13
93.75	-1.16132878881515e-13
93.75	-1.30855170452744e-13
95	-7.5201947412621e-14
95	-7.72910724923533e-14
96.25	-5.25279359553716e-14
96.25	-6.785371360085e-14
97.5	5.81717034236936e-15
97.5	1.1136846489789e-14
98.75	6.29743882179159e-14
98.75	6.26945800326271e-14
100	5.01353580412884e-14
0	0
1.25	0
1.25	0
2.5	0
2.5	0
3.75	0
3.75	0
5	0
5	0
6.25	0
6.25	0
7.5	0
7.5	0
8.75	0
8.75	0
10	0
10	0
11.25	0
11.25	0
12.5	0
12.5	0
13.75	0
13.75	0
15	0
15	0
16.25	0
16.25	0
17.5	0
17.5	0
18.75	0
18.75	0
20	0
20	0
21.25	0
21.25	0
22.5	0
22.5	0
23.75	0
23.75	0
25	0
25	0
26.25	0
26.25	0
27.5	0
27.5	0
28.75	0
28.75	0
30	0
30	0
31.25	0
31.25	0
32.5	0
32.5	0
33.75	0
33.75	0
35	0
35	0
36.25	0
36.25	0
37.5	0
37.5	0
38.75	0
38.75	0
40	-2.44921270764475e-16
40	-2.4980018054066e-16
41.25	0.195090322016128
41.25	0.195090322016128
42.5	0.38268343236509
42.5	0.38268343236509
43.75	0.555570233019602
43.75	0.555570233019602
45	0.707106781186547
45	0.707106781186547
46.25	0.831469612302545
46.25	0.831469612302545
47.5	0.923879532511287
47.5	0.923879532511287
48.75	0.98078528040323
48.75	0.98078528040323
50	1
50	1
51.25	0.98078528040323
51.25	0.980785280403231
52.5	0.923879532511287
52.5	0.923879532511287
53.75	0.831469612302546
53.75	0.831469612302546
55	0.707106781186547
55	0.707106781186547
56.25	0.555570233019602
56.25	0.555570233019602
57.5	0.38268343236509
57.5	0.382683432365091
58.75	0.195090322016128
58.75	0.195090322016128
60	3.33066907387547e-16
60	3.67381906146713e-16
61.25	0
61.25	0
62.5	0
62.5	0
63.75	0
63.75	0
65	0
65	0
66.25	0
66.25	0
67.5	0
67.5	0
68.75	0
68.75	0
70	0
70	0
71.25	0
71.25	0
72.5	0
72.5	0
73.75	0
73.75	0
75	0
75	0
76.25	0
76.25	0
77.5	0
77.5	0
78.75	0
78.75	0
80	0
80	0
81.25	0
81.25	0
82.5	0
82.5	0
83.75	0
83.75	0
85	0
85	0
86.25	0
86.25	0
87.5	0
87.5	0
88.75	0
88.75	0
90	0
90	0
91.25	0
91.25	0
92.5	0
92.5	0
93.75	0
93.75	0
95	0
95	0
96.25	0
96.25	0
97.5	0
97.5	0
98.75	0
98.75	0
100	0
