3	1
40
0	9.99999999999998
5	9.99999999999998
5	9.99999999999998
10	9.99999999999998
10	9.99999999999999
15	9.99999999999999
15	9.99999999999999
20	9.99999999999999
20	9.99999999999999
25	9.99999999999999
25	9.99999999999999
30	9.99999999999999
30	9.99999999999999
35	10
35	9.99999999999999
40	9.99999999999999
40	9.99999999999999
45	9.29289321881345
45	9.29289321881344
50	8.99999999999999
50	8.99999999999999
55	9.29289321881345
55	9.29289321881345
60	9.99999999999999
60	9.99999999999999
65	9.99999999999999
65	9.99999999999998
70	9.99999999999998
70	9.99999999999998
75	9.99999999999998
75	9.99999999999998
80	9.99999999999998
80	9.99999999999998
85	9.99999999999998
85	9.99999999999998
90	9.99999999999998
90	9.99999999999998
95	9.99999999999998
95	9.99999999999998
100	9.99999999999998
0	-3.81825249287254e-14
5	-2.51843002171776e-14
5	-2.62451448415784e-14
10	5.56922173566144e-14
10	5.38904719379019e-14
15	7.80294839140837e-14
15	7.24105024231254e-14
20	1.00472949066821e-13
20	1.11420732941175e-13
25	1.00886801861483e-13
25	1.13543381544189e-13
30	4.86740129651225e-14
30	5.90573836978269e-14
35	-4.94677277249988e-14
35	-4.69516486210033e-14
40	-2.4368953397761e-14
40	-2.87707751075333e-14
45	-7.02919319538431e-14
45	-8.48770229693436e-14
50	-5.33761391399433e-14
50	-6.66581247458865e-14
55	-5.62524201633868e-14
55	-5.91134824778689e-14
60	-1.55762568840701e-14
60	-1.79474115045823e-14
65	-1.04554361833048e-14
65	-1.46419169236407e-14
70	5.00033354983343e-14
70	4.00826907510037e-14
75	6.39225007416366e-14
75	4.90260289162359e-14
80	5.18957231289112e-15
80	-1.24017394488755e-14
85	-8.48867570363174e-15
85	-1.88224992234821e-14
90	-7.57270809056973e-14
90	-7.1763510593387e-14
95	3.60349083742481e-15
95	-2.35127619909837e-15
100	-2.75303909551406e-14
0	0
5	0
5	0
10	0
10	0
15	0
15	0
20	0
20	0
25	0
25	0
30	0
30	0
35	0
35	0
40	-2.44921270764475e-16
40	-1.66533453693773e-16
45	0.707106781186547
45	0.707106781186547
50	1
50	1
55	0.707106781186547
55	0.707106781186547
60	3.33066907387547e-16
60	3.67381906146713e-16
65	0
65	0
70	0
70	0
75	0
75	0
80	0
80	0
85	0
85	0
90	0
90	0
95	0
95	0
100	0
0	0
5	0
5	0
10	0
10	0
15	0
15	0
20	0
20	0
25	0
25	0
30	0
30	0
35	0
35	-2.44921270764475e-16
40	-2.44921270764475e-16
40	0.707106781186547
45	0.707106781186547
45	0.292893218813453
50	0.292893218813453
50	-0.292893218813453
55	-0.292893218813453
55	-0.707106781186547
60	-0.707106781186547
60	-3.67381906146713e-16
65	-3.67381906146713e-16
65	0
70	0
70	0
75	0
75	0
80	0
80	0
85	0
85	0
90	0
90	0
95	0
95	0
100	0
