3	1
1280
0	10
0.15625	10
0.15625	10
0.3125	10
0.3125	10
0.46875	10
0.46875	10
0.625	10
0.625	10
0.78125	10
0.78125	10
0.9375	10
0.9375	10
1.09375	10
1.09375	10
1.25	10
1.25	10
1.40625	10
1.40625	10
1.5625	10
1.5625	10
1.71875	10
1.71875	10
1.875	10
1.875	10
2.03125	10
2.03125	10
2.1875	10
2.1875	10
2.34375	10
2.34375	10
2.5	10
2.5	10
2.65625	10
2.65625	10
2.8125	10
2.8125	10
2.96875	10
2.96875	10
3.125	10
3.125	10
3.28125	10
3.28125	10
3.4375	10
3.4375	10
3.59375	10
3.59375	10
3.75	10
3.75	10
3.90625	10
3.90625	10
4.0625	10
4.0625	10
4.21875	10
4.21875	10
4.375	10
4.375	10
4.53125	10
4.53125	10
4.6875	10
4.6875	10
4.84375	10
4.84375	10
5	10
5	10
5.15625	10
5.15625	10
5.3125	10
5.3125	10
5.46875	10
5.46875	10
5.625	10
5.625	10
5.78125	10
5.78125	10
5.9375	10
5.9375	10
6.09375	10
6.09375	10
6.25	10
6.25	10
6.40625	10
6.40625	10
6.5625	10
6.5625	10
6.71875	10
6.71875	10
6.875	10
6.875	10
7.03125	10
7.03125	10
7.1875	10
7.1875	10
7.34375	10
7.34375	10
7.5	10
7.5	10
7.65625	10
7.65625	10
7.8125	10
7.8125	10
7.96875	10
7.96875	10
8.125	10
8.125	10
8.28125	10
8.28125	10
8.4375	10
8.4375	10
8.59375	10
8.59375	10
8.75	10
8.75	10
8.90625	10
8.90625	10
9.0625	10
9.0625	10
9.21875	10
9.21875	10
9.375	10
9.375	10
9.53125	10
9.53125	10
9.6875	10
9.6875	10
9.84375	10
9.84375	10
10	10
10	10
10.15625	10
10.15625	10
10.3125	10
10.3125	10
10.46875	10
10.46875	10
10.625	10
10.625	10
10.78125	10
10.78125	10
10.9375	10
10.9375	10
11.09375	10
11.09375	10
11.25	10
11.25	10
11.40625	10
11.40625	10
11.5625	10
11.5625	10
11.71875	10
11.71875	10
11.875	10
11.875	10
12.03125	10
12.03125	10
12.1875	10
12.1875	10
12.34375	10
12.34375	10
12.5	10
12.5	10
12.65625	10
12.65625	10
12.8125	10
12.8125	10
12.96875	10
12.96875	10
13.125	10
13.125	10
13.28125	10
13.28125	10
13.4375	10
13.4375	10
13.59375	10
13.59375	10
13.75	10
13.75	10
13.90625	10
13.90625	10
14.0625	10
14.0625	10
14.21875	10
14.21875	10
14.375	10
14.375	10
14.53125	10
14.53125	10
14.6875	10
14.6875	10
14.84375	10
14.84375	10
15	10
15	10
15.15625	10
15.15625	10
15.3125	10
15.3125	10
15.46875	10
15.46875	10
15.625	10
15.625	10
15.78125	10
15.78125	10
15.9375	10
15.9375	10
16.09375	10
16.09375	10
16.25	10
16.25	10
16.40625	10
16.40625	10
16.5625	10
16.5625	10
16.71875	10
16.71875	10
16.875	10
16.875	10
17.03125	10
17.03125	10
17.1875	10
17.1875	10
17.34375	10
17.34375	10
17.5	10
17.5	10
17.65625	10
17.65625	10
17.8125	10
17.8125	10
17.96875	10
17.96875	10
18.125	10
18.125	10
18.28125	10
18.28125	10
18.4375	10
18.4375	10
18.59375	10
18.59375	10
18.75	10
18.75	10
18.90625	10
18.90625	10
19.0625	10
19.0625	10
19.21875	10
19.21875	10
19.375	10
19.375	10
19.53125	10
19.53125	10
19.6875	10
19.6875	10
19.84375	10
19.84375	10
20	10
20	10
20.15625	10
20.15625	10
20.3125	10
20.3125	10
20.46875	10
20.46875	10
20.625	10
20.625	10
20.78125	10
20.78125	10
20.9375	10
20.9375	10
21.09375	10
21.09375	10
21.25	10
21.25	10
21.40625	10
21.40625	10
21.5625	10
21.5625	10
21.71875	10
21.71875	10
21.875	10
21.875	10
22.03125	10
22.03125	10
22.1875	10
22.1875	10
22.34375	10
22.34375	10
22.5	10
22.5	10
22.65625	10
22.65625	10
22.8125	10
22.8125	10
22.96875	10
22.96875	10
23.125	10
23.125	10
23.28125	10
23.28125	10
23.4375	10
23.4375	10
23.59375	10
23.59375	10
23.75	10
23.75	10
23.90625	10
23.90625	10
24.0625	10
24.0625	10
24.21875	10
24.21875	10
24.375	10
24.375	10
24.53125	10
24.53125	10
24.6875	10
24.6875	10
24.84375	10
24.84375	10
25	10
25	10
25.15625	10
25.15625	10
25.3125	10
25.3125	10
25.46875	10
25.46875	10
25.625	10
25.625	10
25.78125	10
25.78125	10
25.9375	10
25.9375	10
26.09375	10
26.09375	10
26.25	10
26.25	10
26.40625	10
26.40625	10
26.5625	10
26.5625	10
26.71875	10
26.71875	10
26.875	10
26.875	10
27.03125	10
27.03125	10
27.1875	10
27.1875	10
27.34375	10
27.34375	10
27.5	10
27.5	10
27.65625	10
27.65625	10
27.8125	10
27.8125	10
27.96875	10
27.96875	10
28.125	10
28.125	10
28.28125	10
28.28125	10
28.4375	10
28.4375	10
28.59375	10
28.59375	10
28.75	10
28.75	10
28.90625	10
28.90625	10
29.0625	10
29.0625	10
29.21875	10
29.21875	10
29.375	10
29.375	10
29.53125	10
29.53125	10
29.6875	10
29.6875	10
29.84375	10
29.84375	10
30	10
30	10
30.15625	10
30.15625	10
30.3125	10
30.3125	10
30.46875	10
30.46875	10
30.625	10
30.625	10
30.78125	10
30.78125	10
30.9375	10
30.9375	10
31.09375	10
31.09375	10
31.25	10
31.25	10
31.40625	10
31.40625	10
31.5625	10
31.5625	10
31.71875	10
31.71875	10
31.875	10
31.875	10
32.03125	10
32.03125	10
32.1875	10
32.1875	10
32.34375	10
32.34375	10
32.5	10
32.5	10
32.65625	10
32.65625	10
32.8125	10
32.8125	10
32.96875	10
32.96875	10
33.125	10
33.125	10
33.28125	10
33.28125	10
33.4375	10
33.4375	10
33.59375	10
33.59375	10
33.75	10
33.75	10
33.90625	10
33.90625	10
34.0625	10
34.0625	10
34.21875	10
34.21875	10
34.375	10
34.375	10
34.53125	10
34.53125	10
34.6875	10
34.6875	10
34.84375	10
34.84375	10
35	10
35	10
35.15625	10
35.15625	10
35.3125	10
35.3125	10
35.46875	10
35.46875	10
35.625	10
35.625	10
35.78125	10
35.78125	10
35.9375	10
35.9375	10
36.09375	10
36.09375	10
36.25	10
36.25	10
36.40625	10
36.40625	10
36.5625	10
36.5625	10
36.71875	10
36.71875	10
36.875	10
36.875	10
37.03125	10
37.03125	10
37.1875	10
37.1875	10
37.34375	10
37.34375	10
37.5	10
37.5	10
37.65625	10
37.65625	10
37.8125	10
37.8125	10
37.96875	10
37.96875	10
38.125	10
38.125	10
38.28125	10
38.28125	10
38.4375	10
38.4375	10
38.59375	10
38.59375	10
38.75	10
38.75	10
38.90625	10
38.90625	10
39.0625	10
39.0625	10
39.21875	10
39.21875	10
39.375	10
39.375	10
39.53125	10
39.53125	10
39.6875	10
39.6875	10
39.84375	10
39.84375	10
40	10
40	10
40.15625	9.97545877147709
40.15625	9.97545877147709
40.3125	9.95093232567258
40.3125	9.95093232567258
40.46875	9.92643543640033
40.46875	9.92643543640033
40.625	9.90198285967044
40.625	9.90198285967044
40.78125	9.87758932480078
40.78125	9.87758932480078
40.9375	9.85326952554464
40.9375	9.85326952554464
41.09375	9.8290381112397
41.09375	9.8290381112397
41.25	9.80490967798387
41.25	9.80490967798387
41.40625	9.78089875984313
41.40625	9.78089875984313
41.5625	9.75701982009674
41.5625	9.75701982009674
41.71875	9.7332872425251
41.71875	9.7332872425251
41.875	9.70971532274554
41.875	9.70971532274554
42.03125	9.68631825960111
42.03125	9.68631825960111
42.1875	9.66311014660778
42.1875	9.66311014660778
42.34375	9.64010496346501
42.34375	9.64010496346501
42.5	9.61731656763491
42.5	9.61731656763491
42.65625	9.59475868599501
42.65625	9.59475868599501
42.8125	9.57244490656972
42.8125	9.57244490656972
42.96875	9.5503886703454
42.96875	9.5503886703454
43.125	9.528603263174
43.125	9.528603263174
43.28125	9.50710180777022
43.28125	9.50710180777022
43.4375	9.48589725580678
43.4375	9.48589725580678
43.59375	9.4650023801129
43.59375	9.4650023801129
43.75	9.4444297669804
43.75	9.4444297669804
43.90625	9.42419180858215
43.90625	9.42419180858215
44.0625	9.40430069550757
44.0625	9.40430069550757
44.21875	9.38476840941937
44.21875	9.38476840941937
44.375	9.36560671583636
44.375	9.36560671583636
44.53125	9.34682715704622
44.53125	9.34682715704622
44.6875	9.32844104515298
44.6875	9.32844104515298
44.84375	9.31045945526293
44.84375	9.31045945526293
45	9.29289321881345
45	9.29289321881345
45.15625	9.27575291704853
45.15625	9.27575291704853
45.3125	9.25904887464504
45.3125	9.25904887464504
45.46875	9.24279115349352
45.46875	9.24279115349351
45.625	9.22698954663726
45.625	9.22698954663726
45.78125	9.21165357237339
45.78125	9.21165357237339
45.9375	9.19679246851936
45.9375	9.19679246851936
46.09375	9.18241518684842
46.09375	9.18241518684842
46.25	9.16853038769746
46.25	9.16853038769746
46.40625	9.15514643475029
46.40625	9.15514643475029
46.5625	9.14227138999973
46.5625	9.14227138999973
46.71875	9.12991300889129
46.71875	9.12991300889129
46.875	9.11807873565165
46.875	9.11807873565165
47.03125	9.10677569880449
47.03125	9.10677569880449
47.1875	9.09601070687656
47.1875	9.09601070687656
47.34375	9.08579024429647
47.34375	9.08579024429647
47.5	9.07612046748871
47.5	9.07612046748871
47.65625	9.06700720116526
47.65625	9.06700720116526
47.8125	9.05845593481698
47.8125	9.05845593481698
47.96875	9.05047181940696
47.96875	9.05047181940696
48.125	9.04305966426779
48.125	9.04305966426779
48.28125	9.03622393420456
48.28125	9.03622393420456
48.4375	9.02996874680546
48.4375	9.02996874680546
48.59375	9.02429786996147
48.59375	9.02429786996147
48.75	9.01921471959677
48.75	9.01921471959677
48.90625	9.01472235761106
48.90625	9.01472235761106
49.0625	9.01082349003522
49.0625	9.01082349003522
49.21875	9.00752046540129
49.21875	9.00752046540129
49.375	9.0048152733278
49.375	9.0048152733278
49.53125	9.00270954332131
49.53125	9.00270954332131
49.6875	9.00120454379483
49.6875	9.00120454379483
49.84375	9.0003011813038
49.84375	9.0003011813038
50	9
50	9
50.15625	9.0003011813038
50.15625	9.0003011813038
50.3125	9.00120454379483
50.3125	9.00120454379483
50.46875	9.00270954332131
50.46875	9.00270954332131
50.625	9.0048152733278
50.625	9.0048152733278
50.78125	9.00752046540129
50.78125	9.00752046540129
50.9375	9.01082349003522
50.9375	9.01082349003522
51.09375	9.01472235761106
51.09375	9.01472235761106
51.25	9.01921471959677
51.25	9.01921471959677
51.40625	9.02429786996147
51.40625	9.02429786996147
51.5625	9.02996874680546
51.5625	9.02996874680546
51.71875	9.03622393420456
51.71875	9.03622393420456
51.875	9.04305966426779
51.875	9.04305966426779
52.03125	9.05047181940696
52.03125	9.05047181940696
52.1875	9.05845593481698
52.1875	9.05845593481698
52.34375	9.06700720116526
52.34375	9.06700720116526
52.5	9.07612046748871
52.5	9.07612046748871
52.65625	9.08579024429647
52.65625	9.08579024429647
52.8125	9.09601070687656
52.8125	9.09601070687656
52.96875	9.10677569880448
52.96875	9.10677569880448
53.125	9.11807873565164
53.125	9.11807873565165
53.28125	9.12991300889129
53.28125	9.12991300889129
53.4375	9.14227138999973
53.4375	9.14227138999973
53.59375	9.15514643475029
53.59375	9.15514643475029
53.75	9.16853038769746
53.75	9.16853038769746
53.90625	9.18241518684842
53.90625	9.18241518684842
54.0625	9.19679246851936
54.0625	9.19679246851936
54.21875	9.21165357237339
54.21875	9.21165357237339
54.375	9.22698954663726
54.375	9.22698954663726
54.53125	9.24279115349351
54.53125	9.24279115349352
54.6875	9.25904887464504
54.6875	9.25904887464504
54.84375	9.27575291704853
54.84375	9.27575291704853
55	9.29289321881345
55	9.29289321881345
55.15625	9.31045945526293
55.15625	9.31045945526293
55.3125	9.32844104515298
55.3125	9.32844104515298
55.46875	9.34682715704622
55.46875	9.34682715704622
55.625	9.36560671583636
55.625	9.36560671583636
55.78125	9.38476840941937
55.78125	9.38476840941937
55.9375	9.40430069550757
55.9375	9.40430069550757
56.09375	9.42419180858215
56.09375	9.42419180858215
56.25	9.4444297669804
56.25	9.4444297669804
56.40625	9.4650023801129
56.40625	9.4650023801129
56.5625	9.48589725580678
56.5625	9.48589725580678
56.71875	9.50710180777022
56.71875	9.50710180777022
56.875	9.528603263174
56.875	9.528603263174
57.03125	9.5503886703454
57.03125	9.5503886703454
57.1875	9.57244490656972
57.1875	9.57244490656972
57.34375	9.59475868599501
57.34375	9.59475868599501
57.5	9.61731656763491
57.5	9.61731656763491
57.65625	9.64010496346501
57.65625	9.64010496346501
57.8125	9.66311014660778
57.8125	9.66311014660778
57.96875	9.68631825960111
57.96875	9.68631825960111
58.125	9.70971532274554
58.125	9.70971532274554
58.28125	9.7332872425251
58.28125	9.7332872425251
58.4375	9.75701982009674
58.4375	9.75701982009674
58.59375	9.78089875984313
58.59375	9.78089875984313
58.75	9.80490967798387
58.75	9.80490967798387
58.90625	9.8290381112397
58.90625	9.8290381112397
59.0625	9.85326952554464
59.0625	9.85326952554464
59.21875	9.87758932480078
59.21875	9.87758932480078
59.375	9.90198285967044
59.375	9.90198285967044
59.53125	9.92643543640033
59.53125	9.92643543640033
59.6875	9.95093232567258
59.6875	9.95093232567258
59.84375	9.97545877147709
59.84375	9.97545877147709
60	10
60	10
60.15625	10
60.15625	10
60.3125	10
60.3125	10
60.46875	10
60.46875	10
60.625	10
60.625	10
60.78125	10
60.78125	10
60.9375	10
60.9375	10
61.09375	10
61.09375	10
61.25	10
61.25	10
61.40625	10
61.40625	10
61.5625	10
61.5625	10
61.71875	10
61.71875	10
61.875	10
61.875	10
62.03125	10
62.03125	10
62.1875	10
62.1875	10
62.34375	10
62.34375	10
62.5	10
62.5	10
62.65625	10
62.65625	10
62.8125	10
62.8125	10
62.96875	10
62.96875	10
63.125	10
63.125	10
63.28125	10
63.28125	10
63.4375	10
63.4375	10
63.59375	10
63.59375	10
63.75	10
63.75	10
63.90625	10
63.90625	10
64.0625	10
64.0625	10
64.21875	10
64.21875	10
64.375	10
64.375	10
64.53125	10
64.53125	10
64.6875	10
64.6875	10
64.84375	10
64.84375	10
65	10
65	10
65.15625	10
65.15625	10
65.3125	10
65.3125	10
65.46875	10
65.46875	10
65.625	10
65.625	10
65.78125	10
65.78125	10
65.9375	10
65.9375	10
66.09375	10
66.09375	10
66.25	10
66.25	10
66.40625	10
66.40625	10
66.5625	10
66.5625	10
66.71875	10
66.71875	10
66.875	10
66.875	10
67.03125	10
67.03125	10
67.1875	10
67.1875	10
67.34375	10
67.34375	10
67.5	10
67.5	10
67.65625	10
67.65625	10
67.8125	10
67.8125	10
67.96875	10
67.96875	10
68.125	10
68.125	10
68.28125	10
68.28125	10
68.4375	10
68.4375	10
68.59375	10
68.59375	10
68.75	10
68.75	10
68.90625	10
68.90625	10
69.0625	10
69.0625	10
69.21875	10
69.21875	10
69.375	10
69.375	10
69.53125	10
69.53125	10
69.6875	10
69.6875	10
69.84375	10
69.84375	10
70	10
70	10
70.15625	10
70.15625	10
70.3125	10
70.3125	10
70.46875	10
70.46875	10
70.625	10
70.625	10
70.78125	10
70.78125	10
70.9375	10
70.9375	10
71.09375	10
71.09375	10
71.25	10
71.25	10
71.40625	10
71.40625	10
71.5625	10
71.5625	10
71.71875	10
71.71875	10
71.875	10
71.875	10
72.03125	10
72.03125	10
72.1875	10
72.1875	10
72.34375	10
72.34375	10
72.5	10
72.5	10
72.65625	10
72.65625	10
72.8125	10
72.8125	10
72.96875	10
72.96875	10
73.125	10
73.125	10
73.28125	10
73.28125	10
73.4375	10
73.4375	10
73.59375	10
73.59375	10
73.75	10
73.75	10
73.90625	10
73.90625	10
74.0625	10
74.0625	10
74.21875	10
74.21875	10
74.375	10
74.375	10
74.53125	10
74.53125	10
74.6875	10
74.6875	10
74.84375	10
74.84375	10
75	10
75	10
75.15625	10
75.15625	10
75.3125	10
75.3125	10
75.46875	10
75.46875	10
75.625	10
75.625	10
75.78125	10
75.78125	10
75.9375	10
75.9375	10
76.09375	10
76.09375	10
76.25	10
76.25	10
76.40625	10
76.40625	10
76.5625	10
76.5625	10
76.71875	10
76.71875	10
76.875	10
76.875	10
77.03125	10
77.03125	10
77.1875	10
77.1875	10
77.34375	10
77.34375	10
77.5	10
77.5	10
77.65625	10
77.65625	10
77.8125	10
77.8125	10
77.96875	10
77.96875	10
78.125	10
78.125	10
78.28125	10
78.28125	10
78.4375	10
78.4375	10
78.59375	10
78.59375	10
78.75	10
78.75	10
78.90625	10
78.90625	10
79.0625	10
79.0625	10
79.21875	10
79.21875	10
79.375	10
79.375	10
79.53125	10
79.53125	10
79.6875	10
79.6875	10
79.84375	10
79.84375	10
80	10
80	10
80.15625	10
80.15625	10
80.3125	10
80.3125	10
80.46875	10
80.46875	10
80.625	10
80.625	10
80.78125	10
80.78125	10
80.9375	10
80.9375	10
81.09375	10
81.09375	10
81.25	10
81.25	10
81.40625	10
81.40625	10
81.5625	10
81.5625	10
81.71875	10
81.71875	10
81.875	10
81.875	10
82.03125	10
82.03125	10
82.1875	10
82.1875	10
82.34375	10
82.34375	10
82.5	10
82.5	10
82.65625	10
82.65625	10
82.8125	10
82.8125	10
82.96875	10
82.96875	10
83.125	10
83.125	10
83.28125	10
83.28125	10
83.4375	10
83.4375	10
83.59375	10
83.59375	10
83.75	10
83.75	10
83.90625	10
83.90625	10
84.0625	10
84.0625	10
84.21875	10
84.21875	10
84.375	10
84.375	10
84.53125	10
84.53125	10
84.6875	10
84.6875	10
84.84375	10
84.84375	10
85	10
85	10
85.15625	10
85.15625	10
85.3125	10
85.3125	10
85.46875	10
85.46875	10
85.625	10
85.625	10
85.78125	10
85.78125	10
85.9375	10
85.9375	10
86.09375	10
86.09375	10
86.25	10
86.25	10
86.40625	10
86.40625	10
86.5625	10
86.5625	10
86.71875	10
86.71875	10
86.875	10
86.875	10
87.03125	10
87.03125	10
87.1875	10
87.1875	10
87.34375	10
87.34375	10
87.5	10
87.5	10
87.65625	10
87.65625	10
87.8125	10
87.8125	10
87.96875	10
87.96875	10
88.125	10
88.125	10
88.28125	10
88.28125	10
88.4375	10
88.4375	10
88.59375	10
88.59375	10
88.75	10
88.75	10
88.90625	10
88.90625	10
89.0625	10
89.0625	10
89.21875	10
89.21875	10
89.375	10
89.375	10
89.53125	10
89.53125	10
89.6875	10
89.6875	10
89.84375	10
89.84375	10
90	10
90	10
90.15625	10
90.15625	10
90.3125	10
90.3125	10
90.46875	10
90.46875	10
90.625	10
90.625	10
90.78125	10
90.78125	10
90.9375	10
90.9375	10
91.09375	10
91.09375	10
91.25	10
91.25	10
91.40625	10
91.40625	10
91.5625	10
91.5625	10
91.71875	10
91.71875	10
91.875	10
91.875	10
92.03125	10
92.03125	10
92.1875	10
92.1875	10
92.34375	10
92.34375	10
92.5	10
92.5	10
92.65625	10
92.65625	10
92.8125	10
92.8125	10
92.96875	10
92.96875	10
93.125	10
93.125	10
93.28125	10
93.28125	10
93.4375	10
93.4375	10
93.59375	10
93.59375	10
93.75	10
93.75	10
93.90625	10
93.90625	10
94.0625	10
94.0625	10
94.21875	10
94.21875	10
94.375	10
94.375	10
94.53125	10
94.53125	10
94.6875	10
94.6875	10
94.84375	10
94.84375	10
95	10
95	10
95.15625	10
95.15625	10
95.3125	10
95.3125	10
95.46875	10
95.46875	10
95.625	10
95.625	10
95.78125	10
95.78125	10
95.9375	10
95.9375	10
96.09375	10
96.09375	10
96.25	10
96.25	10
96.40625	10
96.40625	10
96.5625	10
96.5625	10
96.71875	10
96.71875	10
96.875	10
96.875	10
97.03125	10
97.03125	10
97.1875	10
97.1875	10
97.34375	10
97.34375	10
97.5	10
97.5	10
97.65625	10
97.65625	10
97.8125	10
97.8125	10
97.96875	10
97.96875	10
98.125	10
98.125	10
98.28125	10
98.28125	10
98.4375	10
98.4375	10
98.59375	10
98.59375	10
98.75	10
98.75	10
98.90625	10
98.90625	10
99.0625	10
99.0625	10
99.21875	10
99.21875	10
99.375	10
99.375	10
99.53125	10
99.53125	10
99.6875	10
99.6875	10
99.84375	10
99.84375	10
100	10
0	0
0.15625	0
0.15625	0
0.3125	0
0.3125	0
0.46875	0
0.46875	0
0.625	0
0.625	0
0.78125	0
0.78125	0
0.9375	0
0.9375	0
1.09375	0
1.09375	0
1.25	0
1.25	0
1.40625	0
1.40625	0
1.5625	0
1.5625	0
1.71875	0
1.71875	0
1.875	0
1.875	0
2.03125	0
2.03125	0
2.1875	0
2.1875	0
2.34375	0
2.34375	0
2.5	0
2.5	0
2.65625	0
2.65625	0
2.8125	0
2.8125	0
2.96875	0
2.96875	0
3.125	0
3.125	0
3.28125	0
3.28125	0
3.4375	0
3.4375	0
3.59375	0
3.59375	0
3.75	0
3.75	0
3.90625	0
3.90625	0
4.0625	0
4.0625	0
4.21875	0
4.21875	0
4.375	0
4.375	0
4.53125	0
4.53125	0
4.6875	0
4.6875	0
4.84375	0
4.84375	0
5	0
5	0
5.15625	0
5.15625	0
5.3125	0
5.3125	0
5.46875	0
5.46875	0
5.625	0
5.625	0
5.78125	0
5.78125	0
5.9375	0
5.9375	0
6.09375	0
6.09375	0
6.25	0
6.25	0
6.40625	0
6.40625	0
6.5625	0
6.5625	0
6.71875	0
6.71875	0
6.875	0
6.875	0
7.03125	0
7.03125	0
7.1875	0
7.1875	0
7.34375	0
7.34375	0
7.5	0
7.5	0
7.65625	0
7.65625	0
7.8125	0
7.8125	0
7.96875	0
7.96875	0
8.125	0
8.125	0
8.28125	0
8.28125	0
8.4375	0
8.4375	0
8.59375	0
8.59375	0
8.75	0
8.75	0
8.90625	0
8.90625	0
9.0625	0
9.0625	0
9.21875	0
9.21875	0
9.375	0
9.375	0
9.53125	0
9.53125	0
9.6875	0
9.6875	0
9.84375	0
9.84375	0
10	0
10	0
10.15625	0
10.15625	0
10.3125	0
10.3125	0
10.46875	0
10.46875	0
10.625	0
10.625	0
10.78125	0
10.78125	0
10.9375	0
10.9375	0
11.09375	0
11.09375	0
11.25	0
11.25	0
11.40625	0
11.40625	0
11.5625	0
11.5625	0
11.71875	0
11.71875	0
11.875	0
11.875	0
12.03125	0
12.03125	0
12.1875	0
12.1875	0
12.34375	0
12.34375	0
12.5	0
12.5	0
12.65625	0
12.65625	0
12.8125	0
12.8125	0
12.96875	0
12.96875	0
13.125	0
13.125	0
13.28125	0
13.28125	0
13.4375	0
13.4375	0
13.59375	0
13.59375	0
13.75	0
13.75	0
13.90625	0
13.90625	0
14.0625	0
14.0625	0
14.21875	0
14.21875	0
14.375	0
14.375	0
14.53125	0
14.53125	0
14.6875	0
14.6875	0
14.84375	0
14.84375	0
15	0
15	0
15.15625	0
15.15625	0
15.3125	0
15.3125	0
15.46875	0
15.46875	0
15.625	0
15.625	0
15.78125	0
15.78125	0
15.9375	0
15.9375	0
16.09375	0
16.09375	0
16.25	0
16.25	0
16.40625	0
16.40625	0
16.5625	0
16.5625	0
16.71875	0
16.71875	0
16.875	0
16.875	0
17.03125	0
17.03125	0
17.1875	0
17.1875	0
17.34375	0
17.34375	0
17.5	0
17.5	0
17.65625	0
17.65625	0
17.8125	0
17.8125	0
17.96875	0
17.96875	0
18.125	0
18.125	0
18.28125	0
18.28125	0
18.4375	0
18.4375	0
18.59375	0
18.59375	0
18.75	0
18.75	0
18.90625	0
18.90625	0
19.0625	0
19.0625	0
19.21875	0
19.21875	0
19.375	0
19.375	0
19.53125	0
19.53125	0
19.6875	0
19.6875	0
19.84375	0
19.84375	0
20	0
20	0
20.15625	0
20.15625	0
20.3125	0
20.3125	0
20.46875	0
20.46875	0
20.625	0
20.625	0
20.78125	0
20.78125	0
20.9375	0
20.9375	0
21.09375	0
21.09375	0
21.25	0
21.25	0
21.40625	0
21.40625	0
21.5625	0
21.5625	0
21.71875	0
21.71875	0
21.875	0
21.875	0
22.03125	0
22.03125	0
22.1875	0
22.1875	0
22.34375	0
22.34375	0
22.5	0
22.5	0
22.65625	0
22.65625	0
22.8125	0
22.8125	0
22.96875	0
22.96875	0
23.125	0
23.125	0
23.28125	0
23.28125	0
23.4375	0
23.4375	0
23.59375	0
23.59375	0
23.75	0
23.75	0
23.90625	0
23.90625	0
24.0625	0
24.0625	0
24.21875	0
24.21875	0
24.375	0
24.375	0
24.53125	0
24.53125	0
24.6875	0
24.6875	0
24.84375	0
24.84375	0
25	0
25	0
25.15625	0
25.15625	0
25.3125	0
25.3125	0
25.46875	0
25.46875	0
25.625	0
25.625	0
25.78125	0
25.78125	0
25.9375	0
25.9375	0
26.09375	0
26.09375	0
26.25	0
26.25	0
26.40625	0
26.40625	0
26.5625	0
26.5625	0
26.71875	0
26.71875	0
26.875	0
26.875	0
27.03125	0
27.03125	0
27.1875	0
27.1875	0
27.34375	0
27.34375	0
27.5	0
27.5	0
27.65625	0
27.65625	0
27.8125	0
27.8125	0
27.96875	0
27.96875	0
28.125	0
28.125	0
28.28125	0
28.28125	0
28.4375	0
28.4375	0
28.59375	0
28.59375	0
28.75	0
28.75	0
28.90625	0
28.90625	0
29.0625	0
29.0625	0
29.21875	0
29.21875	0
29.375	0
29.375	0
29.53125	0
29.53125	0
29.6875	0
29.6875	0
29.84375	0
29.84375	0
30	0
30	0
30.15625	0
30.15625	0
30.3125	0
30.3125	0
30.46875	0
30.46875	0
30.625	0
30.625	0
30.78125	0
30.78125	0
30.9375	0
30.9375	0
31.09375	0
31.09375	0
31.25	0
31.25	0
31.40625	0
31.40625	0
31.5625	0
31.5625	0
31.71875	0
31.71875	0
31.875	0
31.875	0
32.03125	0
32.03125	0
32.1875	0
32.1875	0
32.34375	0
32.34375	0
32.5	0
32.5	0
32.65625	0
32.65625	0
32.8125	0
32.8125	0
32.96875	0
32.96875	0
33.125	0
33.125	0
33.28125	0
33.28125	0
33.4375	0
33.4375	0
33.59375	0
33.59375	0
33.75	0
33.75	0
33.90625	0
33.90625	0
34.0625	0
34.0625	0
34.21875	0
34.21875	0
34.375	0
34.375	0
34.53125	0
34.53125	0
34.6875	0
34.6875	0
34.84375	0
34.84375	0
35	0
35	0
35.15625	0
35.15625	0
35.3125	0
35.3125	0
35.46875	0
35.46875	0
35.625	0
35.625	0
35.78125	0
35.78125	0
35.9375	0
35.9375	0
36.09375	0
36.09375	0
36.25	0
36.25	0
36.40625	0
36.40625	0
36.5625	0
36.5625	0
36.71875	0
36.71875	0
36.875	0
36.875	0
37.03125	0
37.03125	0
37.1875	0
37.1875	0
37.34375	0
37.34375	0
37.5	0
37.5	0
37.65625	0
37.65625	0
37.8125	0
37.8125	0
37.96875	0
37.96875	0
38.125	0
38.125	0
38.28125	0
38.28125	0
38.4375	0
38.4375	0
38.59375	0
38.59375	0
38.75	0
38.75	0
38.90625	0
38.90625	0
39.0625	0
39.0625	0
39.21875	0
39.21875	0
39.375	0
39.375	0
39.53125	0
39.53125	0
39.6875	0
39.6875	0
39.84375	0
39.84375	0
40	0
40	0
40.15625	0
40.15625	0
40.3125	0
40.3125	0
40.46875	0
40.46875	0
40.625	0
40.625	0
40.78125	0
40.78125	0
40.9375	0
40.9375	0
41.09375	0
41.09375	0
41.25	0
41.25	0
41.40625	0
41.40625	0
41.5625	0
41.5625	0
41.71875	0
41.71875	0
41.875	0
41.875	0
42.03125	0
42.03125	0
42.1875	0
42.1875	0
42.34375	0
42.34375	0
42.5	0
42.5	0
42.65625	0
42.65625	0
42.8125	0
42.8125	0
42.96875	0
42.96875	0
43.125	0
43.125	0
43.28125	0
43.28125	0
43.4375	0
43.4375	0
43.59375	0
43.59375	0
43.75	0
43.75	0
43.90625	0
43.90625	0
44.0625	0
44.0625	0
44.21875	0
44.21875	0
44.375	0
44.375	0
44.53125	0
44.53125	0
44.6875	0
44.6875	0
44.84375	0
44.84375	0
45	0
45	0
45.15625	0
45.15625	0
45.3125	0
45.3125	0
45.46875	0
45.46875	0
45.625	0
45.625	0
45.78125	0
45.78125	0
45.9375	0
45.9375	0
46.09375	0
46.09375	0
46.25	0
46.25	0
46.40625	0
46.40625	0
46.5625	0
46.5625	0
46.71875	0
46.71875	0
46.875	0
46.875	0
47.03125	0
47.03125	0
47.1875	0
47.1875	0
47.34375	0
47.34375	0
47.5	0
47.5	0
47.65625	0
47.65625	0
47.8125	0
47.8125	0
47.96875	0
47.96875	0
48.125	0
48.125	0
48.28125	0
48.28125	0
48.4375	0
48.4375	0
48.59375	0
48.59375	0
48.75	0
48.75	0
48.90625	0
48.90625	0
49.0625	0
49.0625	0
49.21875	0
49.21875	0
49.375	0
49.375	0
49.53125	0
49.53125	0
49.6875	0
49.6875	0
49.84375	0
49.84375	0
50	0
50	0
50.15625	0
50.15625	0
50.3125	0
50.3125	0
50.46875	0
50.46875	0
50.625	0
50.625	0
50.78125	0
50.78125	0
50.9375	0
50.9375	0
51.09375	0
51.09375	0
51.25	0
51.25	0
51.40625	0
51.40625	0
51.5625	0
51.5625	0
51.71875	0
51.71875	0
51.875	0
51.875	0
52.03125	0
52.03125	0
52.1875	0
52.1875	0
52.34375	0
52.34375	0
52.5	0
52.5	0
52.65625	0
52.65625	0
52.8125	0
52.8125	0
52.96875	0
52.96875	0
53.125	0
53.125	0
53.28125	0
53.28125	0
53.4375	0
53.4375	0
53.59375	0
53.59375	0
53.75	0
53.75	0
53.90625	0
53.90625	0
54.0625	0
54.0625	0
54.21875	0
54.21875	0
54.375	0
54.375	0
54.53125	0
54.53125	0
54.6875	0
54.6875	0
54.84375	0
54.84375	0
55	0
55	0
55.15625	0
55.15625	0
55.3125	0
55.3125	0
55.46875	0
55.46875	0
55.625	0
55.625	0
55.78125	0
55.78125	0
55.9375	0
55.9375	0
56.09375	0
56.09375	0
56.25	0
56.25	0
56.40625	0
56.40625	0
56.5625	0
56.5625	0
56.71875	0
56.71875	0
56.875	0
56.875	0
57.03125	0
57.03125	0
57.1875	0
57.1875	0
57.34375	0
57.34375	0
57.5	0
57.5	0
57.65625	0
57.65625	0
57.8125	0
57.8125	0
57.96875	0
57.96875	0
58.125	0
58.125	0
58.28125	0
58.28125	0
58.4375	0
58.4375	0
58.59375	0
58.59375	0
58.75	0
58.75	0
58.90625	0
58.90625	0
59.0625	0
59.0625	0
59.21875	0
59.21875	0
59.375	0
59.375	0
59.53125	0
59.53125	0
59.6875	0
59.6875	0
59.84375	0
59.84375	0
60	0
60	0
60.15625	0
60.15625	0
60.3125	0
60.3125	0
60.46875	0
60.46875	0
60.625	0
60.625	0
60.78125	0
60.78125	0
60.9375	0
60.9375	0
61.09375	0
61.09375	0
61.25	0
61.25	0
61.40625	0
61.40625	0
61.5625	0
61.5625	0
61.71875	0
61.71875	0
61.875	0
61.875	0
62.03125	0
62.03125	0
62.1875	0
62.1875	0
62.34375	0
62.34375	0
62.5	0
62.5	0
62.65625	0
62.65625	0
62.8125	0
62.8125	0
62.96875	0
62.96875	0
63.125	0
63.125	0
63.28125	0
63.28125	0
63.4375	0
63.4375	0
63.59375	0
63.59375	0
63.75	0
63.75	0
63.90625	0
63.90625	0
64.0625	0
64.0625	0
64.21875	0
64.21875	0
64.375	0
64.375	0
64.53125	0
64.53125	0
64.6875	0
64.6875	0
64.84375	0
64.84375	0
65	0
65	0
65.15625	0
65.15625	0
65.3125	0
65.3125	0
65.46875	0
65.46875	0
65.625	0
65.625	0
65.78125	0
65.78125	0
65.9375	0
65.9375	0
66.09375	0
66.09375	0
66.25	0
66.25	0
66.40625	0
66.40625	0
66.5625	0
66.5625	0
66.71875	0
66.71875	0
66.875	0
66.875	0
67.03125	0
67.03125	0
67.1875	0
67.1875	0
67.34375	0
67.34375	0
67.5	0
67.5	0
67.65625	0
67.65625	0
67.8125	0
67.8125	0
67.96875	0
67.96875	0
68.125	0
68.125	0
68.28125	0
68.28125	0
68.4375	0
68.4375	0
68.59375	0
68.59375	0
68.75	0
68.75	0
68.90625	0
68.90625	0
69.0625	0
69.0625	0
69.21875	0
69.21875	0
69.375	0
69.375	0
69.53125	0
69.53125	0
69.6875	0
69.6875	0
69.84375	0
69.84375	0
70	0
70	0
70.15625	0
70.15625	0
70.3125	0
70.3125	0
70.46875	0
70.46875	0
70.625	0
70.625	0
70.78125	0
70.78125	0
70.9375	0
70.9375	0
71.09375	0
71.09375	0
71.25	0
71.25	0
71.40625	0
71.40625	0
71.5625	0
71.5625	0
71.71875	0
71.71875	0
71.875	0
71.875	0
72.03125	0
72.03125	0
72.1875	0
72.1875	0
72.34375	0
72.34375	0
72.5	0
72.5	0
72.65625	0
72.65625	0
72.8125	0
72.8125	0
72.96875	0
72.96875	0
73.125	0
73.125	0
73.28125	0
73.28125	0
73.4375	0
73.4375	0
73.59375	0
73.59375	0
73.75	0
73.75	0
73.90625	0
73.90625	0
74.0625	0
74.0625	0
74.21875	0
74.21875	0
74.375	0
74.375	0
74.53125	0
74.53125	0
74.6875	0
74.6875	0
74.84375	0
74.84375	0
75	0
75	0
75.15625	0
75.15625	0
75.3125	0
75.3125	0
75.46875	0
75.46875	0
75.625	0
75.625	0
75.78125	0
75.78125	0
75.9375	0
75.9375	0
76.09375	0
76.09375	0
76.25	0
76.25	0
76.40625	0
76.40625	0
76.5625	0
76.5625	0
76.71875	0
76.71875	0
76.875	0
76.875	0
77.03125	0
77.03125	0
77.1875	0
77.1875	0
77.34375	0
77.34375	0
77.5	0
77.5	0
77.65625	0
77.65625	0
77.8125	0
77.8125	0
77.96875	0
77.96875	0
78.125	0
78.125	0
78.28125	0
78.28125	0
78.4375	0
78.4375	0
78.59375	0
78.59375	0
78.75	0
78.75	0
78.90625	0
78.90625	0
79.0625	0
79.0625	0
79.21875	0
79.21875	0
79.375	0
79.375	0
79.53125	0
79.53125	0
79.6875	0
79.6875	0
79.84375	0
79.84375	0
80	0
80	0
80.15625	0
80.15625	0
80.3125	0
80.3125	0
80.46875	0
80.46875	0
80.625	0
80.625	0
80.78125	0
80.78125	0
80.9375	0
80.9375	0
81.09375	0
81.09375	0
81.25	0
81.25	0
81.40625	0
81.40625	0
81.5625	0
81.5625	0
81.71875	0
81.71875	0
81.875	0
81.875	0
82.03125	0
82.03125	0
82.1875	0
82.1875	0
82.34375	0
82.34375	0
82.5	0
82.5	0
82.65625	0
82.65625	0
82.8125	0
82.8125	0
82.96875	0
82.96875	0
83.125	0
83.125	0
83.28125	0
83.28125	0
83.4375	0
83.4375	0
83.59375	0
83.59375	0
83.75	0
83.75	0
83.90625	0
83.90625	0
84.0625	0
84.0625	0
84.21875	0
84.21875	0
84.375	0
84.375	0
84.53125	0
84.53125	0
84.6875	0
84.6875	0
84.84375	0
84.84375	0
85	0
85	0
85.15625	0
85.15625	0
85.3125	0
85.3125	0
85.46875	0
85.46875	0
85.625	0
85.625	0
85.78125	0
85.78125	0
85.9375	0
85.9375	0
86.09375	0
86.09375	0
86.25	0
86.25	0
86.40625	0
86.40625	0
86.5625	0
86.5625	0
86.71875	0
86.71875	0
86.875	0
86.875	0
87.03125	0
87.03125	0
87.1875	0
87.1875	0
87.34375	0
87.34375	0
87.5	0
87.5	0
87.65625	0
87.65625	0
87.8125	0
87.8125	0
87.96875	0
87.96875	0
88.125	0
88.125	0
88.28125	0
88.28125	0
88.4375	0
88.4375	0
88.59375	0
88.59375	0
88.75	0
88.75	0
88.90625	0
88.90625	0
89.0625	0
89.0625	0
89.21875	0
89.21875	0
89.375	0
89.375	0
89.53125	0
89.53125	0
89.6875	0
89.6875	0
89.84375	0
89.84375	0
90	0
90	0
90.15625	0
90.15625	0
90.3125	0
90.3125	0
90.46875	0
90.46875	0
90.625	0
90.625	0
90.78125	0
90.78125	0
90.9375	0
90.9375	0
91.09375	0
91.09375	0
91.25	0
91.25	0
91.40625	0
91.40625	0
91.5625	0
91.5625	0
91.71875	0
91.71875	0
91.875	0
91.875	0
92.03125	0
92.03125	0
92.1875	0
92.1875	0
92.34375	0
92.34375	0
92.5	0
92.5	0
92.65625	0
92.65625	0
92.8125	0
92.8125	0
92.96875	0
92.96875	0
93.125	0
93.125	0
93.28125	0
93.28125	0
93.4375	0
93.4375	0
93.59375	0
93.59375	0
93.75	0
93.75	0
93.90625	0
93.90625	0
94.0625	0
94.0625	0
94.21875	0
94.21875	0
94.375	0
94.375	0
94.53125	0
94.53125	0
94.6875	0
94.6875	0
94.84375	0
94.84375	0
95	0
95	0
95.15625	0
95.15625	0
95.3125	0
95.3125	0
95.46875	0
95.46875	0
95.625	0
95.625	0
95.78125	0
95.78125	0
95.9375	0
95.9375	0
96.09375	0
96.09375	0
96.25	0
96.25	0
96.40625	0
96.40625	0
96.5625	0
96.5625	0
96.71875	0
96.71875	0
96.875	0
96.875	0
97.03125	0
97.03125	0
97.1875	0
97.1875	0
97.34375	0
97.34375	0
97.5	0
97.5	0
97.65625	0
97.65625	0
97.8125	0
97.8125	0
97.96875	0
97.96875	0
98.125	0
98.125	0
98.28125	0
98.28125	0
98.4375	0
98.4375	0
98.59375	0
98.59375	0
98.75	0
98.75	0
98.90625	0
98.90625	0
99.0625	0
99.0625	0
99.21875	0
99.21875	0
99.375	0
99.375	0
99.53125	0
99.53125	0
99.6875	0
99.6875	0
99.84375	0
99.84375	0
100	0
0	0
0.15625	0
0.15625	0
0.3125	0
0.3125	0
0.46875	0
0.46875	0
0.625	0
0.625	0
0.78125	0
0.78125	0
0.9375	0
0.9375	0
1.09375	0
1.09375	0
1.25	0
1.25	0
1.40625	0
1.40625	0
1.5625	0
1.5625	0
1.71875	0
1.71875	0
1.875	0
1.875	0
2.03125	0
2.03125	0
2.1875	0
2.1875	0
2.34375	0
2.34375	0
2.5	0
2.5	0
2.65625	0
2.65625	0
2.8125	0
2.8125	0
2.96875	0
2.96875	0
3.125	0
3.125	0
3.28125	0
3.28125	0
3.4375	0
3.4375	0
3.59375	0
3.59375	0
3.75	0
3.75	0
3.90625	0
3.90625	0
4.0625	0
4.0625	0
4.21875	0
4.21875	0
4.375	0
4.375	0
4.53125	0
4.53125	0
4.6875	0
4.6875	0
4.84375	0
4.84375	0
5	0
5	0
5.15625	0
5.15625	0
5.3125	0
5.3125	0
5.46875	0
5.46875	0
5.625	0
5.625	0
5.78125	0
5.78125	0
5.9375	0
5.9375	0
6.09375	0
6.09375	0
6.25	0
6.25	0
6.40625	0
6.40625	0
6.5625	0
6.5625	0
6.71875	0
6.71875	0
6.875	0
6.875	0
7.03125	0
7.03125	0
7.1875	0
7.1875	0
7.34375	0
7.34375	0
7.5	0
7.5	0
7.65625	0
7.65625	0
7.8125	0
7.8125	0
7.96875	0
7.96875	0
8.125	0
8.125	0
8.28125	0
8.28125	0
8.4375	0
8.4375	0
8.59375	0
8.59375	0
8.75	0
8.75	0
8.90625	0
8.90625	0
9.0625	0
9.0625	0
9.21875	0
9.21875	0
9.375	0
9.375	0
9.53125	0
9.53125	0
9.6875	0
9.6875	0
9.84375	0
9.84375	0
10	0
10	0
10.15625	0
10.15625	0
10.3125	0
10.3125	0
10.46875	0
10.46875	0
10.625	0
10.625	0
10.78125	0
10.78125	0
10.9375	0
10.9375	0
11.09375	0
11.09375	0
11.25	0
11.25	0
11.40625	0
11.40625	0
11.5625	0
11.5625	0
11.71875	0
11.71875	0
11.875	0
11.875	0
12.03125	0
12.03125	0
12.1875	0
12.1875	0
12.34375	0
12.34375	0
12.5	0
12.5	0
12.65625	0
12.65625	0
12.8125	0
12.8125	0
12.96875	0
12.96875	0
13.125	0
13.125	0
13.28125	0
13.28125	0
13.4375	0
13.4375	0
13.59375	0
13.59375	0
13.75	0
13.75	0
13.90625	0
13.90625	0
14.0625	0
14.0625	0
14.21875	0
14.21875	0
14.375	0
14.375	0
14.53125	0
14.53125	0
14.6875	0
14.6875	0
14.84375	0
14.84375	0
15	0
15	0
15.15625	0
15.15625	0
15.3125	0
15.3125	0
15.46875	0
15.46875	0
15.625	0
15.625	0
15.78125	0
15.78125	0
15.9375	0
15.9375	0
16.09375	0
16.09375	0
16.25	0
16.25	0
16.40625	0
16.40625	0
16.5625	0
16.5625	0
16.71875	0
16.71875	0
16.875	0
16.875	0
17.03125	0
17.03125	0
17.1875	0
17.1875	0
17.34375	0
17.34375	0
17.5	0
17.5	0
17.65625	0
17.65625	0
17.8125	0
17.8125	0
17.96875	0
17.96875	0
18.125	0
18.125	0
18.28125	0
18.28125	0
18.4375	0
18.4375	0
18.59375	0
18.59375	0
18.75	0
18.75	0
18.90625	0
18.90625	0
19.0625	0
19.0625	0
19.21875	0
19.21875	0
19.375	0
19.375	0
19.53125	0
19.53125	0
19.6875	0
19.6875	0
19.84375	0
19.84375	0
20	0
20	0
20.15625	0
20.15625	0
20.3125	0
20.3125	0
20.46875	0
20.46875	0
20.625	0
20.625	0
20.78125	0
20.78125	0
20.9375	0
20.9375	0
21.09375	0
21.09375	0
21.25	0
21.25	0
21.40625	0
21.40625	0
21.5625	0
21.5625	0
21.71875	0
21.71875	0
21.875	0
21.875	0
22.03125	0
22.03125	0
22.1875	0
22.1875	0
22.34375	0
22.34375	0
22.5	0
22.5	0
22.65625	0
22.65625	0
22.8125	0
22.8125	0
22.96875	0
22.96875	0
23.125	0
23.125	0
23.28125	0
23.28125	0
23.4375	0
23.4375	0
23.59375	0
23.59375	0
23.75	0
23.75	0
23.90625	0
23.90625	0
24.0625	0
24.0625	0
24.21875	0
24.21875	0
24.375	0
24.375	0
24.53125	0
24.53125	0
24.6875	0
24.6875	0
24.84375	0
24.84375	0
25	0
25	0
25.15625	0
25.15625	0
25.3125	0
25.3125	0
25.46875	0
25.46875	0
25.625	0
25.625	0
25.78125	0
25.78125	0
25.9375	0
25.9375	0
26.09375	0
26.09375	0
26.25	0
26.25	0
26.40625	0
26.40625	0
26.5625	0
26.5625	0
26.71875	0
26.71875	0
26.875	0
26.875	0
27.03125	0
27.03125	0
27.1875	0
27.1875	0
27.34375	0
27.34375	0
27.5	0
27.5	0
27.65625	0
27.65625	0
27.8125	0
27.8125	0
27.96875	0
27.96875	0
28.125	0
28.125	0
28.28125	0
28.28125	0
28.4375	0
28.4375	0
28.59375	0
28.59375	0
28.75	0
28.75	0
28.90625	0
28.90625	0
29.0625	0
29.0625	0
29.21875	0
29.21875	0
29.375	0
29.375	0
29.53125	0
29.53125	0
29.6875	0
29.6875	0
29.84375	0
29.84375	0
30	0
30	0
30.15625	0
30.15625	0
30.3125	0
30.3125	0
30.46875	0
30.46875	0
30.625	0
30.625	0
30.78125	0
30.78125	0
30.9375	0
30.9375	0
31.09375	0
31.09375	0
31.25	0
31.25	0
31.40625	0
31.40625	0
31.5625	0
31.5625	0
31.71875	0
31.71875	0
31.875	0
31.875	0
32.03125	0
32.03125	0
32.1875	0
32.1875	0
32.34375	0
32.34375	0
32.5	0
32.5	0
32.65625	0
32.65625	0
32.8125	0
32.8125	0
32.96875	0
32.96875	0
33.125	0
33.125	0
33.28125	0
33.28125	0
33.4375	0
33.4375	0
33.59375	0
33.59375	0
33.75	0
33.75	0
33.90625	0
33.90625	0
34.0625	0
34.0625	0
34.21875	0
34.21875	0
34.375	0
34.375	0
34.53125	0
34.53125	0
34.6875	0
34.6875	0
34.84375	0
34.84375	0
35	0
35	0
35.15625	0
35.15625	0
35.3125	0
35.3125	0
35.46875	0
35.46875	0
35.625	0
35.625	0
35.78125	0
35.78125	0
35.9375	0
35.9375	0
36.09375	0
36.09375	0
36.25	0
36.25	0
36.40625	0
36.40625	0
36.5625	0
36.5625	0
36.71875	0
36.71875	0
36.875	0
36.875	0
37.03125	0
37.03125	0
37.1875	0
37.1875	0
37.34375	0
37.34375	0
37.5	0
37.5	0
37.65625	0
37.65625	0
37.8125	0
37.8125	0
37.96875	0
37.96875	0
38.125	0
38.125	0
38.28125	0
38.28125	0
38.4375	0
38.4375	0
38.59375	0
38.59375	0
38.75	0
38.75	0
38.90625	0
38.90625	0
39.0625	0
39.0625	0
39.21875	0
39.21875	0
39.375	0
39.375	0
39.53125	0
39.53125	0
39.6875	0
39.6875	0
39.84375	0
39.84375	0
40	-2.44921270764475e-16
40	-2.46330733588707e-16
40.15625	0.024541228522912
40.15625	0.024541228522912
40.3125	0.0490676743274176
40.3125	0.0490676743274176
40.46875	0.0735645635996669
40.46875	0.0735645635996669
40.625	0.0980171403295609
40.625	0.0980171403295609
40.78125	0.122410675199216
40.78125	0.122410675199216
40.9375	0.146730474455362
40.9375	0.146730474455362
41.09375	0.170961888760301
41.09375	0.170961888760301
41.25	0.195090322016128
41.25	0.195090322016128
41.40625	0.21910124015687
41.40625	0.21910124015687
41.5625	0.242980179903264
41.5625	0.242980179903264
41.71875	0.266712757474898
41.71875	0.266712757474898
41.875	0.290284677254462
41.875	0.290284677254462
42.03125	0.313681740398891
42.03125	0.313681740398891
42.1875	0.33688985339222
42.1875	0.33688985339222
42.34375	0.359895036534988
42.34375	0.359895036534988
42.5	0.38268343236509
42.5	0.38268343236509
42.65625	0.40524131400499
42.65625	0.40524131400499
42.8125	0.427555093430282
42.8125	0.427555093430282
42.96875	0.449611329654606
42.96875	0.449611329654607
43.125	0.471396736825998
43.125	0.471396736825998
43.28125	0.492898192229784
43.28125	0.492898192229784
43.4375	0.514102744193221
43.4375	0.514102744193221
43.59375	0.534997619887097
43.59375	0.534997619887097
43.75	0.555570233019602
43.75	0.555570233019602
43.90625	0.575808191417846
43.90625	0.575808191417846
44.0625	0.595699304492434
44.0625	0.595699304492433
44.21875	0.615231590580627
44.21875	0.615231590580627
44.375	0.634393284163645
44.375	0.634393284163646
44.53125	0.653172842953777
44.53125	0.653172842953777
44.6875	0.671558954847018
44.6875	0.671558954847018
44.84375	0.689540544737067
44.84375	0.689540544737067
45	0.707106781186547
45	0.707106781186547
45.15625	0.724247082951467
45.15625	0.724247082951467
45.3125	0.740951125354959
45.3125	0.740951125354959
45.46875	0.757208846506484
45.46875	0.757208846506484
45.625	0.773010453362737
45.625	0.773010453362737
45.78125	0.788346427626606
45.78125	0.788346427626606
45.9375	0.803207531480645
45.9375	0.803207531480645
46.09375	0.817584813151584
46.09375	0.817584813151584
46.25	0.831469612302545
46.25	0.831469612302545
46.40625	0.844853565249707
46.40625	0.844853565249707
46.5625	0.857728610000272
46.5625	0.857728610000272
46.71875	0.870086991108711
46.71875	0.870086991108711
46.875	0.881921264348355
46.875	0.881921264348355
47.03125	0.893224301195515
47.03125	0.893224301195515
47.1875	0.903989293123443
47.1875	0.903989293123443
47.34375	0.914209755703531
47.34375	0.914209755703531
47.5	0.923879532511287
47.5	0.923879532511287
47.65625	0.932992798834739
47.65625	0.932992798834739
47.8125	0.941544065183021
47.8125	0.941544065183021
47.96875	0.949528180593037
47.96875	0.949528180593037
48.125	0.956940335732209
48.125	0.956940335732209
48.28125	0.96377606579544
48.28125	0.96377606579544
48.4375	0.970031253194544
48.4375	0.970031253194544
48.59375	0.975702130038528
48.59375	0.975702130038528
48.75	0.98078528040323
48.75	0.98078528040323
48.90625	0.985277642388941
48.90625	0.985277642388941
49.0625	0.989176509964781
49.0625	0.989176509964781
49.21875	0.99247953459871
49.21875	0.99247953459871
49.375	0.995184726672197
49.375	0.995184726672197
49.53125	0.99729045667869
49.53125	0.99729045667869
49.6875	0.998795456205172
49.6875	0.998795456205172
49.84375	0.999698818696204
49.84375	0.999698818696204
50	1
50	1
50.15625	0.999698818696204
50.15625	0.999698818696204
50.3125	0.998795456205172
50.3125	0.998795456205172
50.46875	0.99729045667869
50.46875	0.99729045667869
50.625	0.995184726672197
50.625	0.995184726672197
50.78125	0.99247953459871
50.78125	0.99247953459871
50.9375	0.989176509964781
50.9375	0.989176509964781
51.09375	0.985277642388941
51.09375	0.985277642388941
51.25	0.980785280403231
51.25	0.980785280403231
51.40625	0.975702130038529
51.40625	0.975702130038529
51.5625	0.970031253194544
51.5625	0.970031253194544
51.71875	0.96377606579544
51.71875	0.96377606579544
51.875	0.956940335732209
51.875	0.956940335732209
52.03125	0.949528180593037
52.03125	0.949528180593037
52.1875	0.941544065183021
52.1875	0.941544065183021
52.34375	0.932992798834739
52.34375	0.932992798834739
52.5	0.923879532511287
52.5	0.923879532511287
52.65625	0.914209755703531
52.65625	0.914209755703531
52.8125	0.903989293123443
52.8125	0.903989293123443
52.96875	0.893224301195516
52.96875	0.893224301195516
53.125	0.881921264348355
53.125	0.881921264348355
53.28125	0.870086991108711
53.28125	0.870086991108711
53.4375	0.857728610000272
53.4375	0.857728610000272
53.59375	0.844853565249707
53.59375	0.844853565249707
53.75	0.831469612302546
53.75	0.831469612302546
53.90625	0.817584813151584
53.90625	0.817584813151584
54.0625	0.803207531480645
54.0625	0.803207531480645
54.21875	0.788346427626606
54.21875	0.788346427626606
54.375	0.773010453362738
54.375	0.773010453362738
54.53125	0.757208846506485
54.53125	0.757208846506485
54.6875	0.740951125354959
54.6875	0.740951125354959
54.84375	0.724247082951467
54.84375	0.724247082951467
55	0.707106781186547
55	0.707106781186547
55.15625	0.689540544737067
55.15625	0.689540544737067
55.3125	0.671558954847018
55.3125	0.671558954847018
55.46875	0.653172842953777
55.46875	0.653172842953777
55.625	0.634393284163645
55.625	0.634393284163645
55.78125	0.615231590580627
55.78125	0.615231590580627
55.9375	0.595699304492433
55.9375	0.595699304492433
56.09375	0.575808191417846
56.09375	0.575808191417846
56.25	0.555570233019602
56.25	0.555570233019602
56.40625	0.534997619887097
56.40625	0.534997619887096
56.5625	0.514102744193222
56.5625	0.514102744193222
56.71875	0.492898192229784
56.71875	0.492898192229784
56.875	0.471396736825998
56.875	0.471396736825998
57.03125	0.449611329654606
57.03125	0.449611329654606
57.1875	0.427555093430283
57.1875	0.427555093430283
57.34375	0.40524131400499
57.34375	0.40524131400499
57.5	0.382683432365091
57.5	0.382683432365091
57.65625	0.359895036534988
57.65625	0.359895036534988
57.8125	0.336889853392221
57.8125	0.336889853392221
57.96875	0.313681740398892
57.96875	0.313681740398892
58.125	0.290284677254462
58.125	0.290284677254462
58.28125	0.266712757474899
58.28125	0.266712757474899
58.4375	0.242980179903263
58.4375	0.242980179903263
58.59375	0.21910124015687
58.59375	0.21910124015687
58.75	0.195090322016128
58.75	0.195090322016128
58.90625	0.170961888760302
58.90625	0.170961888760302
59.0625	0.146730474455362
59.0625	0.146730474455362
59.21875	0.122410675199217
59.21875	0.122410675199217
59.375	0.0980171403295606
59.375	0.0980171403295606
59.53125	0.0735645635996684
59.53125	0.0735645635996684
59.6875	0.0490676743274182
59.6875	0.0490676743274182
59.84375	0.0245412285229117
59.84375	0.0245412285229117
60	3.67761376907083e-16
60	3.67381906146713e-16
60.15625	0
60.15625	0
60.3125	0
60.3125	0
60.46875	0
60.46875	0
60.625	0
60.625	0
60.78125	0
60.78125	0
60.9375	0
60.9375	0
61.09375	0
61.09375	0
61.25	0
61.25	0
61.40625	0
61.40625	0
61.5625	0
61.5625	0
61.71875	0
61.71875	0
61.875	0
61.875	0
62.03125	0
62.03125	0
62.1875	0
62.1875	0
62.34375	0
62.34375	0
62.5	0
62.5	0
62.65625	0
62.65625	0
62.8125	0
62.8125	0
62.96875	0
62.96875	0
63.125	0
63.125	0
63.28125	0
63.28125	0
63.4375	0
63.4375	0
63.59375	0
63.59375	0
63.75	0
63.75	0
63.90625	0
63.90625	0
64.0625	0
64.0625	0
64.21875	0
64.21875	0
64.375	0
64.375	0
64.53125	0
64.53125	0
64.6875	0
64.6875	0
64.84375	0
64.84375	0
65	0
65	0
65.15625	0
65.15625	0
65.3125	0
65.3125	0
65.46875	0
65.46875	0
65.625	0
65.625	0
65.78125	0
65.78125	0
65.9375	0
65.9375	0
66.09375	0
66.09375	0
66.25	0
66.25	0
66.40625	0
66.40625	0
66.5625	0
66.5625	0
66.71875	0
66.71875	0
66.875	0
66.875	0
67.03125	0
67.03125	0
67.1875	0
67.1875	0
67.34375	0
67.34375	0
67.5	0
67.5	0
67.65625	0
67.65625	0
67.8125	0
67.8125	0
67.96875	0
67.96875	0
68.125	0
68.125	0
68.28125	0
68.28125	0
68.4375	0
68.4375	0
68.59375	0
68.59375	0
68.75	0
68.75	0
68.90625	0
68.90625	0
69.0625	0
69.0625	0
69.21875	0
69.21875	0
69.375	0
69.375	0
69.53125	0
69.53125	0
69.6875	0
69.6875	0
69.84375	0
69.84375	0
70	0
70	0
70.15625	0
70.15625	0
70.3125	0
70.3125	0
70.46875	0
70.46875	0
70.625	0
70.625	0
70.78125	0
70.78125	0
70.9375	0
70.9375	0
71.09375	0
71.09375	0
71.25	0
71.25	0
71.40625	0
71.40625	0
71.5625	0
71.5625	0
71.71875	0
71.71875	0
71.875	0
71.875	0
72.03125	0
72.03125	0
72.1875	0
72.1875	0
72.34375	0
72.34375	0
72.5	0
72.5	0
72.65625	0
72.65625	0
72.8125	0
72.8125	0
72.96875	0
72.96875	0
73.125	0
73.125	0
73.28125	0
73.28125	0
73.4375	0
73.4375	0
73.59375	0
73.59375	0
73.75	0
73.75	0
73.90625	0
73.90625	0
74.0625	0
74.0625	0
74.21875	0
74.21875	0
74.375	0
74.375	0
74.53125	0
74.53125	0
74.6875	0
74.6875	0
74.84375	0
74.84375	0
75	0
75	0
75.15625	0
75.15625	0
75.3125	0
75.3125	0
75.46875	0
75.46875	0
75.625	0
75.625	0
75.78125	0
75.78125	0
75.9375	0
75.9375	0
76.09375	0
76.09375	0
76.25	0
76.25	0
76.40625	0
76.40625	0
76.5625	0
76.5625	0
76.71875	0
76.71875	0
76.875	0
76.875	0
77.03125	0
77.03125	0
77.1875	0
77.1875	0
77.34375	0
77.34375	0
77.5	0
77.5	0
77.65625	0
77.65625	0
77.8125	0
77.8125	0
77.96875	0
77.96875	0
78.125	0
78.125	0
78.28125	0
78.28125	0
78.4375	0
78.4375	0
78.59375	0
78.59375	0
78.75	0
78.75	0
78.90625	0
78.90625	0
79.0625	0
79.0625	0
79.21875	0
79.21875	0
79.375	0
79.375	0
79.53125	0
79.53125	0
79.6875	0
79.6875	0
79.84375	0
79.84375	0
80	0
80	0
80.15625	0
80.15625	0
80.3125	0
80.3125	0
80.46875	0
80.46875	0
80.625	0
80.625	0
80.78125	0
80.78125	0
80.9375	0
80.9375	0
81.09375	0
81.09375	0
81.25	0
81.25	0
81.40625	0
81.40625	0
81.5625	0
81.5625	0
81.71875	0
81.71875	0
81.875	0
81.875	0
82.03125	0
82.03125	0
82.1875	0
82.1875	0
82.34375	0
82.34375	0
82.5	0
82.5	0
82.65625	0
82.65625	0
82.8125	0
82.8125	0
82.96875	0
82.96875	0
83.125	0
83.125	0
83.28125	0
83.28125	0
83.4375	0
83.4375	0
83.59375	0
83.59375	0
83.75	0
83.75	0
83.90625	0
83.90625	0
84.0625	0
84.0625	0
84.21875	0
84.21875	0
84.375	0
84.375	0
84.53125	0
84.53125	0
84.6875	0
84.6875	0
84.84375	0
84.84375	0
85	0
85	0
85.15625	0
85.15625	0
85.3125	0
85.3125	0
85.46875	0
85.46875	0
85.625	0
85.625	0
85.78125	0
85.78125	0
85.9375	0
85.9375	0
86.09375	0
86.09375	0
86.25	0
86.25	0
86.40625	0
86.40625	0
86.5625	0
86.5625	0
86.71875	0
86.71875	0
86.875	0
86.875	0
87.03125	0
87.03125	0
87.1875	0
87.1875	0
87.34375	0
87.34375	0
87.5	0
87.5	0
87.65625	0
87.65625	0
87.8125	0
87.8125	0
87.96875	0
87.96875	0
88.125	0
88.125	0
88.28125	0
88.28125	0
88.4375	0
88.4375	0
88.59375	0
88.59375	0
88.75	0
88.75	0
88.90625	0
88.90625	0
89.0625	0
89.0625	0
89.21875	0
89.21875	0
89.375	0
89.375	0
89.53125	0
89.53125	0
89.6875	0
89.6875	0
89.84375	0
89.84375	0
90	0
90	0
90.15625	0
90.15625	0
90.3125	0
90.3125	0
90.46875	0
90.46875	0
90.625	0
90.625	0
90.78125	0
90.78125	0
90.9375	0
90.9375	0
91.09375	0
91.09375	0
91.25	0
91.25	0
91.40625	0
91.40625	0
91.5625	0
91.5625	0
91.71875	0
91.71875	0
91.875	0
91.875	0
92.03125	0
92.03125	0
92.1875	0
92.1875	0
92.34375	0
92.34375	0
92.5	0
92.5	0
92.65625	0
92.65625	0
92.8125	0
92.8125	0
92.96875	0
92.96875	0
93.125	0
93.125	0
93.28125	0
93.28125	0
93.4375	0
93.4375	0
93.59375	0
93.59375	0
93.75	0
93.75	0
93.90625	0
93.90625	0
94.0625	0
94.0625	0
94.21875	0
94.21875	0
94.375	0
94.375	0
94.53125	0
94.53125	0
94.6875	0
94.6875	0
94.84375	0
94.84375	0
95	0
95	0
95.15625	0
95.15625	0
95.3125	0
95.3125	0
95.46875	0
95.46875	0
95.625	0
95.625	0
95.78125	0
95.78125	0
95.9375	0
95.9375	0
96.09375	0
96.09375	0
96.25	0
96.25	0
96.40625	0
96.40625	0
96.5625	0
96.5625	0
96.71875	0
96.71875	0
96.875	0
96.875	0
97.03125	0
97.03125	0
97.1875	0
97.1875	0
97.34375	0
97.34375	0
97.5	0
97.5	0
97.65625	0
97.65625	0
97.8125	0
97.8125	0
97.96875	0
97.96875	0
98.125	0
98.125	0
98.28125	0
98.28125	0
98.4375	0
98.4375	0
98.59375	0
98.59375	0
98.75	0
98.75	0
98.90625	0
98.90625	0
99.0625	0
99.0625	0
99.21875	0
99.21875	0
99.375	0
99.375	0
99.53125	0
99.53125	0
99.6875	0
99.6875	0
99.84375	0
99.84375	0
100	0
0	-0
0.15625	0
0.15625	-0
0.3125	0
0.3125	-0
0.46875	0
0.46875	-0
0.625	0
0.625	-0
0.78125	0
0.78125	-0
0.9375	0
0.9375	-0
1.09375	0
1.09375	-0
1.25	0
1.25	-0
1.40625	0
1.40625	-0
1.5625	0
1.5625	-0
1.71875	0
1.71875	-0
1.875	0
1.875	-0
2.03125	0
2.03125	-0
2.1875	0
2.1875	-0
2.34375	0
2.34375	-0
2.5	0
2.5	-0
2.65625	0
2.65625	-0
2.8125	0
2.8125	-0
2.96875	0
2.96875	-0
3.125	0
3.125	-0
3.28125	0
3.28125	-0
3.4375	0
3.4375	-0
3.59375	0
3.59375	-0
3.75	0
3.75	-0
3.90625	0
3.90625	-0
4.0625	0
4.0625	-0
4.21875	0
4.21875	-0
4.375	0
4.375	-0
4.53125	0
4.53125	-0
4.6875	0
4.6875	-0
4.84375	0
4.84375	-0
5	0
5	-0
5.15625	0
5.15625	-0
5.3125	0
5.3125	-0
5.46875	0
5.46875	-0
5.625	0
5.625	-0
5.78125	0
5.78125	-0
5.9375	0
5.9375	-0
6.09375	0
6.09375	-0
6.25	0
6.25	-0
6.40625	0
6.40625	-0
6.5625	0
6.5625	-0
6.71875	0
6.71875	-0
6.875	0
6.875	-0
7.03125	0
7.03125	-0
7.1875	0
7.1875	-0
7.34375	0
7.34375	-0
7.5	0
7.5	-0
7.65625	0
7.65625	-0
7.8125	0
7.8125	-0
7.96875	0
7.96875	-0
8.125	0
8.125	-0
8.28125	0
8.28125	-0
8.4375	0
8.4375	-0
8.59375	0
8.59375	-0
8.75	0
8.75	-0
8.90625	0
8.90625	-0
9.0625	0
9.0625	-0
9.21875	0
9.21875	-0
9.375	0
9.375	-0
9.53125	0
9.53125	-0
9.6875	0
9.6875	-0
9.84375	0
9.84375	-0
10	0
10	-0
10.15625	0
10.15625	-0
10.3125	0
10.3125	-0
10.46875	0
10.46875	-0
10.625	0
10.625	-0
10.78125	0
10.78125	-0
10.9375	0
10.9375	-0
11.09375	0
11.09375	-0
11.25	0
11.25	-0
11.40625	0
11.40625	-0
11.5625	0
11.5625	-0
11.71875	0
11.71875	-0
11.875	0
11.875	-0
12.03125	0
12.03125	-0
12.1875	0
12.1875	-0
12.34375	0
12.34375	-0
12.5	0
12.5	-0
12.65625	0
12.65625	-0
12.8125	0
12.8125	-0
12.96875	0
12.96875	-0
13.125	0
13.125	-0
13.28125	0
13.28125	-0
13.4375	0
13.4375	-0
13.59375	0
13.59375	-0
13.75	0
13.75	-0
13.90625	0
13.90625	-0
14.0625	0
14.0625	-0
14.21875	0
14.21875	-0
14.375	0
14.375	-0
14.53125	0
14.53125	-0
14.6875	0
14.6875	-0
14.84375	0
14.84375	-0
15	0
15	-0
15.15625	0
15.15625	-0
15.3125	0
15.3125	-0
15.46875	0
15.46875	-0
15.625	0
15.625	-0
15.78125	0
15.78125	-0
15.9375	0
15.9375	-0
16.09375	0
16.09375	-0
16.25	0
16.25	-0
16.40625	0
16.40625	-0
16.5625	0
16.5625	-0
16.71875	0
16.71875	-0
16.875	0
16.875	-0
17.03125	0
17.03125	-0
17.1875	0
17.1875	-0
17.34375	0
17.34375	-0
17.5	0
17.5	-0
17.65625	0
17.65625	-0
17.8125	0
17.8125	-0
17.96875	0
17.96875	-0
18.125	0
18.125	-0
18.28125	0
18.28125	-0
18.4375	0
18.4375	-0
18.59375	0
18.59375	-0
18.75	0
18.75	-0
18.90625	0
18.90625	-0
19.0625	0
19.0625	-0
19.21875	0
19.21875	-0
19.375	0
19.375	-0
19.53125	0
19.53125	-0
19.6875	0
19.6875	-0
19.84375	0
19.84375	-0
20	0
20	-0
20.15625	0
20.15625	-0
20.3125	0
20.3125	-0
20.46875	0
20.46875	-0
20.625	0
20.625	-0
20.78125	0
20.78125	-0
20.9375	0
20.9375	-0
21.09375	0
21.09375	-0
21.25	0
21.25	-0
21.40625	0
21.40625	-0
21.5625	0
21.5625	-0
21.71875	0
21.71875	-0
21.875	0
21.875	-0
22.03125	0
22.03125	-0
22.1875	0
22.1875	-0
22.34375	0
22.34375	-0
22.5	0
22.5	-0
22.65625	0
22.65625	-0
22.8125	0
22.8125	-0
22.96875	0
22.96875	-0
23.125	0
23.125	-0
23.28125	0
23.28125	-0
23.4375	0
23.4375	-0
23.59375	0
23.59375	-0
23.75	0
23.75	-0
23.90625	0
23.90625	-0
24.0625	0
24.0625	-0
24.21875	0
24.21875	-0
24.375	0
24.375	-0
24.53125	0
24.53125	-0
24.6875	0
24.6875	-0
24.84375	0
24.84375	-0
25	0
25	-0
25.15625	0
25.15625	-0
25.3125	0
25.3125	-0
25.46875	0
25.46875	-0
25.625	0
25.625	-0
25.78125	0
25.78125	-0
25.9375	0
25.9375	-0
26.09375	0
26.09375	-0
26.25	0
26.25	-0
26.40625	0
26.40625	-0
26.5625	0
26.5625	-0
26.71875	0
26.71875	-0
26.875	0
26.875	-0
27.03125	0
27.03125	-0
27.1875	0
27.1875	-0
27.34375	0
27.34375	-0
27.5	0
27.5	-0
27.65625	0
27.65625	-0
27.8125	0
27.8125	-0
27.96875	0
27.96875	-0
28.125	0
28.125	-0
28.28125	0
28.28125	-0
28.4375	0
28.4375	-0
28.59375	0
28.59375	-0
28.75	0
28.75	-0
28.90625	0
28.90625	-0
29.0625	0
29.0625	-0
29.21875	0
29.21875	-0
29.375	0
29.375	-0
29.53125	0
29.53125	-0
29.6875	0
29.6875	-0
29.84375	0
29.84375	-0
30	0
30	-0
30.15625	0
30.15625	-0
30.3125	0
30.3125	-0
30.46875	0
30.46875	-0
30.625	0
30.625	-0
30.78125	0
30.78125	-0
30.9375	0
30.9375	-0
31.09375	0
31.09375	-0
31.25	0
31.25	-0
31.40625	0
31.40625	-0
31.5625	0
31.5625	-0
31.71875	0
31.71875	-0
31.875	0
31.875	-0
32.03125	0
32.03125	-0
32.1875	0
32.1875	-0
32.34375	0
32.34375	-0
32.5	0
32.5	-0
32.65625	0
32.65625	-0
32.8125	0
32.8125	-0
32.96875	0
32.96875	-0
33.125	0
33.125	-0
33.28125	0
33.28125	-0
33.4375	0
33.4375	-0
33.59375	0
33.59375	-0
33.75	0
33.75	-0
33.90625	0
33.90625	-0
34.0625	0
34.0625	-0
34.21875	0
34.21875	-0
34.375	0
34.375	-0
34.53125	0
34.53125	-0
34.6875	0
34.6875	-0
34.84375	0
34.84375	-0
35	0
35	-0
35.15625	0
35.15625	-0
35.3125	0
35.3125	-0
35.46875	0
35.46875	-0
35.625	0
35.625	-0
35.78125	0
35.78125	-0
35.9375	0
35.9375	-0
36.09375	0
36.09375	-0
36.25	0
36.25	-0
36.40625	0
36.40625	-0
36.5625	0
36.5625	-0
36.71875	0
36.71875	-0
36.875	0
36.875	-0
37.03125	0
37.03125	-0
37.1875	0
37.1875	-0
37.34375	0
37.34375	-0
37.5	0
37.5	-0
37.65625	0
37.65625	-0
37.8125	0
37.8125	-0
37.96875	0
37.96875	-0
38.125	0
38.125	-0
38.28125	0
38.28125	-0
38.4375	0
38.4375	-0
38.59375	0
38.59375	-0
38.75	0
38.75	-0
38.90625	0
38.90625	-0
39.0625	0
39.0625	-0
39.21875	0
39.21875	-0
39.375	0
39.375	-0
39.53125	0
39.53125	-0
39.6875	0
39.6875	-0
39.84375	0
39.84375	-2.44921270764475e-16
40	-2.44921270764475e-16
40	0.0245412285229122
40.15625	0.0245412285229122
40.15625	0.0245264458045056
40.3125	0.0245264458045056
40.3125	0.0244968892722493
40.46875	0.0244968892722493
40.46875	0.024452576729894
40.625	0.024452576729894
40.625	0.0243935348696555
40.78125	0.0243935348696555
40.78125	0.0243197992561455
40.9375	0.0243197992561455
40.9375	0.0242314143049394
41.09375	0.0242314143049394
41.09375	0.024128433255827
41.25	0.024128433255827
41.25	0.0240109181407414
41.40625	0.0240109181407414
41.40625	0.023878939746394
41.5625	0.023878939746394
41.5625	0.0237325775716344
41.71875	0.0237325775716344
41.71875	0.0235719197795639
41.875	0.0235719197795639
41.875	0.0233970631444291
42.03125	0.0233970631444291
42.03125	0.0232081129933285
42.1875	0.0232081129933285
42.1875	0.0230051831427688
42.34375	0.0230051831427688
42.34375	0.0227883958301016
42.5	0.0227883958301016
42.5	0.0225578816399
42.65625	0.0225578816399
42.65625	0.0223137794252921
42.8125	0.0223137794252921
42.8125	0.0220562362243245
42.96875	0.0220562362243245
42.96875	0.021785407171391
43.125	0.021785407171391
43.125	0.0215014554037863
43.28125	0.0215014554037863
43.28125	0.0212045519634376
43.4375	0.0212045519634376
43.4375	0.0208948756938754
43.59375	0.0208948756938754
43.59375	0.020572613132505
43.75	0.020572613132505
43.75	0.0202379583982437
43.90625	0.0202379583982437
43.90625	0.019891113074588
44.0625	0.019891113074588
44.0625	0.0195322860881934
44.21875	0.0195322860881934
44.21875	0.0191616935830187
44.375	0.0191616935830187
44.375	0.0187795587901312
44.53125	0.0187795587901312
44.53125	0.0183861118932416
44.6875	0.0183861118932416
44.6875	0.0179815898900485
44.84375	0.0179815898900485
44.84375	0.0175662364494805
45	0.0175662364494805
45	0.0171403017649193
45.15625	0.0171403017649193
45.15625	0.0167040424034921
45.3125	0.0167040424034921
45.3125	0.0162577211515255
45.46875	0.0162577211515255
45.46875	0.0158016068562529
45.625	0.0158016068562529
45.625	0.0153359742638692
45.78125	0.0153359742638692
45.78125	0.0148611038540386
45.9375	0.0148611038540386
45.9375	0.0143772816709388
46.09375	0.0143772816709388
46.09375	0.0138847991509615
46.25	0.0138847991509615
46.25	0.0133839529471618
46.40625	0.0133839529471618
46.40625	0.012875044750565
46.5625	0.012875044750565
46.5625	0.0123583811084392
46.71875	0.0123583811084392
46.71875	0.0118342732396436
46.875	0.0118342732396436
46.875	0.0113030368471603
47.03125	0.0113030368471603
47.03125	0.010764991927928
47.1875	0.010764991927928
47.1875	0.0102204625800877
47.34375	0.0102204625800877
47.34375	0.00966977680775605
47.5	0.00966977680775605
47.5	0.00911326632345211
47.65625	0.00911326632345211
47.65625	0.00855126634828185
47.8125	0.00855126634828185
47.8125	0.00798411541001587
47.96875	0.00798411541001587
47.96875	0.00741215513917215
48.125	0.00741215513917215
48.125	0.00683573006323102
48.28125	0.00683573006323102
48.28125	0.00625518739910402
48.4375	0.00625518739910402
48.4375	0.0056708768439846
48.59375	0.0056708768439846
48.59375	0.00508315036470186
48.75	0.00508315036470186
48.75	0.00449236198571101
48.90625	0.00449236198571101
48.90625	0.00389886757583968
49.0625	0.00389886757583968
49.0625	0.00330302463392895
49.21875	0.00330302463392895
49.21875	0.00270519207348696
49.375	0.00270519207348696
49.375	0.00210573000649328
49.53125	0.00210573000649328
49.53125	0.0015049995264822
49.6875	0.0015049995264822
49.6875	0.000903362491031845
49.84375	0.000903362491031845
49.84375	0.00030118130379575
50	0.00030118130379575
50	-0.00030118130379575
50.15625	-0.00030118130379575
50.15625	-0.000903362491031845
50.3125	-0.000903362491031845
50.3125	-0.0015049995264822
50.46875	-0.0015049995264822
50.46875	-0.00210573000649339
50.625	-0.00210573000649339
50.625	-0.00270519207348685
50.78125	-0.00270519207348685
50.78125	-0.00330302463392884
50.9375	-0.00330302463392884
50.9375	-0.0038988675758399
51.09375	-0.0038988675758399
51.09375	-0.00449236198571057
51.25	-0.00449236198571057
51.25	-0.00508315036470208
51.40625	-0.00508315036470208
51.40625	-0.00567087684398471
51.5625	-0.00567087684398471
51.5625	-0.00625518739910391
51.71875	-0.00625518739910391
51.71875	-0.00683573006323124
51.875	-0.00683573006323124
51.875	-0.00741215513917193
52.03125	-0.00741215513917193
52.03125	-0.00798411541001609
52.1875	-0.00798411541001609
52.1875	-0.00855126634828152
52.34375	-0.00855126634828152
52.34375	-0.00911326632345244
52.5	-0.00911326632345244
52.5	-0.00966977680775571
52.65625	-0.00966977680775571
52.65625	-0.0102204625800877
52.8125	-0.0102204625800877
52.8125	-0.0107649919279276
52.96875	-0.0107649919279276
52.96875	-0.0113030368471606
53.125	-0.0113030368471606
53.125	-0.011834273239644
53.28125	-0.011834273239644
53.28125	-0.0123583811084389
53.4375	-0.0123583811084389
53.4375	-0.0128750447505653
53.59375	-0.0128750447505653
53.59375	-0.0133839529471613
53.75	-0.0133839529471613
53.75	-0.013884799150962
53.90625	-0.013884799150962
53.90625	-0.0143772816709382
54.0625	-0.0143772816709382
54.0625	-0.0148611038540392
54.21875	-0.0148611038540392
54.21875	-0.0153359742638687
54.375	-0.0153359742638687
54.375	-0.015801606856253
54.53125	-0.015801606856253
54.53125	-0.0162577211515259
54.6875	-0.0162577211515259
54.6875	-0.0167040424034915
54.84375	-0.0167040424034915
54.84375	-0.01714030176492
55	-0.01714030176492
55	-0.0175662364494799
55.15625	-0.0175662364494799
55.15625	-0.0179815898900492
55.3125	-0.0179815898900492
55.3125	-0.0183861118932409
55.46875	-0.0183861118932409
55.46875	-0.0187795587901318
55.625	-0.0187795587901318
55.625	-0.0191616935830179
55.78125	-0.0191616935830179
55.78125	-0.0195322860881941
55.9375	-0.0195322860881941
55.9375	-0.0198911130745874
56.09375	-0.0198911130745874
56.09375	-0.0202379583982437
56.25	-0.0202379583982437
56.25	-0.0205726131325057
56.40625	-0.0205726131325057
56.40625	-0.0208948756938746
56.5625	-0.0208948756938746
56.5625	-0.0212045519634384
56.71875	-0.0212045519634384
56.71875	-0.0215014554037856
56.875	-0.0215014554037856
56.875	-0.0217854071713917
57.03125	-0.0217854071713917
57.03125	-0.0220562362243237
57.1875	-0.0220562362243237
57.1875	-0.0223137794252929
57.34375	-0.0223137794252929
57.34375	-0.0225578816398992
57.5	-0.0225578816398992
57.5	-0.0227883958301023
57.65625	-0.0227883958301023
57.65625	-0.0230051831427672
57.8125	-0.0230051831427672
57.8125	-0.0232081129933293
57.96875	-0.0232081129933293
57.96875	-0.0233970631444299
58.125	-0.0233970631444299
58.125	-0.0235719197795631
58.28125	-0.0235719197795631
58.28125	-0.0237325775716353
58.4375	-0.0237325775716353
58.4375	-0.0238789397463932
58.59375	-0.0238789397463932
58.59375	-0.0240109181407423
58.75	-0.0240109181407423
58.75	-0.0241284332558261
58.90625	-0.0241284332558261
58.90625	-0.0242314143049403
59.0625	-0.0242314143049403
59.0625	-0.0243197992561446
59.21875	-0.0243197992561446
59.21875	-0.0243935348696564
59.375	-0.0243935348696564
59.375	-0.0244525767298922
59.53125	-0.0244525767298922
59.53125	-0.0244968892722502
59.6875	-0.0244968892722502
59.6875	-0.0245264458045065
59.84375	-0.0245264458045065
59.84375	-0.0245412285229113
60	-0.0245412285229113
60	-3.67381906146713e-16
60.15625	-3.67381906146713e-16
60.15625	-0
60.3125	0
60.3125	-0
60.46875	0
60.46875	-0
60.625	0
60.625	-0
60.78125	0
60.78125	-0
60.9375	0
60.9375	-0
61.09375	0
61.09375	-0
61.25	0
61.25	-0
61.40625	0
61.40625	-0
61.5625	0
61.5625	-0
61.71875	0
61.71875	-0
61.875	0
61.875	-0
62.03125	0
62.03125	-0
62.1875	0
62.1875	-0
62.34375	0
62.34375	-0
62.5	0
62.5	-0
62.65625	0
62.65625	-0
62.8125	0
62.8125	-0
62.96875	0
62.96875	-0
63.125	0
63.125	-0
63.28125	0
63.28125	-0
63.4375	0
63.4375	-0
63.59375	0
63.59375	-0
63.75	0
63.75	-0
63.90625	0
63.90625	-0
64.0625	0
64.0625	-0
64.21875	0
64.21875	-0
64.375	0
64.375	-0
64.53125	0
64.53125	-0
64.6875	0
64.6875	-0
64.84375	0
64.84375	-0
65	0
65	-0
65.15625	0
65.15625	-0
65.3125	0
65.3125	-0
65.46875	0
65.46875	-0
65.625	0
65.625	-0
65.78125	0
65.78125	-0
65.9375	0
65.9375	-0
66.09375	0
66.09375	-0
66.25	0
66.25	-0
66.40625	0
66.40625	-0
66.5625	0
66.5625	-0
66.71875	0
66.71875	-0
66.875	0
66.875	-0
67.03125	0
67.03125	-0
67.1875	0
67.1875	-0
67.34375	0
67.34375	-0
67.5	0
67.5	-0
67.65625	0
67.65625	-0
67.8125	0
67.8125	-0
67.96875	0
67.96875	-0
68.125	0
68.125	-0
68.28125	0
68.28125	-0
68.4375	0
68.4375	-0
68.59375	0
68.59375	-0
68.75	0
68.75	-0
68.90625	0
68.90625	-0
69.0625	0
69.0625	-0
69.21875	0
69.21875	-0
69.375	0
69.375	-0
69.53125	0
69.53125	-0
69.6875	0
69.6875	-0
69.84375	0
69.84375	-0
70	0
70	-0
70.15625	0
70.15625	-0
70.3125	0
70.3125	-0
70.46875	0
70.46875	-0
70.625	0
70.625	-0
70.78125	0
70.78125	-0
70.9375	0
70.9375	-0
71.09375	0
71.09375	-0
71.25	0
71.25	-0
71.40625	0
71.40625	-0
71.5625	0
71.5625	-0
71.71875	0
71.71875	-0
71.875	0
71.875	-0
72.03125	0
72.03125	-0
72.1875	0
72.1875	-0
72.34375	0
72.34375	-0
72.5	0
72.5	-0
72.65625	0
72.65625	-0
72.8125	0
72.8125	-0
72.96875	0
72.96875	-0
73.125	0
73.125	-0
73.28125	0
73.28125	-0
73.4375	0
73.4375	-0
73.59375	0
73.59375	-0
73.75	0
73.75	-0
73.90625	0
73.90625	-0
74.0625	0
74.0625	-0
74.21875	0
74.21875	-0
74.375	0
74.375	-0
74.53125	0
74.53125	-0
74.6875	0
74.6875	-0
74.84375	0
74.84375	-0
75	0
75	-0
75.15625	0
75.15625	-0
75.3125	0
75.3125	-0
75.46875	0
75.46875	-0
75.625	0
75.625	-0
75.78125	0
75.78125	-0
75.9375	0
75.9375	-0
76.09375	0
76.09375	-0
76.25	0
76.25	-0
76.40625	0
76.40625	-0
76.5625	0
76.5625	-0
76.71875	0
76.71875	-0
76.875	0
76.875	-0
77.03125	0
77.03125	-0
77.1875	0
77.1875	-0
77.34375	0
77.34375	-0
77.5	0
77.5	-0
77.65625	0
77.65625	-0
77.8125	0
77.8125	-0
77.96875	0
77.96875	-0
78.125	0
78.125	-0
78.28125	0
78.28125	-0
78.4375	0
78.4375	-0
78.59375	0
78.59375	-0
78.75	0
78.75	-0
78.90625	0
78.90625	-0
79.0625	0
79.0625	-0
79.21875	0
79.21875	-0
79.375	0
79.375	-0
79.53125	0
79.53125	-0
79.6875	0
79.6875	-0
79.84375	0
79.84375	-0
80	0
80	-0
80.15625	0
80.15625	-0
80.3125	0
80.3125	-0
80.46875	0
80.46875	-0
80.625	0
80.625	-0
80.78125	0
80.78125	-0
80.9375	0
80.9375	-0
81.09375	0
81.09375	-0
81.25	0
81.25	-0
81.40625	0
81.40625	-0
81.5625	0
81.5625	-0
81.71875	0
81.71875	-0
81.875	0
81.875	-0
82.03125	0
82.03125	-0
82.1875	0
82.1875	-0
82.34375	0
82.34375	-0
82.5	0
82.5	-0
82.65625	0
82.65625	-0
82.8125	0
82.8125	-0
82.96875	0
82.96875	-0
83.125	0
83.125	-0
83.28125	0
83.28125	-0
83.4375	0
83.4375	-0
83.59375	0
83.59375	-0
83.75	0
83.75	-0
83.90625	0
83.90625	-0
84.0625	0
84.0625	-0
84.21875	0
84.21875	-0
84.375	0
84.375	-0
84.53125	0
84.53125	-0
84.6875	0
84.6875	-0
84.84375	0
84.84375	-0
85	0
85	-0
85.15625	0
85.15625	-0
85.3125	0
85.3125	-0
85.46875	0
85.46875	-0
85.625	0
85.625	-0
85.78125	0
85.78125	-0
85.9375	0
85.9375	-0
86.09375	0
86.09375	-0
86.25	0
86.25	-0
86.40625	0
86.40625	-0
86.5625	0
86.5625	-0
86.71875	0
86.71875	-0
86.875	0
86.875	-0
87.03125	0
87.03125	-0
87.1875	0
87.1875	-0
87.34375	0
87.34375	-0
87.5	0
87.5	-0
87.65625	0
87.65625	-0
87.8125	0
87.8125	-0
87.96875	0
87.96875	-0
88.125	0
88.125	-0
88.28125	0
88.28125	-0
88.4375	0
88.4375	-0
88.59375	0
88.59375	-0
88.75	0
88.75	-0
88.90625	0
88.90625	-0
89.0625	0
89.0625	-0
89.21875	0
89.21875	-0
89.375	0
89.375	-0
89.53125	0
89.53125	-0
89.6875	0
89.6875	-0
89.84375	0
89.84375	-0
90	0
90	-0
90.15625	0
90.15625	-0
90.3125	0
90.3125	-0
90.46875	0
90.46875	-0
90.625	0
90.625	-0
90.78125	0
90.78125	-0
90.9375	0
90.9375	-0
91.09375	0
91.09375	-0
91.25	0
91.25	-0
91.40625	0
91.40625	-0
91.5625	0
91.5625	-0
91.71875	0
91.71875	-0
91.875	0
91.875	-0
92.03125	0
92.03125	-0
92.1875	0
92.1875	-0
92.34375	0
92.34375	-0
92.5	0
92.5	-0
92.65625	0
92.65625	-0
92.8125	0
92.8125	-0
92.96875	0
92.96875	-0
93.125	0
93.125	-0
93.28125	0
93.28125	-0
93.4375	0
93.4375	-0
93.59375	0
93.59375	-0
93.75	0
93.75	-0
93.90625	0
93.90625	-0
94.0625	0
94.0625	-0
94.21875	0
94.21875	-0
94.375	0
94.375	-0
94.53125	0
94.53125	-0
94.6875	0
94.6875	-0
94.84375	0
94.84375	-0
95	0
95	-0
95.15625	0
95.15625	-0
95.3125	0
95.3125	-0
95.46875	0
95.46875	-0
95.625	0
95.625	-0
95.78125	0
95.78125	-0
95.9375	0
95.9375	-0
96.09375	0
96.09375	-0
96.25	0
96.25	-0
96.40625	0
96.40625	-0
96.5625	0
96.5625	-0
96.71875	0
96.71875	-0
96.875	0
96.875	-0
97.03125	0
97.03125	-0
97.1875	0
97.1875	-0
97.34375	0
97.34375	-0
97.5	0
97.5	-0
97.65625	0
97.65625	-0
97.8125	0
97.8125	-0
97.96875	0
97.96875	-0
98.125	0
98.125	-0
98.28125	0
98.28125	-0
98.4375	0
98.4375	-0
98.59375	0
98.59375	-0
98.75	0
98.75	-0
98.90625	0
98.90625	-0
99.0625	0
99.0625	-0
99.21875	0
99.21875	-0
99.375	0
99.375	-0
99.53125	0
99.53125	-0
99.6875	0
99.6875	-0
99.84375	0
99.84375	-0
100	0
