3	0
20
0	10
10	10
10	10
20	10
20	10
30	10
30	10
40	10
40	10
50	9
50	9
60	10
60	10
70	10
70	10
80	10
80	10
90	10
90	10
100	10
0	1.86521563861674e-15
10	-3.1086927310279e-15
10	5.59564691585022e-15
20	-6.83912400826137e-15
20	-1.22955408536091e-15
30	1.06660569806355e-14
30	1.38372260077487e-14
40	2.0082457483905e-14
40	1.94552808986784e-14
50	-5.13843878154554e-14
50	-5.26944197915441e-14
60	4.45576647480023e-15
60	6.94280103057142e-15
70	2.53462619982566e-14
70	3.13356227287612e-14
80	-1.21860755056293e-14
80	-4.60086524192129e-15
90	-3.73043127723349e-16
90	5.09825607888576e-15
100	-2.85999731254567e-15
0	0
10	0
10	0
20	0
20	0
30	0
30	0
40	-2.44921270764475e-16
40	-1.11022302462516e-16
50	1
50	1
60	4.9960036108132e-16
60	3.67381906146713e-16
70	0
70	0
80	0
80	0
90	0
90	0
100	0
