3	0
320
0	9.99999999999976
0.625	9.99999999999976
0.625	9.99999999999976
1.25	9.99999999999976
1.25	9.99999999999976
1.875	9.99999999999977
1.875	9.99999999999977
2.5	9.99999999999977
2.5	9.99999999999977
3.125	9.99999999999977
3.125	9.99999999999977
3.75	9.99999999999977
3.75	9.99999999999977
4.375	9.99999999999977
4.375	9.99999999999977
5	9.99999999999978
5	9.99999999999978
5.625	9.99999999999978
5.625	9.99999999999978
6.25	9.99999999999977
6.25	9.99999999999977
6.875	9.99999999999977
6.875	9.99999999999977
7.5	9.99999999999977
7.5	9.99999999999977
8.125	9.99999999999978
8.125	9.99999999999978
8.75	9.99999999999977
8.75	9.99999999999977
9.375	9.99999999999977
9.375	9.99999999999977
10	9.99999999999977
10	9.99999999999977
10.625	9.99999999999977
10.625	9.99999999999977
11.25	9.99999999999977
11.25	9.99999999999978
11.875	9.99999999999978
11.875	9.99999999999978
12.5	9.99999999999978
12.5	9.99999999999978
13.125	9.99999999999978
13.125	9.99999999999978
13.75	9.99999999999978
13.75	9.99999999999978
14.375	9.99999999999978
14.375	9.99999999999978
15	9.99999999999978
15	9.99999999999978
15.625	9.99999999999978
15.625	9.99999999999977
16.25	9.99999999999977
16.25	9.99999999999977
16.875	9.99999999999977
16.875	9.99999999999977
17.5	9.99999999999977
17.5	9.99999999999977
18.125	9.99999999999977
18.125	9.99999999999977
18.75	9.99999999999977
18.75	9.99999999999977
19.375	9.99999999999978
19.375	9.99999999999978
20	9.99999999999978
20	9.99999999999978
20.625	9.9999999999998
20.625	9.9999999999998
21.25	9.99999999999981
21.25	9.99999999999981
21.875	9.99999999999982
21.875	9.99999999999981
22.5	9.99999999999981
22.5	9.99999999999981
23.125	9.99999999999981
23.125	9.99999999999981
23.75	9.99999999999981
23.75	9.99999999999981
24.375	9.99999999999981
24.375	9.99999999999981
25	9.99999999999981
25	9.99999999999981
25.625	9.99999999999981
25.625	9.99999999999981
26.25	9.99999999999981
26.25	9.99999999999981
26.875	9.9999999999998
26.875	9.9999999999998
27.5	9.99999999999981
27.5	9.99999999999981
28.125	9.99999999999981
28.125	9.99999999999981
28.75	9.99999999999981
28.75	9.99999999999981
29.375	9.99999999999982
29.375	9.99999999999982
30	9.99999999999982
30	9.99999999999982
30.625	9.99999999999981
30.625	9.99999999999981
31.25	9.99999999999981
31.25	9.99999999999981
31.875	9.99999999999981
31.875	9.99999999999981
32.5	9.99999999999981
32.5	9.99999999999981
33.125	9.99999999999981
33.125	9.99999999999981
33.75	9.99999999999981
33.75	9.99999999999981
34.375	9.99999999999981
34.375	9.99999999999981
35	9.99999999999981
35	9.99999999999981
35.625	9.99999999999981
35.625	9.99999999999981
36.25	9.99999999999982
36.25	9.99999999999982
36.875	9.99999999999981
36.875	9.99999999999981
37.5	9.99999999999981
37.5	9.99999999999981
38.125	9.99999999999981
38.125	9.99999999999981
38.75	9.99999999999981
38.75	9.99999999999981
39.375	9.99999999999981
39.375	9.99999999999981
40	9.99999999999981
40	9.99999999999981
40.625	9.90198285967026
40.625	9.90198285967026
41.25	9.8049096779837
41.25	9.80490967798369
41.875	9.70971532274537
41.875	9.70971532274536
42.5	9.61731656763474
42.5	9.61731656763474
43.125	9.52860326317385
43.125	9.52860326317385
43.75	9.44442976698025
43.75	9.44442976698025
44.375	9.3656067158362
44.375	9.3656067158362
45	9.2928932188133
45	9.2928932188133
45.625	9.22698954663711
45.625	9.22698954663711
46.25	9.16853038769731
46.25	9.16853038769731
46.875	9.1180787356515
46.875	9.1180787356515
47.5	9.07612046748857
47.5	9.07612046748857
48.125	9.04305966426765
48.125	9.04305966426765
48.75	9.01921471959662
48.75	9.01921471959661
49.375	9.00481527332765
49.375	9.00481527332765
50	8.99999999999985
50	8.99999999999985
50.625	9.00481527332765
50.625	9.00481527332765
51.25	9.01921471959661
51.25	9.01921471959661
51.875	9.04305966426763
51.875	9.04305966426763
52.5	9.07612046748855
52.5	9.07612046748856
53.125	9.11807873565148
53.125	9.11807873565148
53.75	9.16853038769729
53.75	9.16853038769729
54.375	9.2269895466371
54.375	9.2269895466371
55	9.29289321881329
55	9.29289321881329
55.625	9.3656067158362
55.625	9.3656067158362
56.25	9.44442976698025
56.25	9.44442976698025
56.875	9.52860326317385
56.875	9.52860326317385
57.5	9.61731656763476
57.5	9.61731656763476
58.125	9.70971532274539
58.125	9.70971532274539
58.75	9.80490967798373
58.75	9.80490967798373
59.375	9.90198285967029
59.375	9.90198285967029
60	9.99999999999984
60	9.99999999999984
60.625	9.99999999999984
60.625	9.99999999999984
61.25	9.99999999999984
61.25	9.99999999999984
61.875	9.99999999999984
61.875	9.99999999999984
62.5	9.99999999999984
62.5	9.99999999999984
63.125	9.99999999999984
63.125	9.99999999999984
63.75	9.99999999999984
63.75	9.99999999999984
64.375	9.99999999999984
64.375	9.99999999999984
65	9.99999999999984
65	9.99999999999984
65.625	9.99999999999984
65.625	9.99999999999984
66.25	9.99999999999984
66.25	9.99999999999984
66.875	9.99999999999984
66.875	9.99999999999984
67.5	9.99999999999984
67.5	9.99999999999984
68.125	9.99999999999984
68.125	9.99999999999984
68.75	9.99999999999984
68.75	9.99999999999983
69.375	9.99999999999983
69.375	9.99999999999983
70	9.99999999999983
70	9.99999999999983
70.625	9.99999999999983
70.625	9.99999999999983
71.25	9.99999999999983
71.25	9.99999999999983
71.875	9.99999999999983
71.875	9.99999999999983
72.5	9.99999999999983
72.5	9.99999999999983
73.125	9.99999999999983
73.125	9.99999999999983
73.75	9.99999999999983
73.75	9.99999999999983
74.375	9.99999999999983
74.375	9.99999999999984
75	9.99999999999984
75	9.99999999999983
75.625	9.99999999999984
75.625	9.99999999999984
76.25	9.99999999999984
76.25	9.99999999999984
76.875	9.99999999999985
76.875	9.99999999999984
77.5	9.99999999999984
77.5	9.99999999999984
78.125	9.99999999999983
78.125	9.99999999999983
78.75	9.99999999999983
78.75	9.99999999999983
79.375	9.99999999999982
79.375	9.99999999999982
80	9.99999999999982
80	9.99999999999982
80.625	9.99999999999982
80.625	9.99999999999982
81.25	9.99999999999982
81.25	9.99999999999982
81.875	9.99999999999982
81.875	9.99999999999982
82.5	9.99999999999982
82.5	9.99999999999982
83.125	9.99999999999981
83.125	9.99999999999982
83.75	9.9999999999998
83.75	9.9999999999998
84.375	9.9999999999998
84.375	9.9999999999998
85	9.9999999999998
85	9.99999999999979
85.625	9.9999999999998
85.625	9.9999999999998
86.25	9.9999999999998
86.25	9.9999999999998
86.875	9.9999999999998
86.875	9.9999999999998
87.5	9.9999999999998
87.5	9.9999999999998
88.125	9.9999999999998
88.125	9.9999999999998
88.75	9.99999999999979
88.75	9.99999999999979
89.375	9.99999999999979
89.375	9.99999999999979
90	9.99999999999979
90	9.99999999999979
90.625	9.99999999999979
90.625	9.99999999999979
91.25	9.99999999999978
91.25	9.99999999999978
91.875	9.99999999999977
91.875	9.99999999999977
92.5	9.99999999999976
92.5	9.99999999999976
93.125	9.99999999999975
93.125	9.99999999999975
93.75	9.99999999999975
93.75	9.99999999999975
94.375	9.99999999999975
94.375	9.99999999999975
95	9.99999999999975
95	9.99999999999975
95.625	9.99999999999975
95.625	9.99999999999976
96.25	9.99999999999976
96.25	9.99999999999976
96.875	9.99999999999976
96.875	9.99999999999976
97.5	9.99999999999976
97.5	9.99999999999976
98.125	9.99999999999976
98.125	9.99999999999976
98.75	9.99999999999976
98.75	9.99999999999976
99.375	9.99999999999976
99.375	9.99999999999976
100	9.99999999999976
0	-1.38305662085035e-13
0.625	-1.18658930740657e-13
0.625	-1.22575831902822e-13
1.25	-1.3675147075631e-13
1.25	-1.32896795127694e-13
1.875	-7.96446560900051e-14
1.875	-8.09036895658042e-14
2.5	-3.09334306335756e-15
2.5	-1.98800770951915e-14
3.125	-1.01731982542622e-13
3.125	-1.09006271854297e-13
3.75	-5.14333858335188e-14
3.75	-4.81537796009462e-14
4.375	4.41429199912933e-15
4.375	6.99520463141936e-16
5	4.84799468627876e-14
5	6.12878642724808e-14
5.625	-6.25313413648971e-14
5.625	-5.05938579198909e-14
6.25	-6.34640008631349e-14
6.25	-5.71067113084507e-14
6.875	-9.78305344059883e-14
6.875	-8.83179863279725e-14
7.5	-7.20905585930783e-14
7.5	-5.72311623755525e-14
8.125	-5.55523132640101e-14
8.125	-4.63815921890834e-14
8.75	5.75110739186006e-15
8.75	-6.68097622798472e-16
9.375	-2.91440331125912e-14
9.375	-5.05784048943674e-14
10	-6.90155625753678e-15
10	-4.50825044669806e-16
10.625	-3.57486744345782e-16
10.625	-3.46617947537305e-15
11.25	2.88331121605412e-14
11.25	4.2107100924708e-14
11.875	-6.82823453989133e-14
11.875	-5.69978166247466e-14
12.5	-5.89875866883222e-14
12.5	-5.00501080063495e-14
13.125	-1.07312073075097e-13
13.125	-9.55611628728827e-14
13.75	-8.09192459492065e-14
13.75	-7.75464047741668e-14
14.375	-1.35367986213429e-13
14.375	-1.37652914129932e-13
15	-9.16442617107195e-14
15	-8.91261947591209e-14
15.625	-8.5737590484979e-14
15.625	-9.31206711225082e-14
16.25	-3.32475075175575e-14
16.25	-4.10347440495876e-14
16.875	-4.94258888717383e-15
16.875	-1.59320631662721e-14
17.5	-1.30410564448105e-14
17.5	-2.33618129539623e-14
18.125	-1.65850178371098e-14
18.125	-2.52115755670543e-14
18.75	2.08593023857083e-14
18.75	2.63307049501779e-14
19.375	7.15308388646766e-14
19.375	7.29918986087956e-14
20	1.12690033981345e-13
20	1.15503258785875e-13
20.625	1.82433232408653e-13
20.625	1.86723176698538e-13
21.25	8.66235808330132e-14
21.25	8.56754683092454e-14
21.875	-3.60618692587655e-15
21.875	1.74097128720768e-15
22.5	7.51059130237498e-14
22.5	8.48673632359647e-14
23.125	1.88013736372541e-13
23.125	1.92770165448339e-13
23.75	2.4058170461476e-13
23.75	2.27680655620456e-13
24.375	2.15463467348051e-13
24.375	2.20701627519567e-13
25	1.85449103628639e-13
25	1.96873639853289e-13
25.625	2.25970797099993e-13
25.625	2.35607899602971e-13
26.25	2.9178195141318e-13
26.25	2.95341262473152e-13
26.875	3.28759993565813e-13
26.875	3.34728373535808e-13
27.5	2.55208065155043e-13
27.5	2.60756836205015e-13
28.125	2.65886721839968e-13
28.125	2.81290074686762e-13
28.75	2.76626880553433e-13
28.75	2.80030834495246e-13
29.375	3.61634044524193e-13
29.375	3.51670671401516e-13
30	3.52603847689047e-13
30	3.84825460765882e-13
30.625	4.1292762962294e-13
30.625	4.01394302072434e-13
31.25	3.77892688383722e-13
31.25	3.80623152525897e-13
31.875	4.01653575128892e-13
31.875	4.09417477085837e-13
32.5	3.9254248685695e-13
32.5	3.91661578612146e-13
33.125	2.947842388332e-13
33.125	2.9123799478391e-13
33.75	3.61307670546634e-13
33.75	3.56784690579506e-13
34.375	3.41987209821955e-13
34.375	3.43572720633177e-13
35	2.66352896552302e-13
35	2.65824186232847e-13
35.625	2.62684484092903e-13
35.625	2.56047282995102e-13
36.25	1.9894088176023e-13
36.25	2.08049480659467e-13
36.875	2.56389523429628e-13
36.875	2.49705653181666e-13
37.5	2.98419049153126e-13
37.5	2.84429880184573e-13
38.125	3.5754633321835e-13
38.125	3.46997313061653e-13
38.75	3.67312762175977e-13
38.75	3.72227141100492e-13
39.375	3.3821788758626e-13
39.375	3.42823695249545e-13
40	1.55597528821457e-13
40	1.61124647502709e-13
40.625	1.89431247138912e-13
40.625	1.80353656973515e-13
41.25	6.61593303549165e-15
41.25	-5.31840839245532e-15
41.875	-8.3429466790707e-14
41.875	-8.29748105378146e-14
42.5	-3.01016603542482e-14
42.5	-2.5528161585988e-14
43.125	1.74465150266538e-14
43.125	2.09008885343394e-14
43.75	6.81595727594856e-14
43.75	6.95459828240054e-14
44.375	1.28853636263446e-13
44.375	1.39614829292347e-13
45	7.86681705127015e-14
45	9.15314836822249e-14
45.625	1.0111754806464e-13
45.625	1.04730356993979e-13
46.25	1.39242320419639e-13
46.25	1.34026616267004e-13
46.875	1.88035539099236e-13
46.875	1.85791009530103e-13
47.5	1.50696901770551e-13
47.5	1.50973075792829e-13
48.125	1.82128548443148e-13
48.125	1.90199136419308e-13
48.75	2.3634747406985e-13
48.75	2.25298496517643e-13
49.375	5.71198040485775e-14
49.375	6.04583990743774e-14
50	2.07833443299837e-14
50	2.31774586330703e-14
50.625	6.48534977514194e-14
50.625	6.74773620266401e-14
51.25	2.35339589766986e-14
51.25	2.63616192724484e-14
51.875	-1.02698544556056e-14
51.875	-1.45808565859857e-14
52.5	9.03613696805015e-15
52.5	1.24724783582202e-14
53.125	4.79757953966423e-14
53.125	4.05179947661809e-14
53.75	4.09363935394242e-14
53.75	4.20075803881983e-14
54.375	1.27298367598263e-13
54.375	1.28069984353019e-13
55	-2.10682031524132e-14
55	-2.08717918486464e-14
55.625	-1.61599570773086e-13
55.625	-1.51885230613339e-13
56.25	-2.03834555850948e-13
56.25	-1.95595956079077e-13
56.875	-1.74802619430968e-13
56.875	-1.66454186972859e-13
57.5	-1.28900420834239e-13
57.5	-1.20152953145244e-13
58.125	-1.58464080250895e-13
58.125	-1.50104851250267e-13
58.75	-2.39823001812283e-13
58.75	-2.2642013148554e-13
59.375	-2.13619583546669e-13
59.375	-2.10533572557793e-13
60	-1.50048570020725e-13
60	-1.60179556183564e-13
60.625	-2.87449591628634e-13
60.625	-2.88020304011324e-13
61.25	-3.37697368889936e-13
61.25	-3.41738721119201e-13
61.875	-2.94175463939827e-13
61.875	-2.8792727578457e-13
62.5	-2.26965578773929e-13
62.5	-2.22872578649089e-13
63.125	-2.64047123433426e-13
63.125	-2.89934574814946e-13
63.75	-1.99523936063687e-13
63.75	-2.14888397952012e-13
64.375	-2.99662422887677e-13
64.375	-3.09827925636533e-13
65	-2.35747596979885e-13
65	-2.44731951527739e-13
65.625	-2.1122008885047e-13
65.625	-2.24851771074688e-13
66.25	-2.74217708285553e-13
66.25	-2.72880996250676e-13
66.875	-2.44964883847115e-13
66.875	-2.41638608464382e-13
67.5	-1.97122335271779e-13
67.5	-1.84656451580894e-13
68.125	-1.20741522315243e-13
68.125	-1.28710146628932e-13
68.75	-9.69704713635306e-14
68.75	-9.76284047797803e-14
69.375	-1.3516067112608e-13
69.375	-1.43776961291621e-13
70	-1.76014234109705e-13
70	-1.80692777910705e-13
70.625	-1.254201694741e-13
70.625	-1.27611862448135e-13
71.25	-2.0613738915497e-13
71.25	-1.98862996485434e-13
71.875	-1.58388075522096e-13
71.875	-1.49310589389638e-13
72.5	-2.22862207726829e-13
72.5	-2.17577378405153e-13
73.125	-2.92807639138169e-13
73.125	-2.84165835098413e-13
73.75	-3.70245149228607e-13
73.75	-3.50551852091926e-13
74.375	-3.06967928323985e-13
74.375	-2.97843876399219e-13
75	-3.19355926740073e-13
75	-3.21407715621482e-13
75.625	-2.5522382825415e-13
75.625	-2.52721317685943e-13
76.25	-2.26483847678209e-13
76.25	-2.32281624220238e-13
76.875	-2.40612817381534e-13
76.875	-2.44032431064592e-13
77.5	-2.13877853178975e-13
77.5	-2.16799972667212e-13
78.125	-1.43590388048828e-13
78.125	-1.33844700935716e-13
78.75	-4.86353039809177e-14
78.75	-3.3060934274722e-14
79.375	1.62429841183102e-14
79.375	8.08518504745406e-16
80	-6.95415855903858e-14
80	-6.29976194350581e-14
80.625	-2.09137393918004e-13
80.625	-1.96267250974756e-13
81.25	-2.49084017993314e-13
81.25	-2.45757742610582e-13
81.875	-2.49612418239198e-13
81.875	-2.50218703759876e-13
82.5	-2.94766089719254e-13
82.5	-3.02211395890329e-13
83.125	-2.13396225441114e-13
83.125	-2.098520573331e-13
83.75	-1.75065811512363e-13
83.75	-1.74257706439082e-13
84.375	-1.5184379929319e-13
84.375	-1.6104583985061e-13
85	-1.42984205886016e-13
85	-1.40155528055963e-13
85.625	-2.28535739917482e-13
85.625	-2.31271286162927e-13
86.25	-1.81221074798732e-13
86.25	-1.75640984266269e-13
86.875	-1.48813198552681e-13
86.875	-1.27969349192477e-13
87.5	-1.2915060075134e-13
87.5	-1.26803654017002e-13
88.125	-7.10956735612661e-14
88.125	-6.47540437478288e-14
88.75	6.52840977196394e-15
88.75	1.10826058637238e-14
89.375	-3.31231598082819e-14
89.375	-3.13357260866035e-14
90	2.78851029946589e-14
90	3.31232631661731e-14
90.625	4.73920336042672e-14
90.625	4.38792883366002e-14
91.25	8.8457993778469e-14
91.25	8.16344261535959e-14
91.875	6.69304904120852e-14
91.875	7.88210979912123e-14
92.5	1.21037093599642e-13
92.5	1.14493230802167e-13
93.125	9.70847582241267e-14
93.125	9.90431054473513e-14
93.75	4.82468078277077e-14
93.75	5.56143320818485e-14
94.375	1.10638451815688e-13
94.375	9.58412811317132e-14
95	5.44952026986771e-14
95	6.14586744161793e-14
95.625	1.41352335998243e-13
95.625	1.45984003933363e-13
96.25	1.79029588540441e-13
96.25	1.69066215417764e-13
96.875	1.46590289454037e-13
96.875	1.42424899589106e-13
97.5	2.1115796667481e-13
97.5	2.03666094711427e-13
98.125	1.43419577905176e-13
98.125	1.37621698005288e-13
98.75	8.98723843724154e-14
98.75	8.19451403899012e-14
99.375	-3.99156146663937e-14
99.375	-4.60086524192085e-14
100	-1.36533784746742e-13
0	0
0.625	0
0.625	0
1.25	0
1.25	0
1.875	0
1.875	0
2.5	0
2.5	0
3.125	0
3.125	0
3.75	0
3.75	0
4.375	0
4.375	0
5	0
5	0
5.625	0
5.625	0
6.25	0
6.25	0
6.875	0
6.875	0
7.5	0
7.5	0
8.125	0
8.125	0
8.75	0
8.75	0
9.375	0
9.375	0
10	0
10	0
10.625	0
10.625	0
11.25	0
11.25	0
11.875	0
11.875	0
12.5	0
12.5	0
13.125	0
13.125	0
13.75	0
13.75	0
14.375	0
14.375	0
15	0
15	0
15.625	0
15.625	0
16.25	0
16.25	0
16.875	0
16.875	0
17.5	0
17.5	0
18.125	0
18.125	0
18.75	0
18.75	0
19.375	0
19.375	0
20	0
20	0
20.625	0
20.625	0
21.25	0
21.25	0
21.875	0
21.875	0
22.5	0
22.5	0
23.125	0
23.125	0
23.75	0
23.75	0
24.375	0
24.375	0
25	0
25	0
25.625	0
25.625	0
26.25	0
26.25	0
26.875	0
26.875	0
27.5	0
27.5	0
28.125	0
28.125	0
28.75	0
28.75	0
29.375	0
29.375	0
30	0
30	0
30.625	0
30.625	0
31.25	0
31.25	0
31.875	0
31.875	0
32.5	0
32.5	0
33.125	0
33.125	0
33.75	0
33.75	0
34.375	0
34.375	0
35	0
35	0
35.625	0
35.625	0
36.25	0
36.25	0
36.875	0
36.875	0
37.5	0
37.5	0
38.125	0
38.125	0
38.75	0
38.75	0
39.375	0
39.375	0
40	-2.44921270764475e-16
40	-2.4980018054066e-16
40.625	0.0980171403295609
40.625	0.0980171403295609
41.25	0.195090322016128
41.25	0.195090322016128
41.875	0.290284677254462
41.875	0.290284677254462
42.5	0.38268343236509
42.5	0.38268343236509
43.125	0.471396736825998
43.125	0.471396736825998
43.75	0.555570233019602
43.75	0.555570233019602
44.375	0.634393284163646
44.375	0.634393284163646
45	0.707106781186547
45	0.707106781186547
45.625	0.773010453362737
45.625	0.773010453362737
46.25	0.831469612302545
46.25	0.831469612302545
46.875	0.881921264348355
46.875	0.881921264348355
47.5	0.923879532511287
47.5	0.923879532511287
48.125	0.956940335732209
48.125	0.956940335732209
48.75	0.98078528040323
48.75	0.98078528040323
49.375	0.995184726672197
49.375	0.995184726672197
50	1
50	1
50.625	0.995184726672197
50.625	0.995184726672197
51.25	0.980785280403231
51.25	0.980785280403231
51.875	0.956940335732209
51.875	0.956940335732209
52.5	0.923879532511287
52.5	0.923879532511287
53.125	0.881921264348355
53.125	0.881921264348355
53.75	0.831469612302546
53.75	0.831469612302545
54.375	0.773010453362737
54.375	0.773010453362738
55	0.707106781186547
55	0.707106781186547
55.625	0.634393284163645
55.625	0.634393284163645
56.25	0.555570233019602
56.25	0.555570233019602
56.875	0.471396736825998
56.875	0.471396736825998
57.5	0.382683432365091
57.5	0.382683432365091
58.125	0.290284677254462
58.125	0.290284677254462
58.75	0.195090322016128
58.75	0.195090322016128
59.375	0.0980171403295606
59.375	0.0980171403295606
60	3.67761376907083e-16
60	3.67381906146713e-16
60.625	0
60.625	0
61.25	0
61.25	0
61.875	0
61.875	0
62.5	0
62.5	0
63.125	0
63.125	0
63.75	0
63.75	0
64.375	0
64.375	0
65	0
65	0
65.625	0
65.625	0
66.25	0
66.25	0
66.875	0
66.875	0
67.5	0
67.5	0
68.125	0
68.125	0
68.75	0
68.75	0
69.375	0
69.375	0
70	0
70	0
70.625	0
70.625	0
71.25	0
71.25	0
71.875	0
71.875	0
72.5	0
72.5	0
73.125	0
73.125	0
73.75	0
73.75	0
74.375	0
74.375	0
75	0
75	0
75.625	0
75.625	0
76.25	0
76.25	0
76.875	0
76.875	0
77.5	0
77.5	0
78.125	0
78.125	0
78.75	0
78.75	0
79.375	0
79.375	0
80	0
80	0
80.625	0
80.625	0
81.25	0
81.25	0
81.875	0
81.875	0
82.5	0
82.5	0
83.125	0
83.125	0
83.75	0
83.75	0
84.375	0
84.375	0
85	0
85	0
85.625	0
85.625	0
86.25	0
86.25	0
86.875	0
86.875	0
87.5	0
87.5	0
88.125	0
88.125	0
88.75	0
88.75	0
89.375	0
89.375	0
90	0
90	0
90.625	0
90.625	0
91.25	0
91.25	0
91.875	0
91.875	0
92.5	0
92.5	0
93.125	0
93.125	0
93.75	0
93.75	0
94.375	0
94.375	0
95	0
95	0
95.625	0
95.625	0
96.25	0
96.25	0
96.875	0
96.875	0
97.5	0
97.5	0
98.125	0
98.125	0
98.75	0
98.75	0
99.375	0
99.375	0
100	0
